188
0 1
0 3
0 6
0 7
0 9
0 12
0 32
0 33
0 59
0 181
1 2
1 5
1 13
2 15
2 18
2 36
2 68
3 4
3 26
3 46
3 74
3 175
4 21
4 23
4 54
4 89
5 8
5 19
5 24
5 35
5 43
6 10
6 14
6 85
6 86
6 185
7 47
7 50
7 61
7 84
7 111
7 154
7 160
8 11
8 45
8 62
9 16
9 25
9 53
10 31
10 98
11 40
11 77
11 88
11 96
12 17
12 41
12 83
13 42
13 49
13 86
13 182
14 31
14 41
14 105
14 116
14 144
14 182
15 17
15 34
15 63
15 116
15 163
15 169
16 22
16 82
16 97
16 150
16 154
17 37
17 77
17 150
17 161
17 176
18 35
18 38
18 39
18 75
18 92
19 20
19 53
19 104
19 118
19 132
20 28
20 29
20 44
20 78
20 152
21 31
21 47
21 69
21 93
21 115
22 65
22 106
23 61
23 127
23 130
23 168
24 85
24 120
24 170
25 27
25 30
25 71
25 77
26 57
26 101
27 30
27 76
27 139
27 159
27 177
28 48
28 53
28 124
28 184
29 91
29 95
29 143
29 164
29 182
30 31
30 37
30 63
30 67
30 108
30 121
31 39
31 150
32 76
32 185
33 90
33 97
33 123
34 113
35 55
35 119
35 174
36 45
36 103
36 149
36 152
37 53
37 80
37 94
37 180
38 64
38 130
38 161
39 82
39 98
39 113
39 128
39 137
39 179
40 58
40 156
41 52
41 138
42 44
42 45
42 70
42 71
42 73
42 99
43 74
44 64
44 114
44 167
44 183
46 114
46 170
47 78
47 88
47 128
47 138
47 159
48 51
48 60
48 66
48 118
48 170
49 64
49 83
49 110
49 137
50 140
51 129
51 165
52 85
52 95
52 120
52 124
53 56
53 155
54 56
54 58
54 65
54 104
55 68
55 86
55 102
55 117
55 132
56 65
56 101
56 107
57 75
57 108
57 167
58 89
58 94
58 123
58 124
58 161
59 131
59 133
59 186
60 80
60 159
60 173
61 109
62 74
62 147
62 186
63 103
63 109
63 157
64 72
64 79
64 166
65 110
65 113
65 123
65 153
66 74
66 104
66 137
66 139
66 141
67 75
67 99
67 169
68 71
68 81
68 172
69 73
69 145
70 76
70 155
71 88
71 125
71 161
71 177
71 182
72 75
72 100
72 140
72 162
73 158
73 179
74 91
74 124
76 141
76 155
77 170
78 86
78 116
79 92
79 135
80 106
80 126
80 149
81 85
81 100
81 107
81 127
81 130
82 132
83 87
83 133
84 115
84 187
85 102
85 128
86 132
87 89
87 126
87 132
87 142
88 89
88 110
90 107
93 96
93 119
93 160
94 102
94 114
94 117
94 133
94 165
95 151
96 107
96 112
97 119
97 145
97 181
97 183
98 123
98 148
99 148
99 158
99 178
101 123
101 147
103 139
103 170
104 140
105 134
105 146
107 175
108 114
109 125
109 134
110 123
110 160
110 177
111 115
111 121
111 143
111 149
111 172
111 174
112 134
112 136
112 167
114 127
114 174
116 144
117 121
117 167
118 122
118 136
118 165
119 173
119 177
120 127
120 156
122 183
122 185
124 148
125 135
125 136
126 136
126 171
126 184
127 145
128 153
128 157
128 186
129 166
131 154
131 161
132 143
134 171
135 143
135 163
135 166
137 146
138 151
138 162
139 155
139 183
140 148
140 149
141 187
142 173
143 166
143 169
144 150
144 165
145 171
145 185
146 168
149 162
151 158
155 164
156 175
157 186
158 178
158 181
161 169
161 185
162 182
162 186
163 165
173 178
175 180
176 187
