188
0 1
0 2
0 11
0 30
0 34
0 46
0 72
0 117
1 4
1 8
1 12
1 184
2 3
2 5
2 78
2 112
2 150
3 28
4 6
4 7
4 59
4 77
4 103
4 132
5 18
5 24
5 65
5 91
5 187
6 21
6 86
7 9
7 10
7 139
8 23
8 41
8 179
9 16
9 35
9 167
9 173
10 47
10 50
10 55
10 58
10 67
11 14
11 42
11 95
11 134
12 13
12 15
12 17
12 19
12 39
12 51
12 106
12 165
12 181
13 16
13 61
13 86
13 104
14 25
14 45
14 54
15 20
15 29
15 78
15 155
16 33
16 44
17 186
18 22
18 26
18 83
18 104
18 126
19 52
19 108
19 166
20 60
20 80
20 107
20 146
21 89
22 79
22 154
22 172
23 132
23 187
25 27
25 141
25 155
26 29
26 48
27 40
27 49
28 69
28 114
28 160
28 168
29 32
29 104
29 119
29 131
29 142
30 31
30 100
30 145
30 147
31 37
31 61
31 114
31 140
31 145
32 56
32 80
32 123
32 126
32 159
33 36
33 57
33 181
34 41
34 76
34 79
34 111
35 84
35 136
35 143
36 101
36 130
37 38
37 101
37 119
37 124
37 162
38 76
38 92
39 62
39 71
40 43
40 72
40 146
41 98
41 187
42 107
42 184
43 102
44 56
44 88
44 123
44 172
44 180
44 183
45 95
45 176
45 177
46 74
46 115
46 124
47 53
47 60
48 73
48 75
48 81
48 85
48 113
48 167
49 70
50 93
50 173
50 175
51 64
51 107
51 129
52 63
52 112
52 114
52 170
53 56
53 82
54 85
54 109
54 167
55 89
56 112
57 59
57 68
57 81
57 121
57 165
58 117
58 143
58 144
59 103
59 140
60 111
61 152
62 90
62 97
63 99
64 66
65 163
66 87
66 130
66 131
67 108
67 133
67 171
68 99
69 146
69 154
70 79
70 138
70 142
71 110
72 94
72 140
73 84
75 164
76 110
76 148
77 88
77 118
77 141
78 100
79 172
80 116
80 122
80 127
80 160
81 99
81 125
81 184
82 133
84 123
84 179
85 163
85 186
86 135
87 115
87 137
87 156
88 143
88 151
88 169
89 91
89 95
89 134
89 137
90 96
90 187
92 183
93 138
94 105
94 158
94 159
94 182
95 102
96 105
96 121
97 139
97 154
97 161
98 100
98 121
101 164
101 166
102 175
104 110
104 139
105 185
107 124
108 157
109 125
111 128
111 138
112 130
113 125
113 148
114 164
115 119
115 147
116 118
116 120
116 174
116 176
117 182
119 156
119 174
120 140
120 157
121 165
121 169
122 128
122 152
122 160
124 144
124 180
125 178
126 185
127 149
131 147
132 155
132 169
132 171
133 153
134 149
136 147
137 143
137 156
137 169
139 158
140 178
141 159
141 172
142 161
142 170
142 171
143 151
145 157
150 176
152 155
154 160
158 176
158 178
161 180
162 184
167 175
168 174
175 178
177 180
