188
0 1
0 20
0 76
1 2
1 48
2 3
2 12
2 36
2 54
2 82
3 4
3 6
3 7
3 43
3 99
3 167
3 187
4 5
4 9
4 10
4 11
4 62
4 132
4 183
5 13
5 74
5 96
5 176
6 8
6 99
6 170
7 23
7 27
7 28
7 46
7 50
7 63
7 114
7 131
8 31
8 37
8 97
8 98
9 26
9 186
10 14
10 74
10 100
10 108
10 185
10 186
11 40
11 56
11 70
11 107
11 180
12 34
12 59
12 65
12 121
13 26
13 58
14 15
14 16
14 24
14 35
14 135
15 17
15 22
15 111
15 171
16 19
16 64
16 78
17 18
17 132
17 154
18 99
19 21
19 39
19 55
19 74
19 181
20 41
20 87
20 133
20 140
21 25
21 30
21 32
21 47
22 32
22 60
22 123
22 146
22 182
23 130
23 184
24 29
25 114
25 136
25 177
26 42
26 153
27 44
27 73
27 163
28 168
28 174
29 53
29 103
29 112
29 124
30 33
30 52
30 86
31 61
31 68
31 91
31 115
32 141
32 160
33 34
33 91
33 142
33 160
34 57
34 148
34 163
35 151
35 182
35 185
36 38
36 168
37 50
37 144
38 69
38 178
39 162
40 45
40 50
40 58
40 69
41 71
41 109
41 118
42 57
42 104
42 132
42 158
43 82
43 98
43 140
43 141
44 97
44 148
45 117
45 126
46 49
46 73
46 119
46 170
47 77
47 122
48 51
48 66
48 75
48 120
49 61
49 96
49 151
51 73
51 104
51 183
52 71
52 79
53 85
53 186
56 120
56 157
57 81
57 88
57 110
57 113
57 152
59 64
59 67
60 72
61 85
62 149
63 107
63 175
63 180
64 92
65 98
65 116
65 144
67 164
68 80
68 86
69 179
70 83
70 84
70 105
70 185
71 138
71 148
72 90
72 116
72 166
73 184
75 158
76 89
76 129
77 125
78 93
78 157
78 175
79 128
80 106
80 154
80 168
80 169
81 187
82 148
82 172
83 106
83 121
83 137
83 141
84 88
84 125
84 178
85 102
85 137
86 120
87 105
87 155
88 95
88 105
89 121
89 159
90 94
91 159
93 101
93 118
93 127
93 150
94 95
94 140
94 187
95 124
96 126
97 147
100 115
100 146
101 113
101 134
101 138
101 156
102 185
103 128
104 120
105 150
106 178
107 128
107 135
107 182
108 143
108 170
109 161
111 125
112 132
112 134
113 184
114 123
115 119
115 131
116 139
117 123
117 129
117 136
118 130
118 150
121 173
122 145
122 158
123 167
124 129
125 173
126 127
126 145
127 174
128 139
129 157
131 136
134 160
138 173
139 149
139 172
140 143
140 162
142 145
142 169
144 177
145 160
145 169
147 186
149 166
151 184
152 170
153 165
155 182
157 175
158 176
159 165
163 178
163 183
171 180
