180
0 1
0 2
0 3
0 4
0 5
0 6
0 7
0 10
0 11
0 15
0 16
0 18
0 19
0 21
0 28
0 29
0 31
0 32
0 35
0 38
0 39
0 43
0 44
0 46
0 47
0 48
0 50
0 52
0 54
0 55
0 56
0 57
0 58
0 59
0 60
0 63
0 64
0 66
0 67
0 68
0 69
0 71
0 72
0 74
0 76
0 79
0 80
0 84
0 85
0 86
0 87
0 89
0 90
0 92
0 93
0 95
0 97
0 98
0 99
0 101
0 102
0 104
0 105
0 106
0 108
0 110
0 112
0 115
0 116
0 117
0 118
0 120
0 123
0 124
0 125
0 126
0 127
0 130
0 132
0 133
0 134
0 135
0 136
0 138
0 139
0 142
0 143
0 147
0 149
0 151
0 152
0 153
0 155
0 156
0 158
0 160
0 161
0 163
0 164
0 166
0 168
0 173
0 175
0 176
1 2
1 4
1 6
1 8
1 9
1 10
1 12
1 14
1 16
1 18
1 19
1 20
1 21
1 23
1 24
1 25
1 26
1 27
1 28
1 29
1 31
1 32
1 33
1 34
1 35
1 36
1 40
1 43
1 44
1 47
1 49
1 51
1 53
1 54
1 56
1 57
1 58
1 60
1 61
1 62
1 63
1 66
1 67
1 68
1 69
1 70
1 71
1 72
1 73
1 74
1 76
1 78
1 79
1 81
1 82
1 87
1 89
1 90
1 91
1 92
1 93
1 94
1 96
1 97
1 100
1 101
1 105
1 106
1 107
1 110
1 112
1 113
1 116
1 119
1 122
1 123
1 124
1 127
1 130
1 131
1 132
1 133
1 137
1 138
1 139
1 140
1 141
1 144
1 146
1 147
1 148
1 150
1 151
1 152
1 153
1 156
1 157
1 158
1 160
1 161
1 166
1 167
1 169
1 170
1 172
1 173
1 174
1 175
1 177
1 178
1 179
2 6
2 7
2 8
2 10
2 11
2 12
2 13
2 14
2 15
2 16
2 17
2 19
2 20
2 21
2 26
2 27
2 30
2 33
2 37
2 38
2 39
2 40
2 41
2 43
2 44
2 45
2 46
2 47
2 48
2 50
2 53
2 55
2 56
2 59
2 60
2 61
2 62
2 66
2 69
2 70
2 71
2 73
2 77
2 78
2 79
2 80
2 81
2 82
2 83
2 84
2 85
2 87
2 88
2 89
2 91
2 93
2 101
2 105
2 107
2 108
2 109
2 110
2 113
2 114
2 115
2 121
2 125
2 126
2 127
2 128
2 129
2 130
2 133
2 134
2 135
2 137
2 138
2 139
2 140
2 142
2 143
2 146
2 147
2 148
2 149
2 150
2 151
2 153
2 154
2 156
2 157
2 166
2 167
2 168
2 169
2 172
2 175
2 179
3 4
3 6
3 8
3 9
3 13
3 14
3 15
3 16
3 18
3 20
3 22
3 24
3 25
3 28
3 29
3 30
3 31
3 32
3 33
3 34
3 36
3 39
3 40
3 41
3 44
3 45
3 46
3 48
3 49
3 50
3 51
3 52
3 53
3 54
3 56
3 57
3 58
3 61
3 63
3 64
3 65
3 67
3 72
3 76
3 77
3 78
3 83
3 84
3 85
3 87
3 88
3 90
3 92
3 93
3 95
3 96
3 97
3 99
3 100
3 101
3 103
3 104
3 107
3 109
3 110
3 111
3 116
3 117
3 122
3 123
3 125
3 126
3 127
3 128
3 129
3 130
3 132
3 134
3 136
3 137
3 138
3 139
3 142
3 143
3 144
3 145
3 146
3 147
3 149
3 150
3 152
3 153
3 154
3 155
3 159
3 162
3 165
3 166
3 167
3 169
3 170
3 171
3 172
3 174
3 177
4 5
4 6
4 8
4 10
4 11
4 14
4 15
4 16
4 18
4 19
4 20
4 21
4 22
4 23
4 24
4 25
4 26
4 27
4 29
4 30
4 32
4 33
4 34
4 36
4 38
4 39
4 41
4 46
4 48
4 57
4 59
4 60
4 61
4 62
4 65
4 67
4 68
4 69
4 71
4 72
4 74
4 76
4 77
4 78
4 79
4 82
4 83
4 84
4 85
4 86
4 87
4 88
4 91
4 92
4 93
4 96
4 97
4 98
4 101
4 104
4 105
4 109
4 112
4 115
4 117
4 118
4 121
4 122
4 123
4 124
4 125
4 126
4 128
4 129
4 131
4 134
4 135
4 136
4 138
4 139
4 142
4 143
4 144
4 145
4 146
4 148
4 149
4 150
4 151
4 152
4 153
4 154
4 158
4 161
4 163
4 164
4 166
4 167
4 168
4 169
4 172
4 178
5 6
5 7
5 10
5 11
5 12
5 14
5 18
5 19
5 20
5 21
5 22
5 23
5 24
5 25
5 27
5 28
5 29
5 30
5 33
5 34
5 35
5 38
5 40
5 41
5 46
5 47
5 48
5 49
5 50
5 51
5 52
5 54
5 55
5 56
5 57
5 59
5 60
5 62
5 63
5 64
5 66
5 67
5 69
5 71
5 75
5 77
5 78
5 80
5 81
5 82
5 87
5 88
5 89
5 90
5 92
5 94
5 95
5 96
5 98
5 100
5 102
5 104
5 106
5 107
5 108
5 112
5 113
5 115
5 116
5 117
5 118
5 119
5 120
5 124
5 126
5 127
5 129
5 130
5 131
5 132
5 135
5 136
5 137
5 139
5 142
5 143
5 144
5 146
5 147
5 148
5 150
5 151
5 152
5 155
5 156
5 158
5 160
5 162
5 163
5 164
5 166
5 167
5 168
5 170
5 171
5 174
5 176
5 178
5 179
6 7
6 8
6 9
6 10
6 12
6 13
6 15
6 16
6 17
6 18
6 20
6 21
6 22
6 23
6 24
6 25
6 28
6 29
6 30
6 31
6 32
6 33
6 34
6 36
6 37
6 38
6 40
6 41
6 43
6 44
6 46
6 47
6 49
6 50
6 51
6 54
6 55
6 59
6 60
6 61
6 63
6 65
6 66
6 68
6 69
6 70
6 72
6 73
6 75
6 81
6 85
6 87
6 89
6 91
6 94
6 95
6 97
6 99
6 100
6 104
6 105
6 106
6 107
6 109
6 110
6 111
6 112
6 114
6 115
6 116
6 123
6 125
6 126
6 127
6 128
6 129
6 130
6 132
6 133
6 134
6 136
6 138
6 139
6 141
6 143
6 144
6 145
6 148
6 149
6 151
6 156
6 157
6 160
6 162
6 163
6 167
6 168
6 169
6 173
6 174
6 176
7 9
7 11
7 14
7 16
7 17
7 19
7 21
7 22
7 23
7 25
7 28
7 29
7 30
7 31
7 33
7 35
7 36
7 37
7 39
7 40
7 41
7 42
7 50
7 51
7 52
7 53
7 54
7 55
7 58
7 59
7 61
7 62
7 64
7 65
7 67
7 69
7 70
7 71
7 73
7 74
7 75
7 76
7 79
7 81
7 82
7 83
7 84
7 85
7 86
7 87
7 89
7 92
7 94
7 97
7 100
7 102
7 103
7 104
7 105
7 106
7 108
7 110
7 111
7 112
7 118
7 120
7 121
7 122
7 123
7 125
7 126
7 127
7 129
7 131
7 133
7 134
7 135
7 138
7 140
7 142
7 145
7 146
7 147
7 149
7 152
7 153
7 154
7 155
7 156
7 159
7 160
7 166
7 170
7 172
7 173
7 174
7 175
7 176
7 177
7 178
7 179
8 9
8 11
8 12
8 13
8 14
8 16
8 17
8 18
8 20
8 21
8 22
8 26
8 27
8 28
8 29
8 31
8 32
8 34
8 35
8 36
8 37
8 38
8 40
8 41
8 42
8 43
8 45
8 46
8 47
8 51
8 52
8 53
8 54
8 55
8 56
8 57
8 61
8 62
8 64
8 65
8 67
8 69
8 70
8 71
8 73
8 74
8 78
8 79
8 81
8 84
8 85
8 86
8 89
8 91
8 93
8 97
8 99
8 101
8 102
8 105
8 107
8 108
8 109
8 110
8 111
8 119
8 120
8 121
8 122
8 123
8 124
8 126
8 127
8 129
8 132
8 134
8 136
8 137
8 142
8 143
8 145
8 146
8 148
8 149
8 151
8 152
8 154
8 155
8 157
8 160
8 161
8 162
8 165
8 166
8 168
8 171
8 175
8 176
8 179
9 10
9 13
9 14
9 15
9 16
9 17
9 19
9 20
9 25
9 27
9 28
9 32
9 33
9 35
9 36
9 37
9 38
9 40
9 43
9 45
9 46
9 47
9 48
9 49
9 50
9 52
9 53
9 54
9 55
9 57
9 59
9 62
9 63
9 64
9 65
9 66
9 71
9 72
9 73
9 77
9 78
9 79
9 81
9 84
9 87
9 88
9 90
9 91
9 92
9 94
9 95
9 98
9 101
9 102
9 103
9 105
9 106
9 110
9 112
9 113
9 114
9 115
9 116
9 117
9 118
9 119
9 120
9 121
9 122
9 125
9 126
9 127
9 131
9 132
9 133
9 135
9 136
9 138
9 141
9 142
9 145
9 146
9 147
9 148
9 151
9 153
9 154
9 156
9 158
9 159
9 160
9 166
9 167
9 168
9 169
9 170
9 172
9 175
9 176
10 11
10 12
10 13
10 14
10 15
10 16
10 17
10 20
10 23
10 24
10 26
10 27
10 28
10 32
10 34
10 35
10 38
10 39
10 40
10 41
10 42
10 47
10 48
10 51
10 52
10 53
10 55
10 56
10 57
10 58
10 59
10 61
10 62
10 65
10 67
10 68
10 72
10 73
10 74
10 75
10 78
10 80
10 82
10 83
10 84
10 87
10 88
10 91
10 93
10 94
10 95
10 96
10 97
10 98
10 99
10 101
10 102
10 103
10 104
10 109
10 111
10 112
10 114
10 115
10 116
10 118
10 122
10 124
10 128
10 129
10 130
10 136
10 138
10 139
10 140
10 142
10 143
10 146
10 148
10 151
10 153
10 154
10 156
10 158
10 162
10 163
10 164
10 165
10 166
10 167
10 169
10 170
10 172
10 174
10 175
10 177
10 179
11 12
11 13
11 14
11 16
11 17
11 18
11 20
11 21
11 23
11 24
11 25
11 26
11 28
11 30
11 31
11 32
11 33
11 35
11 36
11 38
11 41
11 43
11 46
11 49
11 50
11 53
11 55
11 56
11 58
11 59
11 60
11 61
11 63
11 65
11 68
11 69
11 72
11 74
11 75
11 76
11 77
11 78
11 79
11 80
11 81
11 82
11 83
11 84
11 86
11 89
11 91
11 92
11 93
11 94
11 99
11 101
11 103
11 105
11 107
11 108
11 109
11 110
11 111
11 113
11 115
11 116
11 117
11 119
11 120
11 121
11 123
11 125
11 126
11 127
11 128
11 129
11 130
11 131
11 132
11 134
11 136
11 137
11 139
11 140
11 141
11 142
11 143
11 144
11 145
11 147
11 149
11 151
11 153
11 160
11 161
11 162
11 163
11 164
11 165
11 169
11 170
11 172
11 173
11 175
11 178
11 179
12 13
12 15
12 16
12 18
12 20
12 21
12 22
12 23
12 24
12 25
12 27
12 29
12 30
12 31
12 32
12 33
12 35
12 36
12 37
12 38
12 39
12 40
12 41
12 42
12 43
12 45
12 47
12 48
12 49
12 50
12 52
12 53
12 54
12 56
12 57
12 58
12 59
12 62
12 65
12 66
12 68
12 69
12 70
12 71
12 72
12 73
12 74
12 75
12 76
12 78
12 79
12 80
12 84
12 88
12 94
12 95
12 96
12 97
12 98
12 99
12 100
12 101
12 102
12 103
12 104
12 106
12 108
12 110
12 115
12 116
12 120
12 121
12 122
12 125
12 126
12 129
12 130
12 131
12 134
12 137
12 140
12 141
12 142
12 143
12 148
12 149
12 150
12 154
12 155
12 162
12 164
12 168
12 169
12 170
12 171
12 173
12 174
12 175
12 177
12 179
13 14
13 15
13 17
13 20
13 21
13 23
13 25
13 26
13 29
13 31
13 34
13 37
13 42
13 44
13 47
13 50
13 53
13 56
13 59
13 60
13 62
13 63
13 66
13 68
13 69
13 73
13 74
13 75
13 76
13 77
13 79
13 80
13 81
13 82
13 83
13 84
13 86
13 87
13 88
13 89
13 90
13 91
13 95
13 97
13 98
13 100
13 101
13 103
13 104
13 105
13 106
13 108
13 110
13 112
13 115
13 116
13 117
13 119
13 120
13 123
13 124
13 125
13 127
13 128
13 130
13 135
13 137
13 139
13 140
13 141
13 143
13 144
13 150
13 151
13 153
13 154
13 155
13 156
13 157
13 158
13 159
13 160
13 162
13 163
13 165
13 166
13 167
13 168
13 170
13 171
13 175
13 177
13 179
14 16
14 18
14 20
14 21
14 22
14 23
14 24
14 25
14 26
14 30
14 31
14 32
14 33
14 37
14 39
14 40
14 41
14 43
14 44
14 45
14 47
14 48
14 50
14 56
14 57
14 59
14 60
14 61
14 62
14 65
14 66
14 67
14 69
14 70
14 77
14 78
14 79
14 80
14 81
14 82
14 83
14 89
14 90
14 92
14 93
14 94
14 98
14 101
14 103
14 104
14 105
14 109
14 110
14 111
14 112
14 113
14 118
14 119
14 121
14 125
14 126
14 128
14 129
14 130
14 131
14 133
14 134
14 137
14 138
14 140
14 142
14 143
14 145
14 148
14 150
14 151
14 152
14 154
14 157
14 158
14 160
14 161
14 162
14 163
14 169
14 170
14 171
14 179
15 17
15 19
15 21
15 23
15 24
15 25
15 27
15 28
15 29
15 30
15 31
15 32
15 33
15 34
15 35
15 36
15 38
15 39
15 41
15 42
15 43
15 46
15 47
15 48
15 50
15 52
15 55
15 56
15 58
15 59
15 60
15 62
15 63
15 64
15 65
15 66
15 67
15 69
15 70
15 72
15 74
15 75
15 77
15 80
15 81
15 82
15 84
15 85
15 86
15 87
15 88
15 90
15 91
15 92
15 93
15 94
15 95
15 97
15 98
15 101
15 102
15 103
15 104
15 105
15 106
15 108
15 110
15 111
15 112
15 115
15 117
15 120
15 121
15 123
15 124
15 125
15 127
15 128
15 131
15 136
15 137
15 138
15 142
15 143
15 144
15 145
15 146
15 148
15 149
15 153
15 158
15 159
15 160
15 161
15 164
15 165
15 166
15 168
15 169
15 170
15 171
15 173
15 174
15 175
15 176
15 177
16 17
16 18
16 20
16 21
16 25
16 27
16 28
16 29
16 30
16 32
16 34
16 35
16 39
16 40
16 43
16 44
16 45
16 47
16 50
16 53
16 55
16 57
16 60
16 61
16 62
16 64
16 66
16 68
16 69
16 71
16 73
16 74
16 75
16 76
16 78
16 79
16 80
16 81
16 82
16 83
16 85
16 86
16 87
16 88
16 90
16 92
16 94
16 96
16 101
16 102
16 103
16 104
16 106
16 107
16 109
16 110
16 111
16 112
16 118
16 119
16 123
16 124
16 128
16 129
16 131
16 133
16 137
16 139
16 140
16 141
16 142
16 145
16 148
16 151
16 155
16 161
16 162
16 163
16 165
16 166
16 172
16 174
16 176
16 177
16 178
17 18
17 19
17 21
17 22
17 24
17 25
17 26
17 27
17 28
17 31
17 32
17 35
17 36
17 38
17 43
17 45
17 47
17 48
17 49
17 50
17 51
17 52
17 54
17 55
17 59
17 60
17 61
17 64
17 65
17 67
17 68
17 71
17 72
17 74
17 78
17 79
17 80
17 82
17 83
17 86
17 87
17 89
17 90
17 92
17 93
17 95
17 96
17 97
17 99
17 100
17 101
17 103
17 106
17 107
17 108
17 110
17 111
17 112
17 114
17 115
17 118
17 119
17 120
17 121
17 123
17 124
17 125
17 126
17 128
17 129
17 130
17 134
17 137
17 138
17 142
17 143
17 144
17 145
17 146
17 147
17 149
17 153
17 156
17 157
17 158
17 160
17 161
17 162
17 163
17 164
17 165
17 167
17 168
17 170
17 171
17 172
17 174
17 177
17 178
18 19
18 21
18 22
18 24
18 25
18 27
18 28
18 30
18 31
18 32
18 34
18 36
18 39
18 40
18 43
18 45
18 46
18 48
18 50
18 51
18 52
18 55
18 56
18 57
18 59
18 60
18 62
18 64
18 67
18 68
18 69
18 70
18 71
18 73
18 74
18 76
18 77
18 78
18 80
18 81
18 82
18 86
18 87
18 88
18 91
18 93
18 94
18 95
18 96
18 97
18 98
18 100
18 101
18 102
18 105
18 107
18 108
18 115
18 116
18 118
18 120
18 122
18 123
18 124
18 127
18 128
18 130
18 132
18 133
18 134
18 135
18 136
18 137
18 140
18 146
18 147
18 149
18 150
18 151
18 152
18 153
18 154
18 156
18 161
18 162
18 163
18 165
18 168
18 172
18 173
18 174
18 176
18 177
19 21
19 22
19 25
19 26
19 27
19 28
19 30
19 31
19 32
19 33
19 35
19 37
19 39
19 40
19 41
19 42
19 43
19 44
19 45
19 46
19 47
19 48
19 50
19 51
19 52
19 54
19 55
19 56
19 57
19 58
19 59
19 60
19 61
19 62
19 68
19 69
19 70
19 71
19 74
19 75
19 76
19 77
19 80
19 83
19 85
19 86
19 88
19 89
19 92
19 94
19 95
19 101
19 103
19 104
19 109
19 110
19 111
19 112
19 114
19 115
19 117
19 118
19 119
19 121
19 122
19 124
19 125
19 126
19 127
19 128
19 129
19 132
19 133
19 134
19 135
19 136
19 138
19 139
19 140
19 141
19 142
19 144
19 147
19 149
19 150
19 157
19 162
19 164
19 165
19 167
19 168
19 170
19 172
19 174
19 175
19 176
19 177
19 179
20 21
20 24
20 25
20 26
20 27
20 29
20 30
20 31
20 32
20 33
20 34
20 36
20 40
20 42
20 44
20 45
20 46
20 48
20 50
20 51
20 52
20 53
20 57
20 58
20 59
20 60
20 61
20 63
20 64
20 65
20 66
20 67
20 68
20 70
20 71
20 73
20 75
20 76
20 77
20 81
20 82
20 85
20 86
20 88
20 90
20 91
20 93
20 94
20 95
20 97
20 98
20 103
20 107
20 108
20 110
20 111
20 113
20 114
20 115
20 116
20 117
20 118
20 119
20 122
20 124
20 126
20 127
20 129
20 130
20 136
20 137
20 139
20 145
20 147
20 149
20 150
20 152
20 154
20 158
20 159
20 161
20 162
20 163
20 165
20 166
20 168
20 169
20 171
20 173
20 176
20 177
20 178
20 179
21 23
21 24
21 25
21 27
21 28
21 29
21 30
21 31
21 32
21 33
21 35
21 38
21 39
21 40
21 41
21 42
21 43
21 44
21 45
21 47
21 48
21 50
21 52
21 53
21 57
21 58
21 59
21 60
21 61
21 62
21 64
21 66
21 68
21 70
21 71
21 72
21 73
21 77
21 79
21 82
21 83
21 85
21 87
21 88
21 90
21 93
21 95
21 96
21 97
21 98
21 100
21 102
21 103
21 108
21 110
21 111
21 112
21 113
21 118
21 119
21 121
21 122
21 123
21 124
21 130
21 131
21 132
21 135
21 139
21 140
21 141
21 142
21 144
21 145
21 147
21 151
21 154
21 156
21 157
21 160
21 161
21 162
21 165
21 168
21 171
21 172
21 175
21 176
21 178
22 23
22 25
22 29
22 30
22 31
22 32
22 36
22 37
22 38
22 39
22 42
22 43
22 44
22 45
22 48
22 50
22 52
22 55
22 58
22 59
22 60
22 63
22 64
22 65
22 67
22 71
22 72
22 73
22 74
22 75
22 79
22 81
22 83
22 84
22 87
22 89
22 94
22 95
22 96
22 99
22 101
22 102
22 103
22 104
22 105
22 106
22 109
22 112
22 113
22 115
22 116
22 120
22 122
22 123
22 124
22 125
22 128
22 129
22 131
22 132
22 133
22 134
22 135
22 136
22 138
22 139
22 140
22 141
22 142
22 143
22 144
22 146
22 147
22 148
22 152
22 154
22 156
22 158
22 159
22 161
22 162
22 165
22 170
22 171
22 172
22 174
22 176
22 179
23 25
23 27
23 28
23 29
23 30
23 31
23 32
23 33
23 34
23 35
23 36
23 38
23 39
23 41
23 42
23 44
23 46
23 48
23 49
23 51
23 53
23 55
23 58
23 59
23 61
23 62
23 63
23 65
23 66
23 67
23 69
23 70
23 71
23 72
23 75
23 77
23 79
23 80
23 81
23 82
23 83
23 84
23 86
23 90
23 92
23 95
23 96
23 100
23 103
23 104
23 105
23 106
23 107
23 108
23 109
23 110
23 113
23 114
23 115
23 116
23 117
23 118
23 119
23 120
23 122
23 123
23 124
23 127
23 134
23 135
23 140
23 142
23 146
23 148
23 149
23 150
23 152
23 153
23 154
23 155
23 156
23 161
23 162
23 165
23 166
23 167
23 171
23 172
23 173
23 174
23 176
23 178
24 26
24 27
24 28
24 29
24 31
24 33
24 34
24 35
24 36
24 40
24 41
24 42
24 43
24 46
24 48
24 49
24 50
24 55
24 56
24 57
24 58
24 59
24 63
24 67
24 71
24 73
24 74
24 75
24 76
24 77
24 81
24 82
24 83
24 85
24 86
24 89
24 90
24 91
24 95
24 96
24 101
24 102
24 103
24 104
24 107
24 111
24 113
24 116
24 118
24 121
24 122
24 124
24 125
24 129
24 130
24 132
24 133
24 134
24 136
24 137
24 139
24 142
24 144
24 145
24 146
24 147
24 149
24 150
24 151
24 153
24 155
24 156
24 157
24 158
24 160
24 161
24 164
24 165
24 168
24 169
24 173
24 175
24 178
25 26
25 27
25 28
25 29
25 33
25 34
25 37
25 38
25 39
25 41
25 42
25 43
25 44
25 45
25 48
25 49
25 50
25 51
25 52
25 53
25 54
25 55
25 56
25 57
25 58
25 59
25 60
25 62
25 65
25 67
25 68
25 69
25 70
25 72
25 74
25 75
25 77
25 78
25 80
25 83
25 86
25 88
25 95
25 96
25 97
25 98
25 99
25 102
25 103
25 106
25 108
25 114
25 115
25 117
25 119
25 121
25 123
25 124
25 126
25 128
25 130
25 131
25 133
25 135
25 136
25 139
25 140
25 142
25 143
25 147
25 149
25 150
25 152
25 156
25 157
25 162
25 163
25 164
25 168
25 169
25 170
25 173
25 175
25 178
25 179
26 27
26 28
26 29
26 30
26 31
26 32
26 33
26 39
26 42
26 43
26 44
26 45
26 46
26 47
26 48
26 49
26 51
26 52
26 54
26 55
26 57
26 60
26 62
26 64
26 66
26 67
26 71
26 72
26 73
26 76
26 78
26 80
26 81
26 82
26 84
26 85
26 89
26 90
26 91
26 94
26 95
26 96
26 101
26 102
26 105
26 106
26 107
26 108
26 109
26 110
26 111
26 113
26 114
26 117
26 119
26 121
26 122
26 123
26 124
26 125
26 126
26 127
26 128
26 129
26 130
26 131
26 133
26 135
26 136
26 137
26 141
26 142
26 143
26 145
26 148
26 151
26 152
26 153
26 156
26 157
26 159
26 162
26 163
26 164
26 166
26 168
26 171
26 174
27 28
27 31
27 32
27 33
27 34
27 36
27 39
27 40
27 44
27 47
27 49
27 51
27 57
27 58
27 59
27 60
27 61
27 64
27 65
27 67
27 68
27 69
27 70
27 71
27 74
27 75
27 76
27 77
27 79
27 80
27 83
27 85
27 88
27 90
27 93
27 95
27 96
27 97
27 98
27 99
27 103
27 104
27 105
27 107
27 111
27 113
27 114
27 115
27 117
27 118
27 119
27 121
27 124
27 125
27 127
27 128
27 131
27 134
27 135
27 136
27 137
27 138
27 142
27 144
27 145
27 150
27 153
27 159
27 161
27 164
27 165
27 168
27 169
27 172
27 173
27 175
28 31
28 33
28 34
28 35
28 37
28 38
28 39
28 40
28 43
28 47
28 48
28 49
28 50
28 51
28 52
28 53
28 54
28 55
28 58
28 59
28 63
28 68
28 69
28 70
28 71
28 72
28 73
28 75
28 79
28 80
28 82
28 83
28 85
28 90
28 91
28 92
28 94
28 97
28 98
28 100
28 103
28 105
28 106
28 108
28 109
28 110
28 111
28 112
28 114
28 117
28 120
28 121
28 122
28 126
28 127
28 128
28 132
28 133
28 136
28 138
28 141
28 142
28 144
28 148
28 160
28 163
28 169
28 171
28 172
28 176
28 177
28 178
28 179
29 30
29 31
29 32
29 34
29 36
29 37
29 40
29 41
29 42
29 44
29 45
29 46
29 48
29 49
29 50
29 51
29 52
29 53
29 54
29 57
29 58
29 61
29 62
29 63
29 66
29 67
29 68
29 70
29 73
29 74
29 75
29 77
29 79
29 80
29 83
29 88
29 90
29 91
29 92
29 94
29 96
29 98
29 101
29 102
29 103
29 104
29 105
29 106
29 108
29 110
29 112
29 113
29 114
29 115
29 120
29 121
29 122
29 123
29 124
29 127
29 128
29 129
29 132
29 133
29 134
29 136
29 137
29 139
29 140
29 144
29 145
29 146
29 149
29 151
29 153
29 154
29 155
29 158
29 159
29 160
29 161
29 162
29 163
29 165
29 166
29 167
29 170
29 171
29 172
29 173
29 174
29 175
29 177
29 179
30 31
30 32
30 33
30 35
30 36
30 37
30 38
30 41
30 42
30 43
30 44
30 45
30 47
30 49
30 50
30 54
30 56
30 58
30 59
30 61
30 65
30 66
30 68
30 69
30 70
30 71
30 74
30 76
30 78
30 81
30 82
30 84
30 85
30 90
30 94
30 95
30 96
30 97
30 98
30 106
30 113
30 114
30 115
30 117
30 119
30 121
30 123
30 124
30 125
30 127
30 128
30 130
30 132
30 133
30 135
30 136
30 139
30 140
30 141
30 143
30 144
30 147
30 148
30 150
30 152
30 153
30 154
30 156
30 159
30 160
30 162
30 163
30 166
30 168
30 169
30 171
30 172
30 173
30 174
30 179
31 33
31 36
31 39
31 40
31 46
31 47
31 48
31 50
31 51
31 54
31 56
31 57
31 58
31 59
31 60
31 62
31 63
31 64
31 65
31 66
31 69
31 71
31 73
31 75
31 76
31 77
31 78
31 85
31 86
31 87
31 88
31 90
31 92
31 94
31 95
31 99
31 101
31 102
31 106
31 107
31 110
31 112
31 113
31 115
31 116
31 118
31 120
31 122
31 124
31 126
31 127
31 128
31 135
31 136
31 137
31 138
31 139
31 140
31 142
31 148
31 152
31 153
31 157
31 158
31 166
31 172
31 173
31 174
31 176
31 177
31 178
32 34
32 35
32 36
32 37
32 38
32 41
32 42
32 43
32 44
32 45
32 49
32 50
32 51
32 52
32 53
32 55
32 56
32 57
32 59
32 60
32 61
32 62
32 63
32 64
32 65
32 66
32 67
32 69
32 71
32 72
32 75
32 76
32 78
32 79
32 82
32 83
32 84
32 85
32 87
32 89
32 90
32 91
32 93
32 94
32 97
32 99
32 100
32 101
32 107
32 108
32 114
32 115
32 116
32 117
32 118
32 120
32 122
32 123
32 124
32 129
32 130
32 131
32 135
32 137
32 139
32 140
32 141
32 144
32 149
32 150
32 156
32 157
32 158
32 159
32 161
32 164
32 165
32 166
32 168
32 169
32 170
32 174
32 176
33 34
33 35
33 36
33 37
33 39
33 40
33 41
33 43
33 44
33 45
33 50
33 51
33 53
33 56
33 57
33 62
33 64
33 67
33 70
33 72
33 74
33 76
33 77
33 80
33 81
33 82
33 84
33 87
33 88
33 89
33 90
33 95
33 96
33 97
33 98
33 99
33 101
33 102
33 103
33 108
33 111
33 112
33 114
33 116
33 117
33 120
33 121
33 122
33 123
33 124
33 129
33 131
33 134
33 137
33 139
33 144
33 145
33 147
33 148
33 149
33 150
33 152
33 153
33 155
33 157
33 160
33 163
33 164
33 166
33 171
33 172
33 173
33 177
33 179
34 37
34 38
34 40
34 41
34 42
34 43
34 45
34 46
34 47
34 49
34 51
34 52
34 53
34 54
34 55
34 56
34 60
34 61
34 62
34 63
34 64
34 65
34 67
34 68
34 70
34 72
34 73
34 74
34 75
34 76
34 79
34 81
34 82
34 83
34 84
34 85
34 86
34 87
34 88
34 89
34 98
34 100
34 101
34 102
34 105
34 106
34 108
34 109
34 110
34 111
34 113
34 114
34 115
34 117
34 119
34 121
34 124
34 125
34 126
34 129
34 131
34 132
34 135
34 136
34 142
34 143
34 145
34 148
34 150
34 152
34 154
34 156
34 161
34 163
34 167
34 171
34 173
34 174
34 178
34 179
35 36
35 38
35 39
35 40
35 41
35 42
35 47
35 51
35 52
35 54
35 56
35 57
35 58
35 59
35 60
35 65
35 66
35 67
35 70
35 76
35 77
35 78
35 79
35 80
35 82
35 83
35 84
35 85
35 86
35 87
35 88
35 89
35 91
35 92
35 93
35 94
35 96
35 99
35 100
35 101
35 102
35 105
35 106
35 107
35 109
35 110
35 112
35 114
35 115
35 116
35 117
35 118
35 124
35 125
35 126
35 128
35 130
35 131
35 132
35 133
35 134
35 135
35 136
35 137
35 140
35 141
35 142
35 143
35 145
35 149
35 150
35 151
35 159
35 160
35 161
35 162
35 166
35 167
35 168
35 173
35 175
35 177
35 178
35 179
36 37
36 38
36 39
36 41
36 42
36 43
36 44
36 46
36 47
36 49
36 51
36 52
36 53
36 55
36 57
36 58
36 59
36 60
36 62
36 65
36 66
36 70
36 71
36 74
36 76
36 78
36 80
36 83
36 84
36 86
36 88
36 89
36 91
36 92
36 94
36 95
36 98
36 99
36 100
36 102
36 103
36 104
36 109
36 110
36 114
36 115
36 116
36 117
36 118
36 120
36 124
36 125
36 130
36 132
36 134
36 137
36 140
36 142
36 143
36 144
36 147
36 149
36 150
36 151
36 155
36 163
36 165
36 166
36 170
36 172
36 174
36 177
37 38
37 40
37 41
37 44
37 45
37 48
37 49
37 50
37 51
37 52
37 53
37 54
37 57
37 59
37 61
37 62
37 64
37 65
37 67
37 68
37 69
37 70
37 71
37 72
37 73
37 74
37 75
37 76
37 77
37 78
37 82
37 83
37 84
37 86
37 88
37 90
37 91
37 93
37 95
37 98
37 101
37 102
37 104
37 106
37 107
37 109
37 110
37 111
37 113
37 114
37 116
37 117
37 119
37 121
37 125
37 126
37 130
37 133
37 134
37 136
37 137
37 138
37 139
37 140
37 143
37 144
37 145
37 147
37 151
37 153
37 154
37 155
37 156
37 157
37 159
37 160
37 162
37 164
37 166
37 169
37 170
37 171
37 173
37 178
37 179
38 39
38 40
38 42
38 45
38 47
38 50
38 54
38 55
38 60
38 62
38 63
38 65
38 66
38 67
38 71
38 72
38 75
38 76
38 83
38 85
38 87
38 89
38 94
38 96
38 97
38 100
38 104
38 105
38 106
38 112
38 114
38 115
38 117
38 120
38 121
38 123
38 125
38 127
38 129
38 130
38 131
38 132
38 133
38 134
38 135
38 136
38 137
38 139
38 140
38 143
38 148
38 149
38 150
38 151
38 153
38 157
38 158
38 160
38 162
38 164
38 166
38 167
38 170
38 173
38 174
38 176
38 179
39 42
39 43
39 45
39 46
39 49
39 50
39 52
39 53
39 56
39 61
39 62
39 64
39 65
39 66
39 67
39 68
39 69
39 71
39 72
39 74
39 75
39 79
39 81
39 84
39 85
39 87
39 88
39 90
39 96
39 97
39 102
39 103
39 107
39 108
39 109
39 113
39 115
39 116
39 117
39 126
39 128
39 129
39 130
39 131
39 132
39 134
39 137
39 138
39 143
39 144
39 147
39 153
39 154
39 155
39 156
39 157
39 161
39 162
39 163
39 165
39 166
39 169
39 170
39 171
39 172
39 174
39 175
39 177
39 179
40 42
40 43
40 44
40 45
40 46
40 48
40 49
40 51
40 54
40 55
40 56
40 58
40 60
40 61
40 62
40 63
40 66
40 68
40 71
40 72
40 74
40 75
40 76
40 78
40 82
40 83
40 84
40 86
40 87
40 88
40 89
40 90
40 91
40 92
40 93
40 94
40 95
40 96
40 98
40 99
40 101
40 104
40 105
40 106
40 109
40 111
40 115
40 118
40 119
40 120
40 125
40 134
40 135
40 136
40 137
40 141
40 144
40 146
40 153
40 155
40 157
40 159
40 161
40 162
40 164
40 165
40 167
40 170
40 172
40 174
40 175
40 177
40 179
41 42
41 43
41 45
41 46
41 48
41 49
41 50
41 51
41 52
41 55
41 56
41 57
41 59
41 60
41 61
41 62
41 64
41 65
41 66
41 67
41 71
41 72
41 77
41 80
41 81
41 82
41 83
41 84
41 85
41 86
41 87
41 88
41 89
41 90
41 92
41 93
41 94
41 97
41 98
41 100
41 101
41 102
41 103
41 104
41 105
41 106
41 107
41 112
41 113
41 114
41 115
41 116
41 119
41 120
41 121
41 125
41 126
41 128
41 131
41 132
41 133
41 135
41 137
41 138
41 139
41 140
41 143
41 149
41 153
41 154
41 155
41 157
41 158
41 162
41 164
41 167
41 171
41 175
41 177
42 47
42 48
42 51
42 52
42 53
42 54
42 55
42 56
42 62
42 63
42 64
42 65
42 66
42 67
42 69
42 70
42 71
42 72
42 75
42 77
42 78
42 79
42 80
42 81
42 82
42 83
42 84
42 85
42 86
42 89
42 90
42 91
42 92
42 93
42 95
42 99
42 102
42 103
42 104
42 105
42 106
42 109
42 110
42 111
42 112
42 113
42 114
42 115
42 117
42 119
42 122
42 123
42 127
42 128
42 129
42 131
42 135
42 136
42 137
42 139
42 141
42 143
42 144
42 145
42 146
42 150
42 154
42 155
42 158
42 159
42 163
42 165
42 166
42 167
42 169
42 173
42 177
42 178
42 179
43 46
43 50
43 52
43 55
43 56
43 57
43 58
43 61
43 62
43 63
43 64
43 65
43 66
43 67
43 68
43 69
43 72
43 73
43 74
43 75
43 76
43 77
43 78
43 80
43 81
43 87
43 88
43 89
43 90
43 91
43 93
43 98
43 100
43 101
43 102
43 104
43 106
43 108
43 109
43 111
43 113
43 115
43 116
43 118
43 119
43 120
43 121
43 124
43 125
43 127
43 129
43 131
43 132
43 133
43 134
43 136
43 137
43 141
43 144
43 145
43 152
43 153
43 154
43 155
43 156
43 157
43 158
43 161
43 162
43 164
43 165
43 166
43 168
43 171
43 172
43 174
43 179
44 46
44 47
44 48
44 50
44 51
44 52
44 53
44 54
44 55
44 61
44 63
44 65
44 69
44 70
44 71
44 73
44 74
44 75
44 76
44 80
44 82
44 83
44 85
44 86
44 87
44 88
44 92
44 94
44 95
44 96
44 98
44 99
44 105
44 107
44 108
44 109
44 111
44 114
44 116
44 118
44 120
44 121
44 125
44 126
44 128
44 129
44 130
44 132
44 133
44 136
44 140
44 141
44 146
44 147
44 151
44 152
44 154
44 157
44 159
44 162
44 164
44 165
44 167
44 171
44 172
44 174
44 175
44 177
44 178
45 46
45 47
45 48
45 53
45 54
45 57
45 59
45 62
45 64
45 65
45 67
45 69
45 70
45 71
45 74
45 75
45 77
45 79
45 80
45 81
45 85
45 86
45 87
45 90
45 94
45 95
45 96
45 97
45 102
45 105
45 106
45 107
45 108
45 110
45 112
45 113
45 118
45 120
45 122
45 125
45 127
45 128
45 129
45 131
45 133
45 135
45 136
45 138
45 139
45 140
45 141
45 142
45 143
45 144
45 145
45 148
45 149
45 150
45 151
45 152
45 154
45 155
45 157
45 158
45 160
45 161
45 164
45 166
45 167
45 169
45 170
45 174
45 175
45 177
45 178
45 179
46 48
46 51
46 52
46 54
46 55
46 57
46 58
46 60
46 61
46 62
46 63
46 66
46 68
46 69
46 71
46 73
46 74
46 75
46 81
46 83
46 84
46 85
46 86
46 87
46 89
46 90
46 95
46 99
46 100
46 102
46 103
46 104
46 105
46 108
46 111
46 117
46 118
46 121
46 124
46 126
46 127
46 128
46 129
46 130
46 135
46 136
46 137
46 138
46 139
46 140
46 142
46 143
46 144
46 147
46 150
46 151
46 152
46 153
46 154
46 155
46 156
46 157
46 159
46 160
46 163
46 171
46 173
46 174
46 175
46 176
46 177
46 178
46 179
47 48
47 50
47 51
47 56
47 58
47 59
47 61
47 62
47 65
47 66
47 67
47 68
47 69
47 70
47 74
47 75
47 77
47 78
47 79
47 80
47 83
47 84
47 86
47 87
47 88
47 92
47 93
47 99
47 100
47 104
47 106
47 111
47 112
47 113
47 114
47 116
47 117
47 118
47 119
47 121
47 124
47 125
47 126
47 127
47 129
47 131
47 134
47 137
47 139
47 140
47 145
47 146
47 148
47 150
47 154
47 155
47 156
47 158
47 160
47 169
47 170
47 173
47 174
48 49
48 52
48 56
48 57
48 60
48 63
48 66
48 68
48 69
48 70
48 75
48 76
48 77
48 78
48 79
48 80
48 81
48 84
48 85
48 86
48 87
48 88
48 90
48 91
48 96
48 97
48 98
48 99
48 100
48 101
48 102
48 103
48 105
48 111
48 113
48 114
48 117
48 118
48 120
48 122
48 123
48 125
48 128
48 129
48 131
48 132
48 133
48 134
48 138
48 141
48 142
48 143
48 145
48 146
48 148
48 151
48 153
48 156
48 158
48 160
48 161
48 164
48 165
48 166
48 168
48 169
48 171
48 172
48 175
48 176
48 178
49 50
49 51
49 52
49 53
49 54
49 58
49 59
49 60
49 61
49 63
49 69
49 71
49 73
49 77
49 78
49 80
49 83
49 84
49 85
49 86
49 87
49 90
49 91
49 93
49 94
49 99
49 100
49 102
49 103
49 104
49 105
49 106
49 107
49 109
49 111
49 112
49 113
49 116
49 117
49 118
49 119
49 120
49 122
49 123
49 126
49 127
49 128
49 131
49 133
49 134
49 135
49 138
49 139
49 141
49 142
49 143
49 146
49 148
49 149
49 154
49 155
49 156
49 157
49 159
49 164
49 165
49 166
49 171
49 173
49 174
49 175
50 52
50 53
50 55
50 56
50 57
50 59
50 62
50 65
50 67
50 68
50 69
50 70
50 72
50 73
50 75
50 76
50 77
50 78
50 80
50 82
50 84
50 87
50 91
50 93
50 94
50 96
50 98
50 99
50 100
50 102
50 104
50 108
50 112
50 113
50 114
50 117
50 118
50 121
50 122
50 124
50 125
50 126
50 127
50 128
50 129
50 131
50 136
50 138
50 142
50 143
50 144
50 147
50 148
50 155
50 162
50 164
50 165
50 166
50 169
50 171
50 173
50 174
50 178
51 52
51 54
51 56
51 57
51 60
51 62
51 66
51 67
51 71
51 72
51 73
51 74
51 77
51 79
51 81
51 85
51 87
51 88
51 89
51 91
51 94
51 95
51 96
51 97
51 101
51 102
51 105
51 108
51 110
51 111
51 112
51 113
51 114
51 115
51 116
51 118
51 120
51 124
51 125
51 126
51 127
51 129
51 130
51 131
51 133
51 135
51 139
51 140
51 145
51 146
51 149
51 153
51 156
51 158
51 160
51 161
51 163
51 164
51 166
51 168
51 171
51 174
51 177
51 178
52 53
52 54
52 56
52 58
52 59
52 61
52 63
52 65
52 66
52 67
52 69
52 70
52 73
52 76
52 78
52 79
52 80
52 84
52 85
52 86
52 87
52 88
52 90
52 92
52 94
52 96
52 107
52 108
52 110
52 113
52 114
52 117
52 118
52 119
52 120
52 121
52 127
52 130
52 134
52 135
52 136
52 137
52 140
52 144
52 145
52 146
52 150
52 151
52 152
52 154
52 155
52 158
52 159
52 160
52 161
52 166
52 168
52 169
52 172
52 173
52 174
52 177
52 179
53 54
53 55
53 58
53 60
53 62
53 63
53 66
53 68
53 69
53 70
53 72
53 73
53 75
53 78
53 79
53 81
53 83
53 84
53 86
53 87
53 89
53 94
53 95
53 96
53 98
53 104
53 106
53 107
53 108
53 109
53 110
53 111
53 113
53 114
53 117
53 119
53 120
53 123
53 129
53 130
53 132
53 133
53 135
53 136
53 138
53 139
53 141
53 142
53 144
53 147
53 149
53 151
53 153
53 156
53 157
53 160
53 163
53 166
53 167
53 168
53 169
53 170
53 171
53 172
53 176
53 177
53 178
54 56
54 61
54 63
54 66
54 69
54 70
54 71
54 75
54 76
54 77
54 78
54 81
54 83
54 84
54 85
54 86
54 88
54 89
54 90
54 91
54 92
54 93
54 96
54 97
54 99
54 100
54 101
54 102
54 103
54 108
54 110
54 111
54 113
54 114
54 116
54 118
54 122
54 125
54 130
54 133
54 134
54 136
54 139
54 140
54 142
54 145
54 146
54 147
54 149
54 155
54 156
54 157
54 159
54 160
54 161
54 162
54 164
54 167
54 172
54 173
54 174
54 175
54 178
54 179
55 56
55 57
55 58
55 60
55 63
55 66
55 67
55 72
55 73
55 74
55 75
55 79
55 80
55 82
55 83
55 87
55 88
55 89
55 90
55 91
55 92
55 94
55 97
55 99
55 100
55 101
55 103
55 107
55 110
55 111
55 113
55 115
55 116
55 117
55 118
55 121
55 123
55 124
55 125
55 126
55 127
55 129
55 130
55 132
55 134
55 141
55 142
55 144
55 145
55 147
55 149
55 150
55 151
55 154
55 158
55 166
55 168
55 171
55 173
55 174
55 177
55 178
56 57
56 58
56 59
56 61
56 62
56 63
56 64
56 65
56 66
56 67
56 68
56 70
56 71
56 72
56 73
56 74
56 75
56 77
56 78
56 79
56 80
56 82
56 84
56 86
56 87
56 89
56 92
56 95
56 96
56 97
56 98
56 99
56 101
56 103
56 104
56 106
56 110
56 112
56 114
56 116
56 120
56 122
56 124
56 125
56 127
56 129
56 131
56 133
56 134
56 136
56 139
56 140
56 141
56 143
56 147
56 149
56 150
56 151
56 154
56 155
56 156
56 164
56 167
56 168
56 169
56 172
56 174
56 175
56 176
57 61
57 62
57 63
57 65
57 66
57 69
57 70
57 72
57 73
57 74
57 75
57 77
57 81
57 82
57 83
57 84
57 86
57 87
57 88
57 90
57 91
57 93
57 95
57 96
57 97
57 98
57 100
57 101
57 102
57 105
57 106
57 107
57 108
57 114
57 115
57 117
57 118
57 123
57 124
57 125
57 126
57 128
57 130
57 131
57 133
57 136
57 137
57 143
57 146
57 147
57 149
57 150
57 151
57 152
57 154
57 155
57 158
57 159
57 164
57 170
57 172
57 175
57 177
58 62
58 65
58 68
58 72
58 73
58 74
58 75
58 76
58 77
58 78
58 84
58 85
58 87
58 88
58 91
58 94
58 95
58 98
58 99
58 100
58 101
58 102
58 104
58 105
58 107
58 108
58 109
58 116
58 117
58 118
58 119
58 120
58 123
58 124
58 126
58 127
58 128
58 132
58 135
58 136
58 138
58 140
58 141
58 142
58 143
58 144
58 146
58 149
58 150
58 152
58 154
58 155
58 156
58 158
58 159
58 161
58 162
58 167
58 169
58 170
58 173
58 174
58 175
58 176
58 178
59 60
59 61
59 62
59 65
59 66
59 67
59 70
59 72
59 73
59 76
59 77
59 78
59 81
59 84
59 87
59 88
59 89
59 92
59 93
59 95
59 96
59 98
59 99
59 101
59 102
59 103
59 105
59 107
59 108
59 109
59 110
59 111
59 113
59 115
59 117
59 119
59 120
59 123
59 132
59 135
59 139
59 142
59 143
59 144
59 145
59 146
59 147
59 148
59 151
59 155
59 156
59 158
59 159
59 160
59 162
59 164
59 169
59 170
59 173
59 175
59 176
59 179
60 61
60 64
60 65
60 66
60 67
60 74
60 75
60 78
60 79
60 81
60 82
60 83
60 85
60 86
60 87
60 88
60 92
60 93
60 94
60 95
60 96
60 98
60 99
60 100
60 104
60 105
60 106
60 107
60 117
60 120
60 122
60 123
60 125
60 127
60 128
60 131
60 134
60 135
60 139
60 141
60 143
60 148
60 149
60 150
60 152
60 153
60 155
60 157
60 158
60 160
60 162
60 163
60 165
60 166
60 168
60 169
60 170
60 175
60 177
60 178
60 179
61 62
61 63
61 64
61 67
61 68
61 69
61 70
61 72
61 75
61 78
61 85
61 86
61 87
61 88
61 89
61 91
61 92
61 93
61 94
61 95
61 97
61 98
61 99
61 100
61 101
61 102
61 103
61 105
61 107
61 108
61 110
61 113
61 115
61 117
61 120
61 128
61 130
61 136
61 139
61 143
61 144
61 145
61 147
61 150
61 151
61 152
61 155
61 159
61 162
61 163
61 164
61 165
61 166
61 170
61 171
61 174
61 176
61 178
61 179
62 63
62 64
62 68
62 69
62 71
62 72
62 73
62 74
62 76
62 78
62 79
62 80
62 81
62 83
62 86
62 90
62 95
62 96
62 97
62 98
62 100
62 101
62 103
62 106
62 107
62 108
62 109
62 111
62 113
62 114
62 117
62 118
62 123
62 124
62 125
62 127
62 129
62 130
62 132
62 135
62 140
62 141
62 144
62 149
62 150
62 155
62 159
62 164
62 167
62 170
62 171
62 172
62 173
62 178
62 179
63 66
63 67
63 70
63 74
63 75
63 76
63 77
63 80
63 85
63 86
63 87
63 88
63 89
63 92
63 93
63 94
63 98
63 100
63 102
63 106
63 107
63 108
63 109
63 110
63 112
63 113
63 114
63 115
63 116
63 117
63 118
63 123
63 124
63 127
63 128
63 131
63 133
63 134
63 136
63 138
63 139
63 141
63 142
63 143
63 146
63 148
63 150
63 154
63 159
63 161
63 165
63 170
63 171
63 175
63 176
63 177
64 65
64 67
64 70
64 71
64 72
64 73
64 75
64 76
64 77
64 81
64 83
64 84
64 85
64 88
64 90
64 91
64 92
64 95
64 96
64 98
64 99
64 100
64 102
64 104
64 105
64 108
64 109
64 110
64 114
64 115
64 116
64 117
64 120
64 122
64 124
64 125
64 126
64 127
64 129
64 130
64 131
64 134
64 135
64 138
64 139
64 141
64 143
64 145
64 147
64 148
64 149
64 151
64 152
64 153
64 154
64 155
64 156
64 157
64 159
64 163
64 164
64 166
64 167
64 168
64 169
64 170
64 171
64 173
64 176
64 177
65 70
65 71
65 72
65 73
65 74
65 75
65 76
65 77
65 78
65 82
65 83
65 84
65 86
65 88
65 89
65 90
65 93
65 97
65 102
65 103
65 105
65 106
65 107
65 108
65 109
65 110
65 114
65 115
65 118
65 119
65 121
65 124
65 126
65 128
65 129
65 131
65 134
65 137
65 138
65 140
65 143
65 145
65 146
65 147
65 150
65 153
65 154
65 156
65 158
65 160
65 161
65 163
65 166
65 167
65 169
65 174
65 178
66 68
66 72
66 73
66 74
66 76
66 77
66 79
66 86
66 91
66 92
66 93
66 94
66 95
66 96
66 97
66 98
66 99
66 102
66 103
66 104
66 105
66 106
66 110
66 113
66 114
66 118
66 119
66 120
66 123
66 125
66 126
66 127
66 129
66 131
66 136
66 138
66 140
66 141
66 142
66 148
66 151
66 153
66 155
66 156
66 157
66 159
66 160
66 162
66 164
66 167
66 170
66 171
66 172
66 176
66 177
66 178
67 68
67 69
67 74
67 75
67 76
67 77
67 78
67 79
67 80
67 82
67 84
67 89
67 90
67 94
67 96
67 97
67 98
67 99
67 100
67 103
67 109
67 110
67 111
67 112
67 113
67 114
67 121
67 122
67 124
67 127
67 130
67 131
67 134
67 136
67 137
67 139
67 140
67 141
67 145
67 146
67 149
67 150
67 151
67 154
67 155
67 156
67 157
67 159
67 163
67 164
67 167
67 168
67 169
67 171
68 72
68 74
68 75
68 76
68 78
68 79
68 80
68 81
68 82
68 84
68 86
68 89
68 92
68 93
68 95
68 96
68 98
68 99
68 100
68 102
68 104
68 106
68 107
68 109
68 110
68 111
68 112
68 113
68 120
68 122
68 124
68 125
68 126
68 127
68 130
68 131
68 134
68 135
68 139
68 141
68 142
68 143
68 144
68 148
68 150
68 152
68 153
68 157
68 158
68 159
68 163
68 164
68 167
68 168
68 171
68 172
68 175
68 176
68 178
68 179
69 71
69 72
69 75
69 76
69 78
69 79
69 81
69 82
69 83
69 84
69 85
69 88
69 90
69 99
69 102
69 103
69 107
69 109
69 110
69 114
69 115
69 116
69 118
69 119
69 120
69 121
69 122
69 123
69 124
69 125
69 126
69 127
69 128
69 130
69 135
69 136
69 143
69 145
69 148
69 150
69 157
69 158
69 160
69 165
69 166
69 167
69 168
69 171
69 174
69 177
69 179
70 73
70 75
70 76
70 77
70 79
70 80
70 85
70 86
70 87
70 89
70 90
70 93
70 94
70 98
70 100
70 102
70 105
70 106
70 108
70 110
70 112
70 113
70 114
70 117
70 118
70 119
70 120
70 121
70 122
70 124
70 127
70 130
70 138
70 142
70 143
70 144
70 145
70 146
70 147
70 148
70 150
70 154
70 155
70 159
70 161
70 165
70 167
70 168
70 173
70 174
71 72
71 76
71 77
71 78
71 79
71 80
71 81
71 83
71 84
71 86
71 87
71 88
71 89
71 92
71 93
71 97
71 98
71 103
71 106
71 108
71 109
71 112
71 114
71 116
71 117
71 118
71 120
71 121
71 123
71 124
71 127
71 130
71 134
71 136
71 137
71 140
71 141
71 142
71 145
71 147
71 149
71 153
71 154
71 158
71 159
71 170
71 171
71 172
71 177
71 178
72 73
72 76
72 78
72 79
72 81
72 82
72 85
72 86
72 88
72 89
72 91
72 92
72 94
72 97
72 99
72 106
72 107
72 113
72 115
72 118
72 119
72 120
72 121
72 122
72 124
72 126
72 128
72 129
72 132
72 133
72 139
72 145
72 150
72 151
72 153
72 154
72 157
72 160
72 162
72 163
72 164
72 165
72 168
72 169
72 174
72 176
73 74
73 75
73 78
73 79
73 80
73 81
73 82
73 83
73 85
73 86
73 89
73 90
73 96
73 97
73 99
73 100
73 101
73 103
73 107
73 111
73 112
73 113
73 115
73 117
73 118
73 120
73 123
73 126
73 127
73 128
73 129
73 131
73 132
73 133
73 134
73 137
73 138
73 140
73 141
73 142
73 145
73 147
73 148
73 149
73 150
73 151
73 155
73 157
73 159
73 161
73 164
73 165
73 167
73 169
73 172
73 173
73 175
73 176
73 177
73 179
74 78
74 81
74 87
74 88
74 90
74 91
74 94
74 96
74 99
74 100
74 102
74 108
74 109
74 111
74 112
74 113
74 115
74 116
74 117
74 119
74 120
74 121
74 123
74 124
74 127
74 129
74 131
74 132
74 135
74 137
74 139
74 140
74 141
74 143
74 145
74 148
74 150
74 151
74 154
74 156
74 157
74 158
74 161
74 162
74 163
74 165
74 166
74 172
74 176
74 177
74 178
74 179
75 84
75 86
75 91
75 92
75 93
75 97
75 99
75 101
75 103
75 104
75 109
75 111
75 116
75 117
75 119
75 121
75 122
75 123
75 125
75 126
75 128
75 129
75 130
75 132
75 133
75 134
75 136
75 140
75 142
75 145
75 149
75 150
75 153
75 159
75 162
75 164
75 165
75 169
75 170
75 174
76 79
76 80
76 82
76 83
76 84
76 87
76 91
76 93
76 95
76 96
76 98
76 100
76 101
76 105
76 107
76 108
76 109
76 111
76 112
76 114
76 116
76 117
76 118
76 119
76 120
76 124
76 126
76 128
76 130
76 136
76 137
76 138
76 146
76 147
76 148
76 153
76 154
76 155
76 156
76 159
76 162
76 163
76 164
76 166
76 168
76 175
76 176
76 177
76 179
77 78
77 80
77 83
77 86
77 88
77 89
77 92
77 95
77 96
77 98
77 101
77 102
77 104
77 107
77 109
77 110
77 113
77 117
77 119
77 123
77 124
77 127
77 129
77 130
77 132
77 133
77 134
77 136
77 137
77 138
77 139
77 141
77 144
77 145
77 147
77 148
77 150
77 152
77 153
77 155
77 158
77 159
77 162
77 163
77 169
77 173
77 174
77 175
77 177
77 178
77 179
78 79
78 80
78 81
78 82
78 83
78 88
78 89
78 92
78 94
78 95
78 96
78 98
78 99
78 100
78 101
78 102
78 103
78 104
78 106
78 107
78 108
78 109
78 112
78 117
78 119
78 120
78 121
78 123
78 125
78 127
78 130
78 131
78 134
78 135
78 136
78 139
78 141
78 144
78 145
78 146
78 148
78 153
78 154
78 155
78 157
78 158
78 161
78 162
78 163
78 165
78 166
78 170
78 171
78 172
78 174
78 175
78 178
78 179
79 80
79 82
79 84
79 86
79 87
79 89
79 90
79 91
79 92
79 93
79 94
79 95
79 97
79 99
79 102
79 107
79 114
79 115
79 116
79 121
79 124
79 127
79 132
79 133
79 137
79 138
79 141
79 142
79 144
79 146
79 147
79 152
79 153
79 154
79 155
79 164
79 165
79 166
79 167
79 169
79 171
79 173
79 175
79 176
79 178
79 179
80 82
80 88
80 91
80 95
80 99
80 101
80 103
80 107
80 109
80 110
80 114
80 115
80 117
80 118
80 120
80 122
80 124
80 126
80 127
80 129
80 132
80 133
80 135
80 138
80 146
80 149
80 151
80 152
80 154
80 157
80 159
80 160
80 164
80 165
80 166
80 168
80 170
80 171
80 172
80 174
80 175
80 176
80 178
80 179
81 82
81 84
81 85
81 89
81 94
81 95
81 96
81 97
81 98
81 99
81 101
81 102
81 103
81 105
81 108
81 109
81 110
81 111
81 112
81 118
81 121
81 122
81 126
81 128
81 130
81 133
81 134
81 137
81 138
81 139
81 142
81 143
81 144
81 145
81 148
81 153
81 157
81 160
81 161
81 165
81 166
81 168
81 171
81 173
81 177
82 87
82 89
82 93
82 95
82 96
82 97
82 99
82 100
82 101
82 104
82 105
82 109
82 113
82 116
82 117
82 118
82 119
82 120
82 121
82 122
82 123
82 124
82 128
82 130
82 132
82 133
82 134
82 137
82 139
82 142
82 147
82 148
82 154
82 155
82 156
82 157
82 159
82 162
82 163
82 166
82 168
82 169
82 170
82 173
82 177
83 84
83 86
83 90
83 92
83 93
83 94
83 97
83 98
83 99
83 102
83 107
83 108
83 109
83 111
83 114
83 115
83 119
83 123
83 125
83 129
83 131
83 132
83 134
83 138
83 139
83 140
83 141
83 142
83 143
83 148
83 149
83 155
83 156
83 159
83 161
83 162
83 163
83 165
83 166
83 169
83 170
83 172
83 173
83 174
83 178
83 179
84 86
84 87
84 91
84 92
84 93
84 97
84 99
84 103
84 105
84 107
84 108
84 109
84 111
84 113
84 115
84 116
84 118
84 121
84 126
84 128
84 130
84 131
84 132
84 133
84 134
84 136
84 138
84 140
84 141
84 145
84 146
84 148
84 153
84 157
84 158
84 161
84 162
84 163
84 164
84 170
84 171
84 172
85 88
85 89
85 90
85 95
85 96
85 97
85 100
85 104
85 105
85 106
85 107
85 110
85 111
85 113
85 114
85 115
85 116
85 120
85 121
85 122
85 125
85 126
85 128
85 131
85 132
85 135
85 136
85 138
85 144
85 145
85 146
85 147
85 148
85 149
85 150
85 153
85 157
85 166
85 167
85 168
85 169
85 170
85 174
85 178
86 87
86 88
86 89
86 90
86 91
86 95
86 96
86 99
86 102
86 104
86 106
86 110
86 111
86 112
86 113
86 116
86 117
86 121
86 123
86 126
86 127
86 129
86 130
86 133
86 134
86 135
86 136
86 142
86 145
86 146
86 147
86 151
86 152
86 154
86 159
86 162
86 163
86 165
86 166
86 167
86 172
86 178
87 90
87 91
87 92
87 93
87 94
87 96
87 97
87 100
87 101
87 102
87 103
87 104
87 105
87 106
87 113
87 115
87 118
87 119
87 122
87 125
87 129
87 130
87 131
87 133
87 134
87 137
87 143
87 145
87 146
87 149
87 150
87 155
87 156
87 157
87 163
87 167
87 168
87 172
87 174
88 89
88 92
88 93
88 94
88 95
88 96
88 97
88 99
88 103
88 105
88 106
88 107
88 109
88 111
88 112
88 115
88 117
88 119
88 126
88 127
88 128
88 130
88 134
88 135
88 137
88 138
88 139
88 141
88 143
88 146
88 153
88 154
88 160
88 161
88 164
88 167
88 175
88 176
88 178
89 91
89 93
89 95
89 96
89 97
89 100
89 103
89 104
89 109
89 112
89 114
89 116
89 121
89 122
89 123
89 124
89 125
89 131
89 134
89 135
89 136
89 137
89 140
89 141
89 143
89 146
89 147
89 153
89 155
89 161
89 162
89 163
89 164
89 166
89 167
89 168
89 170
89 174
89 175
89 176
89 177
89 178
89 179
90 91
90 93
90 98
90 100
90 101
90 103
90 105
90 108
90 111
90 114
90 117
90 123
90 125
90 127
90 130
90 134
90 135
90 137
90 139
90 141
90 142
90 144
90 146
90 149
90 151
90 153
90 156
90 158
90 160
90 163
90 167
90 168
90 169
90 172
90 173
90 175
90 176
90 178
91 92
91 96
91 98
91 99
91 104
91 106
91 108
91 109
91 110
91 111
91 114
91 116
91 118
91 119
91 122
91 124
91 125
91 128
91 129
91 130
91 132
91 134
91 135
91 136
91 138
91 139
91 141
91 143
91 146
91 147
91 152
91 155
91 158
91 159
91 160
91 167
91 170
91 173
91 176
91 177
92 93
92 97
92 100
92 102
92 103
92 105
92 107
92 108
92 109
92 111
92 112
92 115
92 120
92 121
92 122
92 123
92 126
92 129
92 131
92 134
92 139
92 140
92 142
92 143
92 145
92 146
92 148
92 149
92 151
92 152
92 155
92 156
92 159
92 161
92 162
92 163
92 164
92 168
92 169
92 170
92 179
93 94
93 97
93 98
93 99
93 100
93 101
93 104
93 105
93 107
93 108
93 109
93 113
93 115
93 118
93 119
93 120
93 124
93 127
93 132
93 133
93 135
93 137
93 139
93 141
93 143
93 145
93 150
93 151
93 152
93 154
93 158
93 160
93 161
93 163
93 166
93 169
93 171
93 173
93 176
93 177
93 178
93 179
94 95
94 96
94 101
94 102
94 103
94 106
94 107
94 111
94 112
94 113
94 114
94 116
94 119
94 130
94 131
94 132
94 133
94 135
94 136
94 137
94 139
94 140
94 144
94 146
94 147
94 149
94 150
94 152
94 153
94 155
94 156
94 158
94 161
94 162
94 166
94 168
94 173
94 174
94 175
94 176
95 97
95 100
95 102
95 103
95 106
95 109
95 111
95 112
95 116
95 118
95 120
95 123
95 125
95 130
95 131
95 137
95 138
95 141
95 142
95 144
95 145
95 146
95 147
95 149
95 150
95 154
95 155
95 156
95 157
95 160
95 165
95 167
95 171
95 173
95 177
96 97
96 98
96 99
96 100
96 103
96 104
96 105
96 108
96 110
96 111
96 112
96 114
96 115
96 118
96 121
96 127
96 129
96 130
96 134
96 135
96 136
96 138
96 141
96 145
96 148
96 149
96 150
96 151
96 153
96 158
96 159
96 163
96 169
96 170
96 173
96 179
97 99
97 101
97 103
97 104
97 105
97 106
97 110
97 111
97 113
97 114
97 115
97 117
97 120
97 122
97 123
97 124
97 125
97 126
97 128
97 129
97 132
97 133
97 136
97 138
97 144
97 148
97 154
97 159
97 161
97 162
97 164
97 168
97 169
97 176
98 99
98 101
98 103
98 104
98 105
98 106
98 107
98 116
98 117
98 118
98 120
98 121
98 123
98 125
98 126
98 127
98 128
98 130
98 133
98 134
98 135
98 137
98 140
98 142
98 144
98 148
98 149
98 150
98 157
98 161
98 162
98 169
98 173
98 174
98 176
98 177
98 179
99 101
99 104
99 105
99 108
99 109
99 110
99 114
99 116
99 117
99 120
99 121
99 124
99 125
99 126
99 127
99 128
99 129
99 130
99 138
99 142
99 143
99 144
99 145
99 152
99 155
99 157
99 158
99 162
99 166
99 169
99 170
99 172
99 173
99 174
99 179
100 102
100 104
100 106
100 107
100 109
100 110
100 112
100 114
100 117
100 118
100 122
100 124
100 127
100 131
100 132
100 133
100 134
100 135
100 137
100 138
100 140
100 141
100 143
100 144
100 147
100 152
100 155
100 158
100 160
100 161
100 165
100 167
100 168
100 171
100 172
100 176
100 178
101 105
101 107
101 108
101 109
101 112
101 114
101 115
101 116
101 119
101 121
101 122
101 126
101 131
101 133
101 134
101 135
101 136
101 139
101 141
101 144
101 147
101 148
101 151
101 156
101 157
101 159
101 160
101 162
101 166
101 168
101 170
101 171
101 175
102 106
102 109
102 111
102 113
102 114
102 115
102 116
102 118
102 120
102 121
102 123
102 126
102 127
102 130
102 131
102 132
102 133
102 138
102 140
102 142
102 144
102 145
102 148
102 151
102 152
102 153
102 158
102 161
102 162
102 163
102 164
102 165
102 168
102 169
102 171
102 174
102 175
103 104
103 105
103 107
103 111
103 114
103 116
103 117
103 118
103 119
103 120
103 122
103 128
103 130
103 133
103 136
103 137
103 140
103 142
103 145
103 148
103 150
103 153
103 155
103 158
103 161
103 165
103 166
103 169
103 173
103 174
103 175
103 176
103 177
103 178
104 107
104 108
104 109
104 110
104 111
104 112
104 115
104 116
104 117
104 118
104 120
104 121
104 122
104 124
104 125
104 127
104 130
104 131
104 132
104 135
104 137
104 139
104 142
104 144
104 147
104 152
104 153
104 155
104 157
104 158
104 161
104 162
104 165
104 166
104 168
104 169
104 171
104 173
104 174
104 175
104 176
105 108
105 110
105 111
105 115
105 116
105 118
105 122
105 126
105 129
105 132
105 133
105 136
105 138
105 139
105 141
105 146
105 150
105 151
105 152
105 155
105 168
105 169
105 172
105 173
105 175
105 176
105 177
105 179
106 108
106 109
106 110
106 112
106 113
106 115
106 117
106 118
106 123
106 125
106 132
106 133
106 140
106 141
106 143
106 145
106 147
106 151
106 153
106 154
106 156
106 157
106 158
106 159
106 161
106 162
106 163
106 165
106 166
106 168
106 172
106 173
106 175
106 177
106 178
107 109
107 111
107 114
107 117
107 119
107 120
107 123
107 127
107 129
107 131
107 132
107 133
107 135
107 136
107 138
107 139
107 143
107 148
107 150
107 151
107 153
107 157
107 158
107 159
107 162
107 163
107 166
107 168
107 172
107 173
107 174
107 175
107 178
108 110
108 112
108 113
108 114
108 116
108 117
108 118
108 123
108 125
108 127
108 128
108 130
108 131
108 136
108 137
108 140
108 143
108 144
108 145
108 147
108 149
108 152
108 158
108 159
108 161
108 162
108 164
108 167
108 169
108 171
108 175
108 176
108 177
109 112
109 115
109 116
109 122
109 123
109 126
109 130
109 133
109 134
109 135
109 142
109 145
109 147
109 149
109 151
109 152
109 156
109 160
109 161
109 162
109 165
109 167
109 170
109 171
109 173
109 178
109 179
110 112
110 113
110 117
110 119
110 120
110 121
110 122
110 123
110 126
110 128
110 131
110 133
110 135
110 137
110 142
110 146
110 147
110 148
110 150
110 151
110 152
110 158
110 159
110 160
110 161
110 164
110 169
110 170
110 174
110 175
110 176
110 178
111 112
111 115
111 116
111 120
111 122
111 123
111 125
111 130
111 131
111 133
111 134
111 141
111 143
111 146
111 147
111 152
111 157
111 158
111 160
111 162
111 163
111 170
111 172
111 175
111 177
111 178
112 113
112 115
112 116
112 117
112 119
112 121
112 125
112 126
112 127
112 128
112 130
112 131
112 134
112 139
112 143
112 145
112 146
112 147
112 150
112 152
112 154
112 156
112 158
112 165
112 167
112 169
112 171
112 172
112 173
112 174
112 175
112 179
113 114
113 116
113 117
113 119
113 121
113 122
113 129
113 130
113 131
113 133
113 138
113 143
113 145
113 148
113 149
113 150
113 151
113 152
113 153
113 154
113 155
113 156
113 157
113 158
113 159
113 161
113 163
113 168
113 169
113 170
113 176
113 179
114 115
114 119
114 120
114 121
114 122
114 123
114 128
114 131
114 133
114 135
114 137
114 140
114 142
114 143
114 146
114 147
114 148
114 152
114 156
114 157
114 159
114 160
114 161
114 165
114 167
114 168
114 170
115 121
115 123
115 126
115 127
115 131
115 136
115 139
115 140
115 143
115 144
115 145
115 146
115 150
115 151
115 152
115 154
115 160
115 162
115 164
115 165
115 169
115 170
115 171
115 177
116 118
116 119
116 121
116 122
116 123
116 124
116 125
116 126
116 132
116 133
116 134
116 137
116 139
116 140
116 142
116 145
116 146
116 149
116 150
116 153
116 155
116 156
116 158
116 159
116 160
116 163
116 168
116 169
116 172
116 175
116 177
117 118
117 125
117 126
117 128
117 131
117 132
117 135
117 137
117 138
117 144
117 146
117 147
117 151
117 152
117 157
117 160
117 164
117 167
117 174
117 178
118 119
118 120
118 121
118 122
118 124
118 129
118 132
118 134
118 137
118 142
118 143
118 144
118 151
118 157
118 160
118 161
118 163
118 165
118 166
118 167
118 171
118 172
118 173
118 174
118 175
118 176
118 178
118 179
119 121
119 122
119 124
119 125
119 126
119 127
119 128
119 130
119 131
119 133
119 135
119 141
119 142
119 146
119 147
119 149
119 153
119 154
119 155
119 156
119 157
119 158
119 160
119 166
119 170
119 172
119 173
119 174
119 176
119 177
119 179
120 121
120 122
120 123
120 124
120 125
120 126
120 128
120 130
120 131
120 132
120 139
120 140
120 142
120 146
120 147
120 152
120 156
120 158
120 160
120 161
120 163
120 169
120 170
120 175
121 124
121 126
121 133
121 135
121 137
121 138
121 140
121 141
121 146
121 148
121 149
121 151
121 152
121 153
121 155
121 156
121 161
121 164
121 167
121 170
121 172
121 175
121 177
122 123
122 126
122 128
122 130
122 131
122 132
122 135
122 137
122 138
122 139
122 140
122 141
122 142
122 144
122 146
122 151
122 154
122 155
122 159
122 162
122 165
122 167
122 170
122 174
122 176
122 178
123 125
123 129
123 132
123 133
123 135
123 136
123 138
123 139
123 140
123 141
123 143
123 145
123 147
123 152
123 154
123 157
123 158
123 160
123 164
123 165
123 166
123 167
123 168
124 128
124 129
124 132
124 133
124 141
124 144
124 145
124 149
124 151
124 152
124 154
124 155
124 156
124 158
124 159
124 160
124 163
124 164
124 169
124 179
125 135
125 137
125 144
125 145
125 147
125 156
125 157
125 159
125 161
125 163
125 165
125 166
125 167
125 170
125 171
125 173
125 176
125 178
126 127
126 132
126 133
126 135
126 137
126 138
126 139
126 140
126 144
126 146
126 149
126 151
126 152
126 160
126 163
126 165
126 172
126 176
126 179
127 129
127 132
127 133
127 138
127 140
127 142
127 149
127 150
127 155
127 157
127 162
127 163
127 171
127 172
127 173
127 175
127 176
127 178
128 129
128 132
128 133
128 134
128 136
128 139
128 140
128 142
128 145
128 146
128 149
128 150
128 151
128 152
128 153
128 154
128 155
128 156
128 157
128 158
128 162
128 165
128 172
128 173
128 174
128 177
129 130
129 132
129 137
129 139
129 141
129 146
129 149
129 154
129 156
129 161
129 163
129 165
129 166
129 167
129 169
129 176
129 177
130 131
130 132
130 135
130 137
130 140
130 144
130 146
130 147
130 148
130 150
130 158
130 165
130 167
130 169
130 170
130 171
130 177
130 178
131 135
131 136
131 138
131 141
131 142
131 146
131 160
131 163
131 164
131 165
131 168
131 171
131 176
131 177
132 133
132 135
132 139
132 141
132 145
132 149
132 156
132 158
132 160
132 161
132 169
132 171
132 172
132 173
132 176
132 178
132 179
133 134
133 136
133 137
133 140
133 141
133 145
133 159
133 160
133 164
133 166
133 170
133 173
133 176
133 178
133 179
134 137
134 141
134 142
134 145
134 147
134 150
134 151
134 152
134 157
134 162
134 166
134 167
134 168
134 170
134 174
135 136
135 138
135 139
135 144
135 145
135 147
135 148
135 152
135 153
135 154
135 157
135 158
135 168
135 170
135 172
136 143
136 148
136 150
136 153
136 155
136 161
136 166
136 170
136 176
136 179
137 138
137 139
137 141
137 142
137 143
137 145
137 148
137 151
137 152
137 153
137 154
137 159
137 163
137 164
137 166
137 170
137 171
137 172
138 142
138 143
138 146
138 150
138 152
138 154
138 155
138 157
138 159
138 160
138 164
138 165
138 167
138 168
138 169
138 170
138 178
138 179
139 140
139 146
139 155
139 159
139 160
139 169
139 172
139 176
139 179
140 142
140 143
140 146
140 148
140 150
140 151
140 152
140 153
140 159
140 160
140 164
140 167
140 169
140 170
140 172
140 173
140 174
140 175
141 143
141 148
141 149
141 151
141 152
141 154
141 157
141 162
141 164
141 166
141 169
141 170
141 171
141 172
142 149
142 151
142 152
142 156
142 157
142 159
142 160
142 163
142 165
142 167
142 170
142 171
142 172
142 175
142 176
142 177
143 146
143 148
143 149
143 155
143 157
143 161
143 165
143 166
143 167
143 171
143 172
143 173
143 174
143 176
143 179
144 145
144 147
144 148
144 149
144 152
144 153
144 154
144 155
144 156
144 157
144 159
144 160
144 163
144 164
144 167
144 169
144 170
144 171
144 172
144 173
144 175
145 148
145 151
145 153
145 154
145 156
145 157
145 161
145 168
145 169
145 173
145 177
146 149
146 151
146 152
146 153
146 154
146 155
146 157
146 158
146 159
146 160
146 165
146 171
146 176
146 179
147 148
147 149
147 151
147 152
147 161
147 164
147 165
147 168
147 171
147 173
147 175
147 176
147 178
148 150
148 152
148 153
148 155
148 157
148 158
148 159
148 160
148 161
148 162
148 166
148 168
148 170
148 173
148 176
148 177
148 178
149 152
149 153
149 158
149 160
149 162
149 163
149 164
149 167
149 171
149 172
149 173
149 175
150 153
150 159
150 164
150 168
150 170
150 172
150 173
150 174
150 175
150 177
150 178
150 179
151 154
151 155
151 156
151 162
151 163
151 165
151 173
152 154
152 158
152 159
152 160
152 161
152 163
152 166
152 168
152 170
152 175
152 177
152 178
152 179
153 154
153 156
153 157
153 158
153 162
153 163
153 164
153 168
153 169
153 173
153 178
154 156
154 157
154 159
154 160
154 164
154 171
154 173
154 175
155 156
155 159
155 162
155 163
155 165
155 166
155 168
155 169
155 173
155 175
155 176
155 178
156 157
156 158
156 159
156 161
156 167
156 168
156 172
156 174
156 175
156 176
156 177
156 179
157 158
157 161
157 165
157 166
157 172
157 175
157 179
158 163
158 165
158 167
158 171
158 174
158 177
158 179
159 160
159 161
159 164
159 167
159 172
159 176
159 177
160 163
160 166
160 167
160 168
160 172
160 175
160 178
160 179
161 164
161 165
161 168
161 170
161 171
161 173
161 174
161 175
162 164
162 165
162 166
162 167
162 171
162 173
162 176
162 177
162 178
162 179
163 164
163 167
163 168
163 169
163 175
163 178
164 165
164 167
164 168
164 171
164 174
164 175
164 177
164 178
165 166
165 167
165 175
165 176
165 177
167 169
167 170
167 174
167 177
168 169
168 170
168 172
168 174
168 176
169 170
169 171
170 175
171 179
172 176
173 178
174 176
174 177
175 176
176 179
177 178
