188
0 1
0 2
0 3
0 4
0 5
0 7
0 8
0 9
0 10
0 11
0 12
0 14
0 15
0 17
0 18
0 20
0 21
0 24
0 25
0 26
0 27
0 28
0 30
0 31
0 34
0 35
0 36
0 37
0 38
0 39
0 40
0 42
0 44
0 45
0 46
0 47
0 48
0 50
0 51
0 53
0 54
0 55
0 57
0 58
0 62
0 64
0 68
0 70
0 71
0 72
0 73
0 78
0 80
0 81
0 82
0 83
0 85
0 86
0 88
0 89
0 90
0 91
0 93
0 95
0 96
0 97
0 98
0 102
0 104
0 106
0 107
0 110
0 112
0 115
0 116
0 118
0 119
0 120
0 121
0 124
0 126
0 127
0 128
0 130
0 131
0 132
0 133
0 134
0 135
0 136
0 137
0 138
0 139
0 142
0 143
0 144
0 145
0 146
0 147
0 148
0 149
0 150
0 154
0 157
0 158
0 160
0 162
0 164
0 170
0 171
0 175
0 176
0 177
0 178
0 180
0 186
0 187
1 2
1 3
1 4
1 5
1 7
1 8
1 9
1 10
1 11
1 13
1 14
1 16
1 17
1 18
1 19
1 20
1 22
1 23
1 24
1 25
1 26
1 27
1 28
1 30
1 35
1 37
1 40
1 41
1 43
1 45
1 46
1 47
1 48
1 50
1 52
1 55
1 57
1 58
1 61
1 62
1 63
1 64
1 65
1 66
1 70
1 74
1 77
1 79
1 80
1 81
1 85
1 86
1 87
1 88
1 89
1 90
1 92
1 93
1 94
1 95
1 98
1 99
1 100
1 105
1 107
1 108
1 110
1 111
1 114
1 116
1 117
1 118
1 119
1 121
1 124
1 125
1 126
1 127
1 130
1 131
1 132
1 135
1 136
1 138
1 139
1 140
1 142
1 145
1 147
1 148
1 150
1 151
1 152
1 153
1 154
1 155
1 156
1 157
1 160
1 161
1 162
1 163
1 164
1 166
1 167
1 168
1 172
1 173
1 174
1 175
1 176
1 179
1 180
1 187
2 3
2 8
2 9
2 10
2 11
2 12
2 14
2 15
2 16
2 17
2 18
2 19
2 20
2 21
2 22
2 23
2 24
2 25
2 26
2 27
2 28
2 29
2 30
2 31
2 32
2 33
2 34
2 36
2 39
2 41
2 42
2 43
2 45
2 46
2 47
2 48
2 50
2 51
2 52
2 54
2 55
2 56
2 57
2 58
2 60
2 61
2 68
2 69
2 70
2 71
2 72
2 73
2 75
2 76
2 77
2 80
2 81
2 84
2 86
2 87
2 88
2 89
2 90
2 92
2 95
2 96
2 97
2 98
2 99
2 100
2 101
2 103
2 104
2 105
2 111
2 114
2 115
2 116
2 119
2 121
2 125
2 127
2 129
2 131
2 132
2 134
2 137
2 139
2 140
2 142
2 144
2 146
2 149
2 150
2 154
2 155
2 156
2 158
2 163
2 164
2 165
2 166
2 170
2 172
2 175
2 176
2 177
2 180
2 181
2 183
2 184
2 185
2 187
3 4
3 5
3 6
3 7
3 8
3 9
3 13
3 14
3 16
3 19
3 21
3 23
3 24
3 25
3 27
3 29
3 31
3 32
3 34
3 35
3 36
3 37
3 38
3 40
3 41
3 43
3 44
3 45
3 48
3 50
3 52
3 53
3 54
3 55
3 57
3 58
3 59
3 62
3 64
3 65
3 66
3 67
3 68
3 70
3 71
3 73
3 74
3 80
3 81
3 82
3 83
3 85
3 87
3 88
3 89
3 90
3 93
3 96
3 97
3 99
3 101
3 103
3 105
3 106
3 108
3 109
3 110
3 111
3 112
3 113
3 116
3 117
3 119
3 120
3 121
3 123
3 125
3 127
3 129
3 131
3 134
3 138
3 139
3 140
3 142
3 143
3 148
3 149
3 150
3 152
3 155
3 157
3 160
3 161
3 165
3 166
3 167
3 169
3 171
3 173
3 175
3 180
3 181
3 183
3 184
3 185
4 7
4 8
4 9
4 10
4 11
4 15
4 16
4 18
4 19
4 20
4 22
4 24
4 26
4 27
4 28
4 31
4 32
4 33
4 34
4 35
4 36
4 38
4 39
4 41
4 42
4 43
4 44
4 48
4 51
4 52
4 54
4 55
4 56
4 58
4 59
4 61
4 63
4 64
4 65
4 67
4 71
4 72
4 76
4 78
4 79
4 81
4 83
4 84
4 85
4 86
4 87
4 88
4 89
4 91
4 94
4 95
4 96
4 97
4 100
4 101
4 102
4 103
4 105
4 106
4 108
4 110
4 111
4 113
4 115
4 116
4 117
4 119
4 120
4 121
4 122
4 123
4 125
4 126
4 128
4 129
4 130
4 133
4 136
4 138
4 139
4 140
4 143
4 145
4 147
4 149
4 150
4 161
4 162
4 169
4 171
4 172
4 177
4 178
4 179
4 180
4 184
4 187
5 6
5 7
5 12
5 13
5 14
5 16
5 18
5 20
5 21
5 22
5 23
5 25
5 26
5 27
5 28
5 29
5 30
5 33
5 34
5 35
5 37
5 43
5 45
5 48
5 49
5 50
5 51
5 53
5 54
5 56
5 58
5 59
5 60
5 61
5 62
5 63
5 65
5 66
5 67
5 68
5 69
5 71
5 72
5 74
5 76
5 79
5 80
5 81
5 82
5 85
5 86
5 89
5 90
5 91
5 92
5 94
5 95
5 96
5 97
5 98
5 99
5 101
5 102
5 104
5 106
5 110
5 113
5 115
5 116
5 117
5 119
5 123
5 124
5 125
5 127
5 128
5 130
5 132
5 134
5 136
5 138
5 141
5 144
5 145
5 148
5 149
5 155
5 158
5 160
5 165
5 166
5 167
5 168
5 169
5 171
5 173
5 176
5 177
5 181
5 185
5 186
6 7
6 8
6 9
6 11
6 12
6 13
6 14
6 15
6 18
6 21
6 23
6 26
6 28
6 29
6 32
6 34
6 37
6 38
6 40
6 41
6 42
6 43
6 46
6 47
6 48
6 49
6 51
6 54
6 59
6 60
6 61
6 62
6 63
6 66
6 68
6 69
6 70
6 73
6 76
6 82
6 83
6 84
6 85
6 88
6 89
6 90
6 91
6 94
6 95
6 96
6 99
6 100
6 102
6 103
6 104
6 108
6 109
6 110
6 111
6 113
6 115
6 117
6 118
6 119
6 120
6 121
6 123
6 124
6 127
6 128
6 131
6 133
6 135
6 136
6 137
6 138
6 139
6 142
6 143
6 144
6 145
6 147
6 150
6 151
6 155
6 157
6 161
6 162
6 163
6 166
6 170
6 175
6 177
6 179
6 180
6 182
6 183
6 184
7 8
7 9
7 11
7 12
7 13
7 14
7 16
7 19
7 20
7 21
7 22
7 23
7 25
7 26
7 29
7 31
7 33
7 34
7 36
7 37
7 38
7 39
7 41
7 42
7 43
7 44
7 45
7 47
7 48
7 49
7 50
7 54
7 56
7 62
7 64
7 67
7 70
7 72
7 73
7 74
7 79
7 80
7 81
7 82
7 84
7 88
7 89
7 92
7 94
7 96
7 97
7 98
7 101
7 104
7 106
7 109
7 110
7 111
7 112
7 113
7 114
7 115
7 116
7 118
7 121
7 122
7 124
7 125
7 126
7 129
7 131
7 133
7 135
7 137
7 138
7 139
7 141
7 142
7 145
7 147
7 148
7 149
7 150
7 152
7 154
7 155
7 158
7 159
7 164
7 165
7 166
7 168
7 170
7 171
7 174
7 175
7 179
7 180
7 181
7 184
7 185
7 186
7 187
8 9
8 10
8 12
8 13
8 14
8 16
8 17
8 19
8 20
8 21
8 22
8 23
8 25
8 26
8 27
8 28
8 30
8 31
8 32
8 34
8 35
8 37
8 38
8 39
8 41
8 42
8 43
8 48
8 49
8 51
8 57
8 58
8 60
8 61
8 63
8 64
8 65
8 67
8 68
8 74
8 75
8 77
8 78
8 81
8 82
8 86
8 87
8 89
8 90
8 93
8 95
8 97
8 100
8 101
8 105
8 106
8 107
8 109
8 110
8 111
8 112
8 114
8 116
8 117
8 118
8 121
8 125
8 126
8 127
8 131
8 134
8 135
8 138
8 140
8 142
8 143
8 144
8 145
8 146
8 148
8 151
8 152
8 154
8 155
8 156
8 157
8 160
8 161
8 163
8 164
8 165
8 167
8 169
8 170
8 172
8 174
8 176
8 178
8 180
8 181
8 182
8 183
8 186
8 187
9 11
9 12
9 13
9 16
9 17
9 21
9 23
9 27
9 30
9 32
9 33
9 34
9 35
9 36
9 37
9 39
9 40
9 44
9 45
9 47
9 49
9 50
9 52
9 55
9 56
9 57
9 58
9 59
9 60
9 62
9 63
9 67
9 68
9 73
9 74
9 76
9 77
9 78
9 79
9 81
9 83
9 84
9 86
9 87
9 89
9 92
9 94
9 96
9 97
9 98
9 101
9 106
9 109
9 112
9 116
9 117
9 118
9 119
9 121
9 122
9 123
9 124
9 125
9 127
9 128
9 129
9 130
9 131
9 132
9 133
9 135
9 136
9 138
9 142
9 143
9 145
9 148
9 151
9 153
9 158
9 159
9 160
9 163
9 165
9 167
9 168
9 170
9 171
9 174
9 177
9 180
10 13
10 14
10 15
10 16
10 18
10 20
10 21
10 24
10 26
10 28
10 29
10 30
10 31
10 32
10 33
10 34
10 35
10 36
10 37
10 38
10 40
10 45
10 46
10 47
10 48
10 50
10 51
10 52
10 54
10 57
10 59
10 60
10 65
10 66
10 68
10 70
10 72
10 73
10 76
10 79
10 80
10 82
10 83
10 84
10 86
10 87
10 89
10 90
10 92
10 93
10 95
10 96
10 97
10 100
10 101
10 102
10 103
10 105
10 106
10 109
10 110
10 112
10 113
10 114
10 115
10 118
10 119
10 120
10 121
10 127
10 128
10 129
10 130
10 131
10 133
10 135
10 136
10 138
10 139
10 140
10 142
10 144
10 148
10 153
10 155
10 159
10 160
10 162
10 163
10 164
10 165
10 167
10 170
10 172
10 175
10 180
10 181
10 182
10 184
10 186
10 187
11 15
11 18
11 19
11 20
11 21
11 23
11 24
11 28
11 30
11 31
11 32
11 33
11 37
11 38
11 40
11 43
11 44
11 45
11 46
11 47
11 49
11 50
11 51
11 53
11 54
11 57
11 58
11 59
11 60
11 61
11 62
11 63
11 64
11 65
11 66
11 67
11 69
11 70
11 71
11 74
11 75
11 76
11 79
11 81
11 82
11 84
11 89
11 90
11 91
11 92
11 93
11 96
11 97
11 98
11 100
11 101
11 105
11 107
11 110
11 113
11 114
11 115
11 117
11 118
11 119
11 121
11 122
11 123
11 126
11 129
11 130
11 133
11 134
11 136
11 137
11 138
11 139
11 140
11 143
11 144
11 145
11 148
11 149
11 151
11 152
11 155
11 156
11 157
11 158
11 163
11 165
11 166
11 168
11 169
11 170
11 171
11 172
11 173
11 174
11 176
11 177
11 178
11 179
11 181
11 184
11 185
11 186
11 187
12 14
12 16
12 18
12 19
12 21
12 22
12 24
12 27
12 29
12 30
12 31
12 32
12 33
12 34
12 35
12 38
12 39
12 40
12 41
12 42
12 44
12 45
12 46
12 48
12 49
12 53
12 54
12 55
12 57
12 60
12 61
12 62
12 67
12 69
12 70
12 71
12 72
12 73
12 75
12 77
12 78
12 79
12 80
12 81
12 85
12 86
12 87
12 89
12 90
12 93
12 97
12 98
12 101
12 103
12 106
12 107
12 109
12 112
12 114
12 116
12 117
12 118
12 119
12 124
12 125
12 127
12 128
12 129
12 133
12 134
12 135
12 136
12 138
12 143
12 144
12 145
12 146
12 147
12 148
12 150
12 151
12 153
12 157
12 159
12 160
12 165
12 166
12 167
12 168
12 170
12 174
12 179
12 180
12 181
12 183
12 185
12 187
13 15
13 16
13 17
13 18
13 20
13 21
13 22
13 24
13 25
13 26
13 27
13 28
13 29
13 30
13 32
13 33
13 34
13 35
13 36
13 37
13 43
13 44
13 49
13 50
13 51
13 54
13 55
13 56
13 58
13 60
13 61
13 63
13 66
13 68
13 71
13 73
13 74
13 75
13 76
13 77
13 79
13 80
13 81
13 82
13 83
13 84
13 86
13 87
13 89
13 91
13 94
13 95
13 98
13 100
13 101
13 105
13 106
13 107
13 108
13 109
13 110
13 111
13 114
13 116
13 118
13 119
13 120
13 121
13 122
13 127
13 128
13 129
13 131
13 135
13 136
13 138
13 139
13 140
13 142
13 145
13 146
13 148
13 149
13 150
13 153
13 154
13 155
13 157
13 158
13 160
13 162
13 167
13 170
13 171
13 173
13 176
13 177
13 178
13 181
13 183
13 185
13 186
14 15
14 17
14 18
14 20
14 21
14 23
14 24
14 27
14 28
14 29
14 30
14 31
14 33
14 34
14 35
14 36
14 38
14 39
14 41
14 43
14 45
14 46
14 47
14 48
14 49
14 50
14 51
14 53
14 56
14 59
14 61
14 63
14 64
14 66
14 67
14 68
14 70
14 71
14 72
14 73
14 74
14 75
14 76
14 78
14 79
14 80
14 81
14 82
14 85
14 87
14 90
14 93
14 94
14 98
14 99
14 100
14 104
14 105
14 107
14 108
14 110
14 112
14 114
14 116
14 117
14 118
14 119
14 120
14 122
14 123
14 124
14 125
14 126
14 132
14 134
14 135
14 138
14 139
14 140
14 144
14 145
14 148
14 151
14 152
14 154
14 155
14 157
14 160
14 161
14 162
14 163
14 165
14 170
14 171
14 174
14 177
14 178
14 179
14 181
14 183
14 184
15 16
15 18
15 19
15 22
15 24
15 25
15 26
15 27
15 28
15 30
15 32
15 34
15 35
15 36
15 39
15 40
15 43
15 44
15 46
15 47
15 48
15 49
15 50
15 51
15 53
15 56
15 58
15 60
15 61
15 62
15 65
15 66
15 68
15 70
15 71
15 73
15 74
15 75
15 76
15 77
15 78
15 82
15 83
15 85
15 86
15 89
15 90
15 91
15 93
15 95
15 96
15 97
15 101
15 105
15 106
15 109
15 110
15 114
15 115
15 117
15 119
15 120
15 122
15 123
15 124
15 126
15 127
15 128
15 129
15 131
15 132
15 134
15 135
15 136
15 139
15 140
15 141
15 143
15 147
15 148
15 150
15 151
15 152
15 153
15 156
15 158
15 161
15 163
15 164
15 165
15 166
15 169
15 173
15 174
15 179
15 182
15 183
15 184
16 17
16 19
16 20
16 21
16 24
16 25
16 26
16 27
16 28
16 29
16 32
16 33
16 34
16 35
16 37
16 38
16 39
16 40
16 43
16 44
16 45
16 49
16 50
16 52
16 55
16 56
16 58
16 60
16 62
16 63
16 67
16 68
16 69
16 70
16 71
16 72
16 73
16 74
16 75
16 76
16 78
16 79
16 81
16 82
16 85
16 86
16 88
16 89
16 90
16 93
16 94
16 98
16 100
16 101
16 102
16 103
16 104
16 105
16 109
16 114
16 116
16 118
16 120
16 121
16 122
16 125
16 126
16 127
16 129
16 130
16 134
16 135
16 137
16 138
16 139
16 140
16 141
16 142
16 146
16 148
16 150
16 151
16 153
16 158
16 159
16 160
16 163
16 166
16 171
16 174
16 175
16 176
16 179
16 182
16 183
16 184
17 18
17 20
17 22
17 24
17 26
17 28
17 32
17 33
17 34
17 36
17 37
17 38
17 39
17 40
17 41
17 43
17 45
17 48
17 49
17 51
17 52
17 53
17 54
17 56
17 57
17 59
17 60
17 62
17 64
17 66
17 67
17 70
17 71
17 78
17 79
17 82
17 83
17 84
17 85
17 86
17 87
17 88
17 92
17 93
17 94
17 95
17 96
17 98
17 102
17 103
17 104
17 105
17 106
17 107
17 109
17 111
17 112
17 113
17 114
17 115
17 120
17 121
17 124
17 126
17 128
17 129
17 132
17 133
17 134
17 135
17 137
17 139
17 140
17 144
17 145
17 146
17 147
17 152
17 153
17 154
17 155
17 157
17 159
17 160
17 163
17 166
17 167
17 170
17 172
17 173
17 174
17 180
17 181
18 23
18 24
18 25
18 26
18 27
18 28
18 29
18 33
18 35
18 37
18 39
18 41
18 42
18 43
18 44
18 49
18 50
18 51
18 52
18 53
18 55
18 56
18 58
18 59
18 60
18 64
18 65
18 68
18 69
18 71
18 72
18 75
18 76
18 77
18 83
18 84
18 85
18 88
18 89
18 90
18 93
18 94
18 96
18 98
18 99
18 100
18 101
18 104
18 105
18 106
18 107
18 108
18 109
18 111
18 115
18 116
18 117
18 120
18 128
18 129
18 131
18 132
18 133
18 134
18 137
18 145
18 147
18 149
18 153
18 154
18 156
18 157
18 163
18 164
18 165
18 169
18 171
18 172
18 173
18 175
18 176
18 178
18 180
18 181
18 182
18 185
18 186
19 20
19 24
19 26
19 28
19 29
19 30
19 31
19 35
19 36
19 37
19 38
19 39
19 41
19 42
19 43
19 44
19 46
19 47
19 48
19 49
19 50
19 51
19 53
19 54
19 56
19 57
19 59
19 60
19 63
19 64
19 66
19 67
19 68
19 69
19 70
19 71
19 73
19 74
19 76
19 77
19 78
19 79
19 80
19 82
19 83
19 86
19 91
19 95
19 96
19 97
19 100
19 101
19 102
19 103
19 104
19 105
19 106
19 108
19 111
19 114
19 115
19 116
19 118
19 124
19 126
19 127
19 128
19 130
19 132
19 135
19 140
19 144
19 145
19 146
19 149
19 150
19 155
19 157
19 159
19 160
19 161
19 162
19 165
19 170
19 171
19 172
19 175
19 177
19 179
19 180
19 182
19 183
19 184
19 186
19 187
20 21
20 22
20 23
20 25
20 26
20 28
20 29
20 30
20 31
20 32
20 35
20 37
20 38
20 39
20 40
20 41
20 44
20 45
20 46
20 47
20 49
20 50
20 51
20 52
20 53
20 54
20 55
20 56
20 57
20 59
20 60
20 63
20 64
20 66
20 67
20 68
20 69
20 72
20 73
20 75
20 76
20 77
20 78
20 82
20 83
20 87
20 89
20 92
20 93
20 94
20 95
20 96
20 97
20 100
20 101
20 102
20 106
20 109
20 110
20 111
20 113
20 115
20 118
20 119
20 123
20 125
20 126
20 128
20 129
20 130
20 131
20 132
20 134
20 135
20 136
20 138
20 140
20 143
20 144
20 147
20 148
20 149
20 151
20 152
20 155
20 156
20 157
20 159
20 160
20 163
20 164
20 165
20 167
20 173
20 174
20 175
20 177
20 181
20 183
20 186
20 187
21 22
21 23
21 24
21 26
21 27
21 28
21 30
21 31
21 32
21 33
21 35
21 36
21 38
21 39
21 40
21 42
21 44
21 45
21 46
21 47
21 48
21 49
21 52
21 55
21 60
21 62
21 63
21 64
21 65
21 67
21 68
21 70
21 71
21 72
21 75
21 81
21 82
21 83
21 85
21 87
21 90
21 92
21 94
21 95
21 97
21 98
21 99
21 101
21 103
21 105
21 109
21 110
21 111
21 113
21 114
21 115
21 118
21 119
21 121
21 122
21 123
21 124
21 125
21 128
21 129
21 130
21 131
21 132
21 135
21 136
21 137
21 139
21 140
21 141
21 142
21 143
21 146
21 147
21 149
21 152
21 157
21 158
21 161
21 163
21 164
21 165
21 166
21 168
21 170
21 171
21 177
21 179
21 187
22 25
22 27
22 31
22 33
22 35
22 36
22 37
22 38
22 41
22 43
22 45
22 46
22 47
22 49
22 50
22 51
22 53
22 55
22 56
22 57
22 58
22 61
22 63
22 64
22 65
22 66
22 67
22 68
22 69
22 74
22 75
22 76
22 77
22 78
22 80
22 81
22 82
22 83
22 84
22 85
22 86
22 87
22 88
22 89
22 90
22 92
22 93
22 95
22 97
22 99
22 101
22 102
22 103
22 105
22 108
22 109
22 110
22 111
22 112
22 115
22 118
22 119
22 121
22 122
22 124
22 125
22 126
22 128
22 129
22 130
22 131
22 132
22 138
22 139
22 142
22 144
22 147
22 148
22 151
22 152
22 153
22 155
22 158
22 159
22 161
22 164
22 165
22 167
22 168
22 169
22 171
22 178
22 179
22 180
22 186
23 25
23 28
23 30
23 31
23 33
23 36
23 37
23 39
23 40
23 41
23 42
23 43
23 45
23 46
23 48
23 49
23 50
23 51
23 52
23 53
23 54
23 55
23 57
23 58
23 59
23 61
23 62
23 63
23 64
23 67
23 68
23 74
23 79
23 80
23 81
23 82
23 84
23 85
23 86
23 89
23 90
23 93
23 94
23 96
23 100
23 101
23 102
23 103
23 105
23 106
23 107
23 110
23 111
23 114
23 116
23 117
23 118
23 120
23 121
23 123
23 126
23 128
23 129
23 130
23 132
23 133
23 135
23 136
23 137
23 139
23 140
23 143
23 144
23 147
23 153
23 154
23 155
23 156
23 157
23 158
23 161
23 164
23 166
23 167
23 168
23 170
23 171
23 174
23 176
23 180
23 181
23 183
23 184
23 185
23 187
24 26
24 28
24 30
24 36
24 37
24 38
24 40
24 43
24 45
24 46
24 47
24 50
24 52
24 55
24 57
24 58
24 59
24 60
24 61
24 65
24 66
24 67
24 68
24 69
24 71
24 72
24 73
24 74
24 75
24 77
24 78
24 79
24 80
24 81
24 82
24 83
24 85
24 86
24 89
24 90
24 92
24 93
24 95
24 99
24 101
24 106
24 107
24 108
24 109
24 111
24 112
24 115
24 116
24 118
24 119
24 121
24 125
24 126
24 127
24 131
24 133
24 137
24 138
24 139
24 140
24 141
24 145
24 146
24 147
24 150
24 151
24 153
24 154
24 155
24 158
24 159
24 160
24 163
24 165
24 166
24 167
24 168
24 172
24 173
24 175
24 177
24 181
24 183
24 186
24 187
25 28
25 30
25 32
25 34
25 37
25 39
25 40
25 41
25 42
25 45
25 46
25 47
25 48
25 49
25 50
25 54
25 56
25 57
25 58
25 60
25 62
25 63
25 64
25 65
25 66
25 67
25 68
25 69
25 72
25 75
25 79
25 80
25 82
25 83
25 84
25 85
25 86
25 87
25 88
25 89
25 90
25 92
25 93
25 94
25 95
25 100
25 103
25 104
25 105
25 106
25 107
25 108
25 111
25 117
25 124
25 126
25 127
25 128
25 129
25 130
25 131
25 132
25 133
25 134
25 136
25 140
25 141
25 143
25 144
25 145
25 146
25 150
25 151
25 152
25 154
25 155
25 157
25 161
25 163
25 164
25 165
25 168
25 172
25 174
25 176
25 177
25 179
25 180
25 184
25 186
26 27
26 30
26 32
26 36
26 37
26 39
26 40
26 41
26 44
26 45
26 47
26 48
26 49
26 50
26 51
26 52
26 54
26 57
26 58
26 59
26 61
26 62
26 63
26 65
26 66
26 67
26 70
26 71
26 72
26 73
26 74
26 75
26 77
26 81
26 82
26 83
26 88
26 89
26 90
26 92
26 93
26 97
26 98
26 99
26 100
26 101
26 102
26 106
26 111
26 112
26 113
26 114
26 115
26 119
26 121
26 126
26 128
26 129
26 132
26 133
26 135
26 136
26 137
26 139
26 141
26 142
26 143
26 144
26 148
26 149
26 151
26 154
26 156
26 158
26 159
26 160
26 164
26 166
26 167
26 168
26 175
26 177
26 178
26 179
26 181
26 182
27 28
27 29
27 30
27 31
27 32
27 34
27 35
27 39
27 40
27 42
27 43
27 44
27 45
27 46
27 48
27 51
27 52
27 54
27 55
27 58
27 62
27 64
27 65
27 67
27 69
27 72
27 73
27 74
27 75
27 76
27 77
27 78
27 81
27 84
27 85
27 86
27 91
27 93
27 95
27 96
27 97
27 98
27 99
27 100
27 102
27 103
27 106
27 108
27 109
27 110
27 111
27 113
27 114
27 115
27 117
27 118
27 121
27 124
27 125
27 131
27 133
27 134
27 135
27 138
27 139
27 140
27 141
27 142
27 144
27 145
27 147
27 148
27 149
27 150
27 152
27 153
27 154
27 156
27 160
27 161
27 162
27 164
27 165
27 166
27 168
27 169
27 171
27 172
27 173
27 174
27 175
27 176
27 177
27 178
27 179
27 180
27 181
27 182
27 183
27 185
27 186
28 32
28 37
28 38
28 39
28 40
28 42
28 43
28 44
28 49
28 52
28 54
28 55
28 56
28 62
28 64
28 65
28 68
28 69
28 70
28 71
28 72
28 74
28 75
28 79
28 81
28 83
28 84
28 89
28 91
28 92
28 97
28 98
28 99
28 103
28 104
28 105
28 106
28 111
28 112
28 113
28 114
28 115
28 116
28 118
28 119
28 120
28 122
28 123
28 124
28 126
28 127
28 128
28 129
28 130
28 132
28 133
28 134
28 137
28 139
28 142
28 143
28 144
28 145
28 146
28 147
28 149
28 150
28 152
28 153
28 154
28 158
28 159
28 160
28 161
28 164
28 165
28 166
28 167
28 170
28 171
28 172
28 175
28 177
28 178
28 179
28 181
28 182
28 187
29 31
29 33
29 34
29 35
29 37
29 40
29 41
29 42
29 43
29 44
29 46
29 47
29 48
29 49
29 50
29 51
29 53
29 54
29 57
29 58
29 60
29 61
29 64
29 68
29 70
29 71
29 73
29 74
29 75
29 76
29 77
29 78
29 81
29 82
29 84
29 86
29 87
29 88
29 91
29 92
29 93
29 96
29 97
29 99
29 100
29 101
29 102
29 103
29 104
29 105
29 106
29 107
29 108
29 109
29 110
29 112
29 113
29 116
29 117
29 120
29 121
29 123
29 124
29 126
29 127
29 128
29 129
29 130
29 131
29 132
29 133
29 134
29 137
29 141
29 142
29 143
29 145
29 147
29 149
29 151
29 152
29 153
29 157
29 159
29 160
29 163
29 165
29 172
29 173
29 176
29 179
29 181
29 182
29 183
29 184
29 185
29 187
30 34
30 35
30 36
30 38
30 41
30 42
30 43
30 47
30 49
30 50
30 51
30 52
30 54
30 55
30 56
30 59
30 61
30 63
30 64
30 67
30 70
30 72
30 74
30 75
30 76
30 78
30 83
30 84
30 88
30 92
30 100
30 102
30 103
30 104
30 105
30 106
30 107
30 108
30 110
30 111
30 112
30 113
30 115
30 116
30 118
30 119
30 121
30 122
30 123
30 125
30 126
30 127
30 129
30 130
30 134
30 135
30 141
30 143
30 144
30 146
30 148
30 150
30 153
30 155
30 156
30 157
30 160
30 162
30 163
30 164
30 166
30 168
30 169
30 170
30 171
30 173
30 174
30 176
30 178
30 179
30 180
30 181
30 182
30 185
31 33
31 34
31 38
31 39
31 40
31 41
31 42
31 43
31 45
31 46
31 48
31 50
31 51
31 52
31 53
31 54
31 55
31 56
31 57
31 58
31 59
31 63
31 66
31 67
31 69
31 73
31 74
31 75
31 76
31 79
31 82
31 87
31 88
31 89
31 90
31 91
31 93
31 95
31 96
31 97
31 98
31 99
31 100
31 102
31 103
31 105
31 108
31 114
31 115
31 117
31 118
31 119
31 121
31 123
31 125
31 132
31 133
31 134
31 135
31 136
31 137
31 140
31 143
31 144
31 147
31 148
31 149
31 150
31 151
31 154
31 158
31 159
31 160
31 165
31 169
31 171
31 174
31 176
31 177
31 178
31 181
31 182
31 184
31 185
31 186
31 187
32 33
32 35
32 36
32 37
32 38
32 39
32 41
32 43
32 44
32 47
32 50
32 51
32 52
32 53
32 54
32 55
32 56
32 59
32 60
32 61
32 63
32 66
32 67
32 68
32 69
32 70
32 73
32 74
32 75
32 76
32 77
32 79
32 80
32 82
32 85
32 86
32 89
32 94
32 99
32 100
32 102
32 103
32 108
32 109
32 110
32 111
32 114
32 116
32 120
32 121
32 124
32 125
32 126
32 129
32 135
32 136
32 138
32 140
32 141
32 143
32 144
32 146
32 150
32 151
32 152
32 153
32 155
32 158
32 160
32 161
32 163
32 164
32 167
32 169
32 170
32 171
32 175
32 176
32 179
32 181
32 182
32 183
32 185
32 186
33 34
33 37
33 38
33 39
33 41
33 42
33 44
33 47
33 48
33 49
33 50
33 52
33 53
33 54
33 55
33 60
33 61
33 62
33 63
33 65
33 66
33 67
33 68
33 70
33 71
33 72
33 73
33 74
33 77
33 80
33 81
33 82
33 83
33 87
33 90
33 91
33 92
33 93
33 94
33 95
33 96
33 99
33 100
33 101
33 105
33 106
33 109
33 111
33 114
33 118
33 119
33 122
33 126
33 127
33 130
33 131
33 132
33 134
33 135
33 136
33 137
33 138
33 139
33 141
33 143
33 144
33 145
33 148
33 150
33 151
33 152
33 153
33 154
33 157
33 159
33 160
33 162
33 163
33 167
33 170
33 171
33 173
33 175
33 178
33 179
33 180
33 181
33 184
33 187
34 36
34 41
34 42
34 44
34 45
34 47
34 48
34 49
34 50
34 51
34 53
34 55
34 57
34 58
34 59
34 60
34 61
34 62
34 64
34 65
34 66
34 69
34 71
34 72
34 74
34 77
34 78
34 85
34 88
34 89
34 94
34 95
34 96
34 98
34 99
34 101
34 102
34 103
34 104
34 105
34 107
34 108
34 110
34 113
34 115
34 116
34 120
34 121
34 122
34 123
34 125
34 126
34 129
34 130
34 134
34 135
34 136
34 137
34 138
34 140
34 141
34 143
34 145
34 148
34 151
34 153
34 154
34 156
34 157
34 159
34 161
34 164
34 169
34 170
34 171
34 172
34 173
34 176
34 181
34 185
34 186
34 187
35 36
35 37
35 40
35 41
35 42
35 43
35 44
35 48
35 53
35 54
35 55
35 58
35 59
35 60
35 61
35 62
35 63
35 65
35 66
35 67
35 69
35 70
35 73
35 74
35 75
35 79
35 81
35 84
35 86
35 87
35 88
35 89
35 94
35 95
35 97
35 98
35 99
35 103
35 104
35 107
35 108
35 109
35 112
35 115
35 117
35 120
35 124
35 129
35 131
35 132
35 138
35 139
35 140
35 142
35 143
35 145
35 146
35 150
35 151
35 152
35 153
35 155
35 157
35 159
35 160
35 167
35 168
35 169
35 170
35 172
35 175
35 177
35 178
35 179
35 181
35 182
35 186
35 187
36 37
36 40
36 45
36 46
36 47
36 48
36 50
36 52
36 57
36 58
36 59
36 63
36 65
36 71
36 72
36 75
36 76
36 78
36 82
36 84
36 85
36 86
36 88
36 89
36 91
36 93
36 94
36 95
36 96
36 100
36 101
36 103
36 104
36 107
36 108
36 109
36 111
36 112
36 113
36 116
36 117
36 118
36 119
36 120
36 122
36 123
36 125
36 126
36 129
36 131
36 136
36 137
36 139
36 140
36 141
36 142
36 143
36 144
36 147
36 149
36 153
36 155
36 156
36 160
36 162
36 163
36 164
36 165
36 166
36 167
36 168
36 174
36 176
36 181
36 182
36 184
36 187
37 38
37 40
37 41
37 42
37 44
37 45
37 46
37 47
37 48
37 51
37 52
37 55
37 57
37 59
37 61
37 62
37 65
37 66
37 71
37 72
37 74
37 75
37 76
37 77
37 80
37 81
37 82
37 83
37 84
37 85
37 86
37 87
37 89
37 90
37 91
37 92
37 93
37 101
37 102
37 103
37 107
37 111
37 112
37 113
37 117
37 118
37 123
37 124
37 126
37 127
37 128
37 131
37 135
37 139
37 140
37 145
37 147
37 150
37 151
37 153
37 154
37 157
37 161
37 163
37 167
37 175
37 176
37 178
37 179
37 181
37 182
37 183
37 184
37 186
37 187
38 39
38 40
38 43
38 50
38 53
38 54
38 55
38 56
38 60
38 62
38 67
38 68
38 69
38 70
38 71
38 72
38 73
38 74
38 75
38 78
38 80
38 81
38 82
38 83
38 85
38 90
38 93
38 94
38 97
38 98
38 100
38 102
38 103
38 104
38 106
38 108
38 111
38 112
38 114
38 117
38 123
38 125
38 126
38 127
38 130
38 133
38 134
38 135
38 136
38 137
38 138
38 141
38 143
38 144
38 145
38 148
38 149
38 150
38 152
38 154
38 157
38 158
38 161
38 162
38 164
38 165
38 167
38 168
38 170
38 171
38 172
38 174
38 175
38 176
38 177
38 178
38 179
38 181
38 183
38 185
38 186
39 40
39 41
39 47
39 51
39 52
39 53
39 56
39 57
39 58
39 59
39 61
39 63
39 64
39 66
39 67
39 70
39 71
39 73
39 74
39 75
39 76
39 77
39 78
39 79
39 81
39 84
39 87
39 88
39 90
39 92
39 93
39 96
39 97
39 100
39 101
39 102
39 103
39 104
39 105
39 106
39 108
39 109
39 111
39 115
39 116
39 117
39 118
39 121
39 122
39 123
39 125
39 126
39 127
39 129
39 130
39 136
39 138
39 139
39 140
39 141
39 142
39 146
39 147
39 148
39 150
39 152
39 154
39 156
39 158
39 159
39 161
39 162
39 163
39 164
39 165
39 168
39 169
39 171
39 173
39 177
39 178
39 179
39 182
39 186
39 187
40 41
40 42
40 43
40 44
40 45
40 46
40 47
40 48
40 50
40 51
40 53
40 54
40 55
40 56
40 57
40 59
40 60
40 61
40 62
40 63
40 64
40 65
40 69
40 70
40 71
40 73
40 74
40 75
40 77
40 78
40 79
40 83
40 85
40 86
40 87
40 88
40 89
40 90
40 91
40 92
40 94
40 96
40 97
40 100
40 102
40 105
40 108
40 111
40 113
40 114
40 115
40 118
40 120
40 121
40 122
40 126
40 127
40 129
40 130
40 132
40 135
40 136
40 140
40 141
40 144
40 145
40 150
40 151
40 152
40 153
40 154
40 155
40 156
40 157
40 158
40 159
40 161
40 163
40 167
40 168
40 169
40 172
40 173
40 175
40 176
40 177
40 178
40 179
40 187
41 45
41 46
41 47
41 48
41 49
41 50
41 51
41 57
41 59
41 63
41 65
41 66
41 67
41 68
41 69
41 70
41 72
41 74
41 76
41 78
41 81
41 83
41 86
41 87
41 90
41 91
41 92
41 93
41 94
41 95
41 98
41 100
41 101
41 108
41 109
41 110
41 112
41 115
41 120
41 121
41 123
41 125
41 126
41 127
41 130
41 131
41 132
41 136
41 137
41 138
41 139
41 140
41 141
41 142
41 143
41 145
41 148
41 149
41 150
41 151
41 154
41 155
41 157
41 161
41 163
41 165
41 166
41 168
41 172
41 173
41 176
41 177
41 178
41 181
41 182
41 185
41 187
42 43
42 44
42 47
42 49
42 52
42 53
42 54
42 55
42 56
42 58
42 60
42 61
42 62
42 64
42 65
42 66
42 69
42 70
42 71
42 72
42 74
42 75
42 77
42 79
42 81
42 82
42 83
42 84
42 85
42 87
42 88
42 90
42 91
42 92
42 94
42 97
42 98
42 99
42 101
42 102
42 103
42 104
42 105
42 106
42 107
42 108
42 111
42 113
42 114
42 115
42 116
42 117
42 118
42 119
42 122
42 123
42 125
42 127
42 128
42 131
42 132
42 137
42 147
42 148
42 149
42 150
42 151
42 153
42 154
42 156
42 159
42 160
42 162
42 164
42 165
42 167
42 169
42 172
42 176
42 178
42 180
42 183
42 186
43 44
43 49
43 51
43 52
43 54
43 56
43 57
43 58
43 62
43 63
43 64
43 67
43 68
43 69
43 71
43 72
43 73
43 77
43 79
43 80
43 83
43 84
43 85
43 88
43 91
43 94
43 95
43 96
43 99
43 100
43 102
43 104
43 105
43 107
43 108
43 109
43 111
43 115
43 116
43 119
43 120
43 121
43 122
43 123
43 124
43 125
43 127
43 129
43 131
43 133
43 134
43 139
43 140
43 142
43 146
43 147
43 150
43 151
43 152
43 153
43 156
43 157
43 159
43 160
43 162
43 164
43 167
43 168
43 169
43 173
43 174
43 178
43 182
43 187
44 46
44 50
44 51
44 53
44 55
44 56
44 58
44 59
44 60
44 63
44 64
44 65
44 66
44 68
44 71
44 73
44 76
44 79
44 82
44 83
44 84
44 88
44 89
44 92
44 93
44 94
44 95
44 97
44 105
44 106
44 107
44 111
44 112
44 113
44 114
44 115
44 121
44 122
44 123
44 124
44 130
44 131
44 132
44 133
44 134
44 136
44 142
44 143
44 144
44 145
44 148
44 149
44 151
44 153
44 154
44 155
44 158
44 161
44 162
44 165
44 167
44 170
44 172
44 173
44 176
44 177
44 180
44 183
44 184
44 186
45 46
45 47
45 48
45 49
45 51
45 52
45 53
45 55
45 57
45 60
45 61
45 63
45 64
45 67
45 68
45 69
45 70
45 71
45 75
45 81
45 82
45 85
45 87
45 89
45 91
45 93
45 95
45 96
45 98
45 102
45 105
45 106
45 108
45 109
45 110
45 111
45 112
45 119
45 120
45 122
45 123
45 124
45 125
45 127
45 133
45 134
45 140
45 141
45 144
45 147
45 148
45 149
45 153
45 158
45 159
45 160
45 161
45 162
45 163
45 164
45 168
45 169
45 172
45 173
45 174
45 177
45 179
45 180
45 181
45 184
46 47
46 50
46 55
46 56
46 57
46 60
46 61
46 62
46 63
46 65
46 66
46 68
46 69
46 70
46 71
46 75
46 76
46 77
46 80
46 82
46 84
46 85
46 87
46 88
46 90
46 94
46 97
46 98
46 100
46 102
46 103
46 104
46 106
46 110
46 116
46 117
46 121
46 122
46 124
46 129
46 130
46 132
46 134
46 135
46 136
46 137
46 139
46 141
46 142
46 145
46 146
46 149
46 150
46 152
46 153
46 159
46 160
46 161
46 163
46 164
46 165
46 171
46 172
46 177
46 179
46 184
47 48
47 50
47 52
47 53
47 54
47 58
47 59
47 61
47 63
47 65
47 68
47 71
47 73
47 77
47 78
47 82
47 85
47 87
47 88
47 89
47 90
47 91
47 93
47 96
47 97
47 99
47 101
47 106
47 107
47 108
47 109
47 112
47 116
47 117
47 123
47 125
47 127
47 130
47 131
47 134
47 137
47 140
47 142
47 145
47 146
47 148
47 154
47 156
47 157
47 163
47 168
47 169
47 170
47 171
47 172
47 173
47 174
47 175
47 176
47 177
47 180
47 183
47 184
47 186
47 187
48 49
48 52
48 53
48 55
48 56
48 57
48 58
48 59
48 64
48 65
48 66
48 68
48 70
48 71
48 74
48 75
48 77
48 78
48 80
48 84
48 86
48 90
48 92
48 93
48 94
48 99
48 105
48 106
48 111
48 112
48 113
48 116
48 120
48 121
48 122
48 123
48 125
48 127
48 129
48 130
48 131
48 133
48 135
48 136
48 137
48 139
48 140
48 141
48 144
48 152
48 153
48 155
48 158
48 159
48 161
48 163
48 171
48 177
48 179
48 180
48 181
48 182
48 183
48 185
49 50
49 51
49 56
49 57
49 58
49 60
49 61
49 62
49 63
49 64
49 67
49 68
49 70
49 72
49 73
49 74
49 75
49 76
49 82
49 83
49 86
49 87
49 88
49 90
49 91
49 92
49 93
49 94
49 95
49 97
49 98
49 99
49 101
49 103
49 104
49 107
49 108
49 111
49 112
49 115
49 116
49 117
49 118
49 120
49 123
49 124
49 125
49 128
49 129
49 131
49 132
49 133
49 134
49 135
49 137
49 139
49 140
49 143
49 146
49 149
49 155
49 156
49 159
49 163
49 165
49 166
49 167
49 168
49 169
49 172
49 173
49 174
49 176
49 178
49 181
50 51
50 52
50 53
50 54
50 55
50 56
50 58
50 60
50 61
50 62
50 67
50 68
50 69
50 72
50 73
50 74
50 75
50 76
50 79
50 82
50 83
50 85
50 88
50 90
50 91
50 94
50 95
50 97
50 98
50 102
50 104
50 106
50 109
50 110
50 111
50 112
50 113
50 114
50 115
50 120
50 121
50 123
50 124
50 126
50 127
50 128
50 131
50 132
50 134
50 143
50 145
50 149
50 151
50 153
50 157
50 158
50 162
50 163
50 164
50 165
50 167
50 169
50 171
50 173
50 175
50 176
50 179
50 182
50 183
50 184
50 185
50 187
51 52
51 53
51 54
51 56
51 58
51 59
51 60
51 61
51 63
51 65
51 66
51 67
51 68
51 69
51 70
51 71
51 73
51 82
51 83
51 84
51 85
51 86
51 89
51 90
51 93
51 94
51 97
51 99
51 101
51 107
51 108
51 112
51 114
51 116
51 118
51 125
51 126
51 127
51 130
51 131
51 132
51 133
51 135
51 136
51 138
51 140
51 141
51 143
51 144
51 148
51 149
51 150
51 158
51 159
51 160
51 163
51 164
51 167
51 169
51 171
51 172
51 174
51 179
51 181
51 182
51 184
51 185
51 187
52 53
52 54
52 56
52 59
52 61
52 62
52 63
52 64
52 65
52 67
52 69
52 70
52 71
52 72
52 74
52 76
52 77
52 78
52 79
52 82
52 84
52 89
52 90
52 91
52 92
52 93
52 95
52 97
52 100
52 101
52 107
52 109
52 112
52 113
52 114
52 115
52 119
52 120
52 121
52 128
52 130
52 135
52 138
52 140
52 142
52 147
52 148
52 149
52 150
52 157
52 158
52 159
52 160
52 161
52 163
52 164
52 165
52 166
52 167
52 169
52 171
52 173
52 174
52 175
52 177
52 179
52 180
52 181
52 183
52 184
52 186
53 54
53 55
53 58
53 59
53 60
53 61
53 62
53 63
53 64
53 66
53 67
53 69
53 71
53 72
53 75
53 76
53 79
53 80
53 81
53 82
53 83
53 86
53 87
53 88
53 93
53 94
53 96
53 100
53 102
53 106
53 107
53 108
53 113
53 114
53 116
53 117
53 120
53 121
53 122
53 123
53 124
53 126
53 127
53 128
53 129
53 130
53 131
53 132
53 134
53 136
53 137
53 138
53 141
53 142
53 145
53 146
53 148
53 151
53 156
53 161
53 162
53 164
53 166
53 167
53 168
53 169
53 171
53 174
53 175
53 176
53 178
53 180
53 185
53 186
53 187
54 55
54 56
54 57
54 60
54 62
54 68
54 69
54 70
54 71
54 79
54 80
54 83
54 85
54 88
54 94
54 96
54 103
54 104
54 106
54 107
54 108
54 109
54 110
54 112
54 113
54 115
54 116
54 117
54 121
54 124
54 127
54 128
54 131
54 132
54 134
54 136
54 139
54 141
54 144
54 147
54 149
54 154
54 155
54 156
54 158
54 159
54 160
54 161
54 162
54 165
54 169
54 170
54 171
54 172
54 173
54 175
54 176
54 177
54 180
54 182
54 183
54 184
54 185
54 187
55 57
55 59
55 62
55 64
55 65
55 66
55 68
55 69
55 71
55 73
55 74
55 76
55 77
55 78
55 84
55 85
55 87
55 91
55 92
55 95
55 96
55 98
55 99
55 102
55 103
55 104
55 106
55 107
55 108
55 109
55 110
55 112
55 115
55 117
55 118
55 119
55 120
55 122
55 123
55 124
55 125
55 126
55 130
55 132
55 136
55 139
55 141
55 142
55 144
55 145
55 146
55 147
55 148
55 149
55 150
55 151
55 152
55 154
55 156
55 159
55 160
55 162
55 164
55 165
55 169
55 170
55 176
55 177
55 179
55 182
55 184
55 187
56 57
56 58
56 62
56 65
56 71
56 73
56 77
56 78
56 80
56 82
56 83
56 85
56 86
56 87
56 89
56 90
56 91
56 94
56 98
56 101
56 103
56 113
56 115
56 118
56 120
56 121
56 122
56 124
56 128
56 129
56 130
56 134
56 135
56 136
56 139
56 140
56 146
56 150
56 155
56 157
56 158
56 159
56 160
56 162
56 164
56 166
56 169
56 172
56 173
56 177
56 178
56 180
56 181
56 182
56 184
56 185
56 186
57 64
57 65
57 68
57 70
57 71
57 76
57 77
57 78
57 79
57 80
57 81
57 82
57 83
57 84
57 85
57 87
57 88
57 89
57 90
57 91
57 92
57 95
57 96
57 97
57 98
57 99
57 102
57 107
57 108
57 110
57 112
57 113
57 114
57 117
57 121
57 122
57 123
57 124
57 125
57 127
57 128
57 129
57 132
57 136
57 137
57 139
57 140
57 141
57 142
57 143
57 148
57 149
57 150
57 154
57 155
57 156
57 158
57 162
57 163
57 170
57 171
57 173
57 176
57 177
57 180
57 183
57 184
57 186
58 63
58 65
58 67
58 68
58 72
58 76
58 77
58 79
58 80
58 83
58 84
58 85
58 86
58 88
58 91
58 97
58 99
58 100
58 103
58 105
58 108
58 110
58 112
58 113
58 114
58 116
58 117
58 119
58 121
58 123
58 126
58 129
58 130
58 132
58 133
58 135
58 137
58 138
58 139
58 148
58 151
58 152
58 154
58 155
58 157
58 160
58 161
58 162
58 164
58 165
58 166
58 167
58 169
58 171
58 176
58 177
58 179
58 180
58 182
58 183
58 184
58 187
59 60
59 62
59 64
59 65
59 67
59 69
59 71
59 73
59 75
59 76
59 78
59 79
59 80
59 82
59 83
59 84
59 85
59 86
59 87
59 88
59 91
59 92
59 94
59 95
59 97
59 98
59 100
59 103
59 105
59 106
59 108
59 109
59 110
59 111
59 113
59 114
59 116
59 118
59 119
59 121
59 123
59 126
59 127
59 135
59 136
59 137
59 140
59 142
59 143
59 150
59 151
59 152
59 153
59 154
59 155
59 158
59 159
59 161
59 163
59 168
59 169
59 171
59 173
59 177
59 178
59 180
59 181
59 182
59 183
59 184
59 186
60 61
60 62
60 66
60 67
60 69
60 70
60 72
60 73
60 74
60 75
60 80
60 81
60 85
60 86
60 87
60 88
60 89
60 90
60 91
60 92
60 93
60 95
60 99
60 102
60 103
60 106
60 107
60 112
60 113
60 114
60 117
60 119
60 120
60 121
60 123
60 124
60 126
60 127
60 131
60 135
60 137
60 138
60 139
60 141
60 143
60 147
60 148
60 149
60 150
60 151
60 152
60 154
60 155
60 156
60 159
60 160
60 163
60 165
60 166
60 169
60 170
60 173
60 174
60 175
60 178
60 181
60 184
60 186
61 62
61 64
61 65
61 68
61 70
61 72
61 80
61 82
61 83
61 85
61 86
61 89
61 90
61 92
61 93
61 94
61 96
61 97
61 98
61 99
61 100
61 104
61 105
61 106
61 107
61 108
61 109
61 110
61 112
61 115
61 116
61 117
61 126
61 127
61 128
61 129
61 130
61 133
61 134
61 136
61 137
61 138
61 140
61 142
61 146
61 147
61 149
61 150
61 151
61 153
61 154
61 156
61 160
61 163
61 165
61 166
61 167
61 169
61 172
61 173
61 174
61 175
61 178
61 181
61 182
61 184
61 186
61 187
62 63
62 64
62 67
62 69
62 70
62 75
62 76
62 79
62 80
62 81
62 84
62 86
62 87
62 92
62 95
62 96
62 97
62 99
62 100
62 101
62 102
62 103
62 104
62 107
62 108
62 109
62 111
62 112
62 113
62 115
62 116
62 117
62 122
62 123
62 125
62 127
62 132
62 134
62 136
62 139
62 140
62 142
62 143
62 146
62 148
62 150
62 153
62 155
62 156
62 159
62 161
62 164
62 167
62 169
62 170
62 171
62 174
62 179
62 181
62 185
62 186
63 64
63 66
63 69
63 70
63 72
63 73
63 74
63 75
63 78
63 79
63 82
63 83
63 87
63 91
63 93
63 95
63 96
63 99
63 100
63 102
63 104
63 107
63 108
63 110
63 115
63 116
63 121
63 122
63 125
63 126
63 129
63 131
63 133
63 137
63 141
63 142
63 143
63 144
63 150
63 153
63 154
63 157
63 158
63 159
63 162
63 164
63 165
63 167
63 168
63 171
63 172
63 173
63 178
63 179
63 182
63 183
63 185
63 186
64 65
64 66
64 70
64 71
64 72
64 75
64 79
64 81
64 83
64 85
64 87
64 88
64 91
64 92
64 95
64 96
64 97
64 98
64 99
64 100
64 101
64 102
64 104
64 105
64 107
64 108
64 110
64 111
64 112
64 113
64 115
64 120
64 121
64 122
64 124
64 126
64 127
64 128
64 129
64 130
64 133
64 134
64 135
64 136
64 138
64 140
64 141
64 142
64 143
64 147
64 148
64 149
64 150
64 152
64 154
64 155
64 160
64 163
64 165
64 168
64 170
64 173
64 179
64 180
64 181
64 182
64 183
64 184
64 187
65 66
65 69
65 71
65 73
65 74
65 78
65 80
65 81
65 84
65 89
65 91
65 92
65 96
65 97
65 98
65 100
65 101
65 103
65 106
65 108
65 110
65 112
65 113
65 115
65 119
65 120
65 121
65 122
65 127
65 130
65 131
65 132
65 134
65 135
65 136
65 137
65 138
65 140
65 141
65 142
65 146
65 148
65 150
65 153
65 154
65 158
65 163
65 164
65 166
65 167
65 172
65 173
65 177
65 179
65 180
65 182
65 185
66 67
66 69
66 70
66 72
66 73
66 74
66 77
66 80
66 84
66 85
66 86
66 87
66 88
66 89
66 90
66 96
66 99
66 102
66 103
66 104
66 108
66 110
66 112
66 113
66 114
66 116
66 117
66 119
66 120
66 122
66 124
66 130
66 131
66 132
66 133
66 134
66 135
66 138
66 139
66 142
66 143
66 144
66 149
66 153
66 155
66 156
66 158
66 160
66 162
66 163
66 165
66 166
66 167
66 172
66 174
66 177
66 180
66 181
66 182
66 184
66 185
66 186
67 71
67 73
67 74
67 75
67 76
67 77
67 80
67 83
67 85
67 86
67 87
67 89
67 91
67 93
67 94
67 96
67 98
67 99
67 100
67 101
67 103
67 104
67 108
67 109
67 111
67 114
67 115
67 116
67 117
67 119
67 120
67 121
67 122
67 123
67 124
67 129
67 132
67 136
67 138
67 140
67 144
67 146
67 147
67 149
67 151
67 155
67 157
67 158
67 167
67 169
67 170
67 172
67 173
67 175
67 177
67 178
67 179
67 180
67 182
67 183
67 186
68 73
68 74
68 75
68 76
68 77
68 78
68 79
68 80
68 82
68 85
68 86
68 88
68 91
68 92
68 93
68 94
68 95
68 96
68 98
68 100
68 101
68 104
68 107
68 108
68 109
68 111
68 114
68 122
68 124
68 129
68 130
68 131
68 133
68 135
68 137
68 138
68 139
68 141
68 144
68 145
68 146
68 148
68 152
68 153
68 155
68 156
68 158
68 159
68 160
68 162
68 165
68 166
68 168
68 170
68 173
68 174
68 177
68 180
68 187
69 70
69 71
69 72
69 73
69 75
69 78
69 79
69 80
69 81
69 83
69 85
69 86
69 89
69 90
69 91
69 92
69 96
69 97
69 98
69 99
69 102
69 103
69 104
69 105
69 108
69 109
69 110
69 111
69 112
69 113
69 114
69 115
69 119
69 122
69 126
69 128
69 132
69 133
69 138
69 141
69 147
69 148
69 149
69 151
69 152
69 153
69 155
69 160
69 161
69 165
69 168
69 171
69 172
69 173
69 176
69 177
69 178
69 180
69 183
69 184
70 72
70 73
70 76
70 77
70 78
70 79
70 80
70 81
70 85
70 86
70 87
70 88
70 90
70 94
70 95
70 96
70 97
70 99
70 100
70 103
70 104
70 105
70 108
70 111
70 112
70 113
70 116
70 117
70 118
70 120
70 123
70 124
70 126
70 129
70 132
70 133
70 135
70 136
70 137
70 139
70 140
70 148
70 152
70 154
70 155
70 157
70 158
70 164
70 165
70 167
70 168
70 171
70 176
70 180
70 182
70 185
70 187
71 73
71 74
71 76
71 78
71 80
71 84
71 85
71 87
71 89
71 90
71 91
71 93
71 94
71 95
71 96
71 97
71 104
71 107
71 108
71 109
71 110
71 112
71 114
71 115
71 119
71 120
71 123
71 124
71 125
71 126
71 132
71 133
71 137
71 139
71 142
71 143
71 146
71 150
71 152
71 154
71 159
71 163
71 164
71 166
71 167
71 168
71 172
71 174
71 177
71 179
71 180
71 182
71 184
71 187
72 73
72 74
72 77
72 78
72 79
72 81
72 82
72 83
72 88
72 90
72 91
72 93
72 95
72 97
72 98
72 102
72 103
72 108
72 109
72 111
72 113
72 115
72 118
72 119
72 120
72 125
72 126
72 127
72 131
72 132
72 134
72 135
72 142
72 143
72 144
72 145
72 149
72 151
72 154
72 156
72 157
72 160
72 161
72 165
72 172
72 175
72 177
72 178
72 179
72 181
73 75
73 78
73 79
73 80
73 81
73 83
73 84
73 87
73 90
73 93
73 94
73 96
73 101
73 103
73 106
73 107
73 108
73 112
73 113
73 116
73 117
73 119
73 120
73 122
73 124
73 126
73 128
73 131
73 132
73 134
73 135
73 136
73 139
73 141
73 142
73 143
73 146
73 147
73 149
73 151
73 155
73 158
73 161
73 164
73 166
73 169
73 170
73 171
73 172
73 175
73 176
73 180
73 183
73 186
73 187
74 75
74 76
74 79
74 80
74 82
74 87
74 88
74 89
74 92
74 93
74 95
74 99
74 101
74 104
74 107
74 108
74 110
74 113
74 115
74 116
74 117
74 118
74 119
74 121
74 122
74 123
74 124
74 125
74 128
74 130
74 131
74 135
74 136
74 137
74 139
74 141
74 142
74 144
74 147
74 155
74 158
74 160
74 161
74 162
74 167
74 170
74 172
74 175
74 176
74 177
74 180
74 181
75 77
75 79
75 82
75 83
75 84
75 87
75 88
75 89
75 90
75 91
75 98
75 99
75 100
75 103
75 105
75 106
75 107
75 109
75 110
75 111
75 113
75 114
75 116
75 117
75 121
75 122
75 123
75 127
75 128
75 130
75 132
75 133
75 135
75 137
75 141
75 143
75 146
75 152
75 157
75 158
75 159
75 160
75 161
75 168
75 170
75 172
75 173
75 178
75 179
75 180
75 182
75 186
75 187
76 77
76 78
76 79
76 80
76 81
76 83
76 84
76 91
76 92
76 93
76 94
76 95
76 97
76 99
76 101
76 103
76 104
76 106
76 108
76 110
76 113
76 114
76 115
76 117
76 118
76 119
76 122
76 124
76 127
76 129
76 130
76 132
76 133
76 134
76 136
76 137
76 138
76 139
76 141
76 143
76 146
76 147
76 148
76 149
76 151
76 153
76 155
76 163
76 165
76 171
76 172
76 176
76 177
76 180
76 183
76 184
76 185
76 186
76 187
77 81
77 83
77 85
77 86
77 87
77 88
77 89
77 90
77 91
77 95
77 96
77 97
77 98
77 99
77 101
77 102
77 103
77 104
77 105
77 109
77 111
77 113
77 114
77 119
77 121
77 122
77 124
77 125
77 126
77 127
77 128
77 129
77 130
77 131
77 132
77 133
77 135
77 140
77 141
77 142
77 144
77 148
77 149
77 150
77 151
77 152
77 153
77 154
77 156
77 157
77 158
77 159
77 160
77 162
77 163
77 173
77 175
77 176
77 178
77 184
78 79
78 85
78 87
78 88
78 89
78 91
78 92
78 93
78 94
78 96
78 99
78 100
78 102
78 103
78 104
78 105
78 106
78 107
78 108
78 109
78 110
78 111
78 112
78 117
78 119
78 120
78 121
78 122
78 123
78 124
78 126
78 127
78 128
78 130
78 131
78 133
78 134
78 136
78 137
78 138
78 139
78 140
78 141
78 142
78 144
78 147
78 149
78 152
78 155
78 156
78 157
78 159
78 161
78 163
78 166
78 172
78 174
78 179
78 181
78 182
78 184
78 187
79 80
79 85
79 88
79 90
79 91
79 92
79 94
79 95
79 96
79 97
79 98
79 102
79 104
79 105
79 107
79 108
79 109
79 110
79 115
79 118
79 119
79 120
79 122
79 123
79 124
79 128
79 131
79 133
79 134
79 137
79 142
79 144
79 146
79 147
79 149
79 151
79 156
79 157
79 158
79 159
79 160
79 164
79 167
79 168
79 169
79 171
79 172
79 178
79 179
79 180
79 181
79 182
79 183
79 185
80 83
80 84
80 85
80 86
80 89
80 90
80 92
80 94
80 98
80 100
80 101
80 102
80 104
80 107
80 108
80 111
80 113
80 117
80 118
80 120
80 121
80 122
80 124
80 125
80 126
80 127
80 128
80 129
80 131
80 132
80 135
80 136
80 137
80 139
80 141
80 142
80 144
80 145
80 147
80 149
80 151
80 152
80 158
80 161
80 162
80 163
80 164
80 165
80 168
80 170
80 176
80 184
80 185
80 186
81 82
81 83
81 84
81 86
81 88
81 89
81 90
81 92
81 93
81 94
81 95
81 96
81 99
81 100
81 105
81 108
81 111
81 112
81 115
81 116
81 117
81 118
81 119
81 126
81 128
81 130
81 132
81 136
81 143
81 144
81 146
81 147
81 149
81 152
81 154
81 155
81 156
81 157
81 159
81 160
81 164
81 171
81 172
81 173
81 174
81 176
81 177
81 181
81 184
81 186
81 187
82 84
82 85
82 86
82 90
82 92
82 93
82 94
82 95
82 96
82 98
82 99
82 101
82 102
82 103
82 104
82 108
82 112
82 113
82 114
82 117
82 118
82 119
82 120
82 121
82 122
82 124
82 126
82 128
82 130
82 132
82 139
82 142
82 143
82 144
82 145
82 150
82 154
82 155
82 157
82 159
82 160
82 165
82 166
82 168
82 170
82 173
82 175
82 176
82 177
82 182
82 183
82 185
82 187
83 84
83 85
83 87
83 90
83 97
83 98
83 99
83 102
83 103
83 104
83 105
83 108
83 110
83 112
83 113
83 114
83 120
83 121
83 122
83 123
83 125
83 127
83 128
83 129
83 130
83 131
83 132
83 133
83 134
83 135
83 136
83 138
83 139
83 141
83 142
83 146
83 149
83 153
83 154
83 158
83 159
83 162
83 163
83 166
83 168
83 169
83 170
83 172
83 173
83 174
83 176
83 178
83 179
83 180
83 182
83 183
83 186
83 187
84 87
84 88
84 90
84 92
84 97
84 99
84 100
84 104
84 105
84 106
84 109
84 111
84 114
84 115
84 117
84 120
84 121
84 125
84 126
84 128
84 130
84 132
84 134
84 137
84 139
84 143
84 145
84 149
84 151
84 152
84 153
84 154
84 156
84 159
84 161
84 162
84 163
84 165
84 167
84 169
84 170
84 173
84 174
84 183
84 185
84 187
85 87
85 88
85 89
85 90
85 91
85 92
85 95
85 96
85 99
85 101
85 103
85 105
85 106
85 109
85 111
85 112
85 113
85 115
85 119
85 120
85 121
85 122
85 124
85 134
85 135
85 138
85 142
85 143
85 144
85 147
85 151
85 152
85 153
85 158
85 160
85 162
85 163
85 164
85 165
85 166
85 172
85 173
85 175
85 179
85 181
85 183
85 184
85 185
86 89
86 91
86 93
86 94
86 95
86 97
86 98
86 99
86 100
86 104
86 107
86 108
86 110
86 112
86 113
86 114
86 115
86 116
86 118
86 120
86 121
86 123
86 124
86 125
86 126
86 128
86 129
86 130
86 131
86 133
86 136
86 138
86 139
86 141
86 142
86 143
86 144
86 148
86 149
86 150
86 155
86 156
86 158
86 159
86 160
86 161
86 164
86 166
86 167
86 172
86 180
86 184
86 185
87 89
87 91
87 93
87 94
87 96
87 97
87 102
87 103
87 105
87 107
87 108
87 110
87 112
87 114
87 118
87 119
87 125
87 126
87 128
87 129
87 134
87 135
87 137
87 139
87 140
87 142
87 144
87 145
87 146
87 147
87 151
87 152
87 154
87 159
87 161
87 163
87 164
87 168
87 171
87 172
87 174
87 175
87 179
87 185
87 186
88 90
88 91
88 92
88 94
88 96
88 98
88 99
88 100
88 102
88 105
88 107
88 110
88 113
88 115
88 116
88 119
88 122
88 124
88 125
88 129
88 132
88 137
88 141
88 144
88 145
88 146
88 148
88 150
88 151
88 152
88 153
88 154
88 155
88 157
88 158
88 160
88 161
88 162
88 165
88 171
88 174
88 178
88 184
89 91
89 95
89 96
89 97
89 101
89 104
89 105
89 107
89 109
89 110
89 118
89 123
89 124
89 125
89 126
89 128
89 129
89 131
89 132
89 137
89 138
89 139
89 141
89 143
89 144
89 146
89 147
89 148
89 152
89 156
89 158
89 159
89 160
89 161
89 162
89 163
89 168
89 170
89 171
89 172
89 174
89 178
89 182
89 185
89 186
89 187
90 93
90 94
90 98
90 102
90 103
90 107
90 111
90 112
90 113
90 114
90 115
90 117
90 123
90 124
90 126
90 129
90 131
90 132
90 138
90 141
90 142
90 145
90 149
90 151
90 153
90 156
90 157
90 158
90 164
90 167
90 175
90 179
90 181
90 183
90 184
90 185
91 94
91 95
91 97
91 98
91 101
91 104
91 107
91 111
91 114
91 116
91 118
91 119
91 120
91 123
91 124
91 125
91 126
91 127
91 128
91 129
91 130
91 131
91 132
91 133
91 134
91 135
91 136
91 137
91 138
91 140
91 145
91 146
91 147
91 149
91 151
91 153
91 155
91 156
91 158
91 159
91 160
91 161
91 162
91 167
91 168
91 171
91 173
91 176
92 93
92 95
92 97
92 98
92 102
92 103
92 107
92 113
92 114
92 117
92 118
92 119
92 120
92 121
92 123
92 131
92 133
92 134
92 135
92 136
92 137
92 140
92 141
92 143
92 144
92 147
92 149
92 150
92 151
92 152
92 154
92 156
92 157
92 158
92 160
92 163
92 164
92 166
92 169
92 170
92 171
92 173
92 174
92 178
92 180
92 183
92 184
92 186
93 95
93 96
93 98
93 100
93 101
93 102
93 103
93 105
93 112
93 115
93 117
93 118
93 120
93 125
93 126
93 127
93 129
93 131
93 132
93 133
93 135
93 139
93 148
93 150
93 151
93 152
93 153
93 154
93 157
93 158
93 165
93 166
93 168
93 169
93 175
93 176
93 180
93 182
93 186
94 95
94 96
94 97
94 98
94 99
94 100
94 104
94 105
94 109
94 110
94 113
94 117
94 121
94 123
94 126
94 127
94 128
94 129
94 131
94 132
94 137
94 141
94 143
94 147
94 155
94 157
94 158
94 161
94 163
94 168
94 169
94 175
94 177
94 180
94 181
94 182
94 183
94 185
94 186
95 96
95 97
95 98
95 99
95 100
95 101
95 103
95 104
95 106
95 107
95 109
95 114
95 116
95 117
95 119
95 120
95 123
95 127
95 128
95 129
95 130
95 131
95 137
95 138
95 139
95 141
95 144
95 148
95 152
95 153
95 154
95 156
95 157
95 158
95 160
95 162
95 169
95 174
95 177
95 185
95 187
96 97
96 98
96 101
96 103
96 104
96 106
96 109
96 110
96 111
96 115
96 116
96 117
96 119
96 120
96 123
96 124
96 125
96 131
96 133
96 135
96 138
96 143
96 144
96 145
96 146
96 147
96 149
96 150
96 151
96 152
96 154
96 156
96 157
96 159
96 160
96 161
96 162
96 163
96 166
96 171
96 172
96 173
96 178
96 179
96 180
97 99
97 102
97 104
97 105
97 106
97 107
97 111
97 112
97 113
97 114
97 115
97 117
97 119
97 124
97 125
97 127
97 129
97 130
97 133
97 145
97 149
97 150
97 152
97 154
97 157
97 160
97 161
97 163
97 165
97 178
97 180
97 183
97 184
98 99
98 103
98 104
98 105
98 106
98 110
98 113
98 114
98 118
98 121
98 123
98 125
98 127
98 128
98 131
98 135
98 139
98 141
98 142
98 143
98 145
98 148
98 150
98 153
98 155
98 157
98 159
98 163
98 165
98 167
98 168
98 171
98 172
98 173
98 174
98 175
98 176
98 177
98 178
98 180
98 183
98 187
99 100
99 102
99 103
99 107
99 109
99 110
99 111
99 113
99 115
99 117
99 123
99 125
99 130
99 136
99 137
99 139
99 140
99 141
99 142
99 143
99 144
99 145
99 146
99 148
99 153
99 156
99 161
99 162
99 163
99 166
99 168
99 170
99 171
99 173
99 174
99 175
99 182
99 183
99 184
99 185
99 186
99 187
100 101
100 105
100 107
100 109
100 110
100 111
100 118
100 122
100 127
100 129
100 131
100 132
100 133
100 135
100 140
100 141
100 144
100 145
100 146
100 149
100 150
100 151
100 152
100 155
100 156
100 158
100 159
100 162
100 165
100 168
100 175
100 178
100 180
100 183
100 184
100 186
101 106
101 107
101 109
101 110
101 111
101 112
101 113
101 119
101 130
101 134
101 136
101 137
101 141
101 142
101 147
101 152
101 153
101 155
101 157
101 158
101 161
101 162
101 164
101 166
101 167
101 169
101 171
101 173
101 174
101 176
101 178
101 179
101 183
101 185
101 187
102 103
102 104
102 105
102 106
102 107
102 108
102 110
102 111
102 112
102 113
102 116
102 118
102 119
102 125
102 126
102 130
102 132
102 133
102 139
102 143
102 145
102 146
102 147
102 153
102 154
102 156
102 157
102 159
102 162
102 164
102 168
102 169
102 170
102 173
102 175
102 177
102 178
102 179
102 186
103 105
103 108
103 109
103 110
103 122
103 123
103 126
103 128
103 130
103 131
103 132
103 133
103 134
103 135
103 139
103 143
103 144
103 147
103 148
103 149
103 152
103 153
103 158
103 160
103 161
103 162
103 164
103 166
103 167
103 168
103 169
103 170
103 174
103 178
103 179
103 181
103 184
103 185
104 107
104 108
104 109
104 111
104 113
104 114
104 118
104 119
104 120
104 123
104 125
104 126
104 127
104 128
104 129
104 130
104 136
104 137
104 138
104 139
104 142
104 146
104 158
104 159
104 163
104 165
104 167
104 169
104 172
104 177
104 178
104 181
104 186
105 106
105 109
105 113
105 117
105 118
105 120
105 121
105 123
105 127
105 130
105 132
105 134
105 138
105 140
105 142
105 144
105 147
105 148
105 149
105 150
105 152
105 155
105 157
105 158
105 160
105 163
105 167
105 170
105 171
105 173
105 176
105 180
105 182
105 183
105 184
105 186
105 187
106 107
106 110
106 111
106 112
106 113
106 114
106 116
106 118
106 119
106 120
106 122
106 124
106 130
106 133
106 135
106 136
106 138
106 140
106 144
106 148
106 151
106 153
106 154
106 155
106 157
106 162
106 163
106 167
106 168
106 170
106 171
106 172
106 177
106 182
106 184
106 185
106 187
107 114
107 120
107 121
107 122
107 124
107 126
107 128
107 130
107 133
107 136
107 137
107 138
107 141
107 142
107 146
107 147
107 151
107 152
107 153
107 154
107 156
107 159
107 161
107 164
107 165
107 166
107 168
107 170
107 171
107 173
107 175
107 176
107 177
107 178
107 183
107 184
107 186
108 111
108 115
108 117
108 120
108 121
108 122
108 127
108 130
108 134
108 135
108 137
108 138
108 141
108 144
108 145
108 146
108 150
108 153
108 155
108 159
108 165
108 166
108 167
108 169
108 170
108 173
108 176
108 178
108 182
108 187
109 113
109 120
109 123
109 124
109 125
109 128
109 129
109 130
109 131
109 134
109 135
109 138
109 140
109 145
109 149
109 150
109 151
109 152
109 154
109 155
109 158
109 161
109 162
109 164
109 166
109 173
109 175
109 177
109 178
109 181
109 182
109 183
109 186
109 187
110 113
110 121
110 122
110 123
110 124
110 126
110 129
110 131
110 132
110 134
110 136
110 137
110 138
110 142
110 143
110 144
110 145
110 146
110 148
110 149
110 160
110 162
110 163
110 164
110 168
110 169
110 170
110 174
110 175
110 178
110 180
110 185
111 112
111 114
111 116
111 117
111 118
111 119
111 120
111 122
111 123
111 125
111 127
111 131
111 134
111 135
111 137
111 138
111 139
111 140
111 141
111 142
111 144
111 146
111 150
111 155
111 156
111 164
111 166
111 172
111 173
111 175
111 176
111 178
111 182
112 113
112 114
112 119
112 120
112 122
112 125
112 128
112 129
112 132
112 136
112 137
112 140
112 141
112 143
112 144
112 148
112 151
112 152
112 153
112 154
112 155
112 156
112 161
112 165
112 167
112 168
112 169
112 170
112 174
112 175
112 179
112 183
112 187
113 114
113 115
113 117
113 118
113 119
113 124
113 131
113 135
113 136
113 137
113 138
113 139
113 140
113 142
113 144
113 146
113 149
113 154
113 158
113 163
113 164
113 165
113 166
113 168
113 173
113 174
113 178
113 184
113 185
113 187
114 115
114 117
114 119
114 121
114 122
114 124
114 134
114 137
114 140
114 141
114 144
114 145
114 147
114 148
114 149
114 150
114 153
114 154
114 156
114 160
114 163
114 167
114 170
114 172
114 173
114 174
114 177
114 182
114 183
114 185
114 186
115 117
115 118
115 123
115 124
115 125
115 129
115 130
115 131
115 133
115 134
115 136
115 138
115 140
115 145
115 147
115 148
115 149
115 152
115 153
115 154
115 156
115 158
115 159
115 160
115 161
115 162
115 163
115 168
115 170
115 172
115 175
115 176
115 179
115 183
115 185
115 187
116 118
116 120
116 122
116 125
116 127
116 128
116 134
116 135
116 136
116 139
116 140
116 141
116 143
116 145
116 146
116 147
116 150
116 152
116 159
116 160
116 161
116 162
116 167
116 170
116 172
116 174
116 175
116 176
116 177
116 179
116 181
116 182
116 185
117 120
117 124
117 125
117 127
117 131
117 138
117 140
117 142
117 146
117 151
117 152
117 154
117 156
117 157
117 158
117 161
117 162
117 166
117 168
117 171
117 173
117 177
117 178
117 179
117 182
117 185
117 186
118 119
118 123
118 125
118 126
118 127
118 129
118 130
118 140
118 144
118 145
118 146
118 148
118 149
118 150
118 151
118 152
118 154
118 156
118 157
118 159
118 160
118 162
118 165
118 167
118 170
118 171
118 173
118 180
118 182
118 185
118 187
119 120
119 121
119 122
119 126
119 128
119 132
119 139
119 141
119 143
119 144
119 145
119 146
119 152
119 156
119 159
119 163
119 166
119 172
119 173
119 174
119 176
119 179
119 184
119 186
120 121
120 124
120 125
120 126
120 127
120 129
120 130
120 132
120 135
120 137
120 140
120 141
120 144
120 148
120 151
120 158
120 161
120 165
120 168
120 169
120 171
120 175
120 177
120 180
120 182
120 184
120 186
121 123
121 124
121 128
121 132
121 137
121 140
121 143
121 148
121 149
121 152
121 153
121 155
121 168
121 171
121 172
121 173
121 179
121 182
121 183
121 184
121 185
121 187
122 123
122 125
122 128
122 129
122 130
122 132
122 137
122 139
122 144
122 147
122 148
122 150
122 151
122 152
122 157
122 159
122 161
122 164
122 166
122 168
122 169
122 170
122 171
122 172
122 173
122 174
122 175
122 179
122 181
122 183
122 184
122 186
123 127
123 128
123 131
123 134
123 135
123 136
123 138
123 139
123 140
123 142
123 144
123 145
123 146
123 149
123 150
123 151
123 153
123 155
123 157
123 158
123 164
123 165
123 167
123 175
123 181
124 126
124 129
124 131
124 132
124 133
124 138
124 140
124 143
124 145
124 146
124 147
124 148
124 149
124 150
124 152
124 154
124 159
124 163
124 166
124 169
124 172
124 175
124 176
124 178
124 180
124 181
124 182
124 184
125 126
125 128
125 129
125 130
125 133
125 140
125 142
125 143
125 145
125 148
125 155
125 158
125 159
125 160
125 163
125 164
125 166
125 167
125 169
125 172
125 175
125 179
125 180
125 182
125 185
125 187
126 128
126 133
126 136
126 138
126 139
126 143
126 146
126 147
126 153
126 155
126 156
126 158
126 162
126 169
126 170
126 175
126 177
126 180
126 183
126 186
127 132
127 137
127 145
127 147
127 150
127 152
127 156
127 157
127 158
127 166
127 167
127 168
127 169
127 171
127 173
127 174
127 179
127 180
127 181
127 182
127 184
127 185
127 187
128 133
128 134
128 135
128 141
128 142
128 147
128 148
128 149
128 152
128 153
128 154
128 158
128 159
128 161
128 168
128 169
128 172
128 173
128 174
128 175
128 178
128 179
129 133
129 134
129 137
129 138
129 146
129 147
129 148
129 149
129 153
129 154
129 156
129 163
129 164
129 166
129 167
129 169
129 174
129 175
129 176
129 181
129 183
129 185
129 186
130 136
130 137
130 142
130 145
130 146
130 148
130 152
130 154
130 158
130 159
130 165
130 166
130 171
130 175
130 176
130 177
130 179
130 184
130 187
131 132
131 133
131 134
131 137
131 138
131 147
131 154
131 157
131 158
131 159
131 164
131 166
131 169
131 170
131 174
131 175
131 177
131 178
131 179
131 182
131 183
131 186
132 135
132 138
132 140
132 145
132 146
132 152
132 154
132 156
132 157
132 159
132 161
132 162
132 166
132 174
132 181
132 186
133 135
133 136
133 137
133 141
133 142
133 143
133 144
133 147
133 148
133 149
133 150
133 152
133 162
133 164
133 167
133 169
133 171
133 172
133 178
133 179
133 182
133 185
133 186
134 135
134 136
134 138
134 141
134 142
134 143
134 144
134 147
134 148
134 151
134 152
134 153
134 155
134 159
134 160
134 161
134 164
134 166
134 168
134 169
134 170
134 175
134 176
134 181
134 183
134 186
134 187
135 136
135 139
135 141
135 143
135 146
135 147
135 151
135 155
135 156
135 167
135 168
135 170
135 171
135 173
135 177
135 178
135 179
135 181
135 183
136 138
136 140
136 141
136 142
136 145
136 151
136 156
136 157
136 162
136 165
136 167
136 169
136 170
136 171
136 174
136 176
136 184
137 139
137 140
137 141
137 145
137 148
137 150
137 151
137 153
137 156
137 162
137 165
137 167
137 168
137 170
137 172
137 174
137 175
137 177
137 178
137 180
137 181
137 185
138 141
138 145
138 147
138 149
138 152
138 153
138 157
138 167
138 169
138 170
138 171
138 172
138 174
138 178
138 182
138 183
138 185
139 141
139 142
139 155
139 159
139 161
139 162
139 165
139 167
139 168
139 169
139 173
139 175
139 176
139 182
139 183
140 141
140 142
140 145
140 146
140 149
140 151
140 152
140 153
140 157
140 158
140 159
140 162
140 166
140 169
140 172
140 174
140 175
140 184
140 185
140 187
141 142
141 147
141 149
141 150
141 151
141 156
141 157
141 165
141 166
141 167
141 168
141 176
141 178
141 179
141 182
141 183
141 186
141 187
142 143
142 145
142 146
142 147
142 149
142 151
142 158
142 159
142 160
142 162
142 164
142 170
142 173
142 174
142 175
142 178
142 179
142 186
143 144
143 145
143 148
143 154
143 155
143 156
143 159
143 160
143 161
143 162
143 163
143 168
143 170
143 173
143 175
143 176
143 177
143 178
143 181
143 182
143 185
144 146
144 147
144 148
144 150
144 153
144 156
144 162
144 166
144 168
144 169
144 172
144 174
144 175
144 176
144 177
144 179
144 180
144 185
144 187
145 148
145 150
145 152
145 153
145 157
145 159
145 160
145 164
145 166
145 168
145 173
145 174
145 176
145 178
145 180
145 185
146 150
146 153
146 154
146 156
146 157
146 164
146 165
146 168
146 169
146 172
146 174
146 176
146 177
146 179
146 183
146 186
147 148
147 150
147 151
147 153
147 156
147 158
147 160
147 162
147 168
147 171
147 175
147 180
147 181
147 183
148 153
148 155
148 159
148 165
148 167
148 172
148 174
148 178
148 180
148 183
149 153
149 155
149 156
149 164
149 166
149 167
149 168
149 169
149 171
149 176
149 180
149 181
149 182
149 184
149 185
150 151
150 163
150 166
150 174
150 176
150 180
150 181
150 183
150 184
150 185
150 187
151 152
151 153
151 155
151 157
151 159
151 166
151 170
151 171
151 172
151 175
151 178
151 181
151 184
151 186
152 155
152 158
152 162
152 169
152 174
152 175
152 176
152 178
152 179
152 184
153 155
153 156
153 161
153 162
153 165
153 176
153 184
154 155
154 160
154 163
154 171
154 173
154 176
154 183
154 185
154 187
155 156
155 160
155 161
155 163
155 166
155 172
155 174
155 184
155 185
156 157
156 158
156 161
156 162
156 163
156 164
156 165
156 168
156 169
156 170
156 171
156 172
156 176
156 177
156 180
156 182
156 183
157 159
157 160
157 161
157 162
157 164
157 165
157 169
157 175
157 176
158 160
158 161
158 166
158 169
158 172
158 179
158 181
158 185
159 161
159 171
159 173
159 176
159 177
159 178
159 181
159 182
160 162
160 163
160 166
160 172
160 174
160 175
160 176
160 178
160 182
160 183
160 186
161 162
161 163
161 164
161 165
161 169
161 170
161 171
161 174
161 175
161 184
161 186
162 164
162 165
162 167
162 169
162 172
162 173
162 178
162 181
162 182
163 166
163 170
163 180
163 184
163 185
164 166
164 171
164 172
164 177
164 181
164 182
164 183
164 187
165 166
165 168
165 169
165 174
165 177
165 179
165 180
165 185
166 167
166 172
166 178
166 180
166 181
166 182
166 184
166 185
166 186
166 187
167 168
167 169
167 170
167 171
167 172
167 175
167 177
167 180
167 182
167 183
167 185
167 186
167 187
168 170
168 174
168 177
168 178
168 185
168 187
169 170
169 175
169 176
169 177
169 179
169 181
169 185
170 171
170 175
170 177
170 179
170 180
170 182
170 183
170 185
170 186
170 187
171 174
171 180
171 181
171 182
172 176
172 181
172 187
173 177
173 179
173 181
173 182
173 183
173 184
174 178
174 181
174 183
174 184
174 185
174 186
175 176
175 177
175 180
175 182
175 184
175 187
176 180
176 185
177 179
177 182
178 179
178 182
178 184
178 186
179 183
180 182
180 183
180 184
181 184
182 184
182 186
183 186
185 186
