180
0 1
0 2
0 4
0 5
0 6
0 7
0 8
0 10
0 11
0 12
0 14
0 16
0 17
0 18
0 19
0 21
0 24
0 25
0 26
0 28
0 29
0 31
0 32
0 33
0 34
0 38
0 40
0 41
0 44
0 46
0 47
0 50
0 51
0 52
0 53
0 54
0 55
0 57
0 58
0 59
0 61
0 63
0 66
0 67
0 68
0 70
0 72
0 75
0 77
0 78
0 79
0 81
0 83
0 84
0 85
0 86
0 87
0 88
0 89
0 90
0 91
0 93
0 94
0 96
0 98
0 100
0 103
0 104
0 106
0 107
0 111
0 112
0 113
0 114
0 116
0 118
0 119
0 121
0 126
0 128
0 130
0 132
0 134
0 135
0 136
0 137
0 138
0 139
0 141
0 143
0 144
0 145
0 146
0 152
0 153
0 155
0 156
0 157
0 160
0 164
0 165
0 167
0 170
0 172
0 175
0 176
0 179
1 2
1 4
1 6
1 7
1 8
1 10
1 11
1 12
1 13
1 14
1 17
1 18
1 20
1 22
1 23
1 24
1 27
1 28
1 30
1 33
1 34
1 35
1 37
1 39
1 42
1 48
1 49
1 50
1 51
1 53
1 54
1 58
1 60
1 63
1 64
1 65
1 66
1 68
1 69
1 70
1 71
1 72
1 73
1 75
1 78
1 79
1 80
1 81
1 82
1 85
1 86
1 87
1 88
1 89
1 90
1 91
1 92
1 94
1 95
1 96
1 97
1 98
1 99
1 101
1 103
1 105
1 107
1 110
1 112
1 113
1 114
1 115
1 116
1 117
1 118
1 120
1 122
1 123
1 125
1 126
1 128
1 129
1 130
1 132
1 133
1 134
1 135
1 137
1 138
1 139
1 141
1 142
1 143
1 150
1 152
1 154
1 156
1 157
1 158
1 160
1 168
1 169
1 170
1 171
1 173
1 175
1 179
2 3
2 4
2 7
2 8
2 9
2 17
2 19
2 20
2 22
2 24
2 25
2 27
2 28
2 30
2 31
2 32
2 33
2 34
2 36
2 37
2 41
2 42
2 43
2 44
2 48
2 49
2 50
2 54
2 60
2 61
2 63
2 64
2 65
2 69
2 71
2 72
2 76
2 77
2 78
2 79
2 82
2 86
2 92
2 93
2 94
2 98
2 99
2 101
2 103
2 104
2 105
2 106
2 107
2 109
2 111
2 112
2 115
2 116
2 118
2 119
2 121
2 122
2 124
2 126
2 127
2 128
2 130
2 131
2 134
2 135
2 137
2 138
2 139
2 141
2 143
2 144
2 146
2 147
2 148
2 150
2 152
2 154
2 156
2 157
2 158
2 162
2 164
2 165
2 166
2 167
2 168
2 170
2 171
2 173
2 175
2 177
2 178
2 179
3 4
3 5
3 6
3 9
3 10
3 11
3 12
3 13
3 14
3 15
3 16
3 17
3 18
3 21
3 22
3 23
3 25
3 26
3 28
3 29
3 31
3 32
3 33
3 34
3 37
3 38
3 41
3 42
3 43
3 46
3 47
3 49
3 51
3 52
3 53
3 58
3 62
3 64
3 65
3 66
3 67
3 68
3 70
3 73
3 74
3 77
3 78
3 80
3 81
3 82
3 84
3 85
3 87
3 88
3 89
3 90
3 91
3 95
3 96
3 98
3 99
3 104
3 105
3 106
3 108
3 110
3 111
3 112
3 113
3 114
3 115
3 118
3 119
3 120
3 122
3 123
3 130
3 133
3 134
3 135
3 136
3 138
3 145
3 146
3 147
3 149
3 151
3 152
3 153
3 154
3 158
3 159
3 160
3 162
3 164
3 165
3 166
3 167
3 171
3 172
3 173
3 174
3 175
3 178
4 5
4 6
4 7
4 9
4 10
4 12
4 15
4 16
4 17
4 18
4 19
4 20
4 22
4 23
4 24
4 25
4 26
4 27
4 28
4 29
4 30
4 34
4 38
4 41
4 42
4 43
4 44
4 45
4 46
4 47
4 48
4 50
4 52
4 53
4 56
4 57
4 58
4 59
4 61
4 62
4 64
4 65
4 66
4 69
4 70
4 71
4 72
4 73
4 74
4 79
4 81
4 82
4 83
4 85
4 86
4 87
4 89
4 90
4 95
4 96
4 100
4 101
4 104
4 110
4 111
4 113
4 114
4 117
4 118
4 119
4 120
4 124
4 126
4 127
4 129
4 130
4 134
4 135
4 136
4 137
4 139
4 140
4 141
4 142
4 143
4 144
4 145
4 148
4 153
4 154
4 155
4 156
4 157
4 158
4 159
4 160
4 161
4 162
4 163
4 164
4 165
4 166
4 171
4 174
4 177
4 178
4 179
5 7
5 8
5 9
5 10
5 13
5 14
5 17
5 18
5 19
5 20
5 22
5 24
5 25
5 31
5 32
5 34
5 35
5 38
5 39
5 40
5 42
5 43
5 44
5 45
5 48
5 54
5 57
5 58
5 61
5 63
5 64
5 65
5 66
5 68
5 69
5 70
5 71
5 73
5 74
5 76
5 77
5 78
5 79
5 81
5 82
5 83
5 84
5 86
5 87
5 88
5 90
5 92
5 93
5 97
5 100
5 102
5 103
5 105
5 106
5 108
5 109
5 112
5 115
5 117
5 119
5 122
5 123
5 124
5 125
5 126
5 128
5 130
5 131
5 132
5 133
5 135
5 136
5 137
5 140
5 141
5 142
5 144
5 146
5 147
5 148
5 151
5 152
5 155
5 156
5 157
5 164
5 165
5 166
5 167
5 172
5 173
5 174
5 176
5 178
6 7
6 8
6 9
6 11
6 15
6 16
6 17
6 18
6 20
6 21
6 22
6 24
6 25
6 27
6 29
6 30
6 34
6 35
6 36
6 37
6 38
6 39
6 40
6 41
6 42
6 43
6 46
6 47
6 48
6 49
6 52
6 53
6 54
6 58
6 60
6 62
6 63
6 64
6 65
6 66
6 69
6 70
6 71
6 72
6 73
6 75
6 76
6 77
6 78
6 79
6 80
6 81
6 82
6 83
6 84
6 86
6 87
6 89
6 90
6 94
6 95
6 96
6 98
6 99
6 101
6 102
6 103
6 104
6 106
6 107
6 109
6 110
6 111
6 112
6 114
6 115
6 116
6 120
6 122
6 123
6 124
6 126
6 127
6 128
6 131
6 134
6 138
6 142
6 144
6 148
6 149
6 150
6 152
6 153
6 154
6 155
6 156
6 159
6 161
6 162
6 163
6 164
6 165
6 166
6 167
6 169
6 171
6 173
6 178
7 8
7 9
7 10
7 11
7 12
7 14
7 15
7 16
7 17
7 19
7 23
7 24
7 25
7 26
7 29
7 30
7 32
7 34
7 39
7 40
7 41
7 45
7 46
7 47
7 49
7 50
7 51
7 52
7 53
7 54
7 55
7 56
7 57
7 59
7 60
7 61
7 64
7 65
7 66
7 68
7 69
7 73
7 74
7 77
7 79
7 80
7 81
7 83
7 86
7 88
7 89
7 92
7 93
7 94
7 96
7 97
7 100
7 101
7 105
7 106
7 107
7 108
7 110
7 111
7 114
7 115
7 117
7 118
7 119
7 120
7 122
7 124
7 127
7 128
7 129
7 130
7 131
7 133
7 134
7 139
7 141
7 142
7 143
7 144
7 145
7 146
7 147
7 148
7 151
7 152
7 155
7 156
7 157
7 158
7 160
7 161
7 165
7 166
7 167
7 168
7 171
7 172
7 173
7 174
7 175
7 176
7 177
7 178
8 9
8 11
8 13
8 17
8 20
8 21
8 22
8 23
8 25
8 26
8 27
8 28
8 29
8 30
8 31
8 32
8 33
8 35
8 36
8 39
8 40
8 42
8 43
8 44
8 45
8 47
8 50
8 52
8 54
8 56
8 57
8 58
8 60
8 61
8 63
8 64
8 66
8 67
8 68
8 69
8 70
8 71
8 72
8 73
8 74
8 76
8 77
8 78
8 79
8 80
8 81
8 82
8 83
8 87
8 90
8 91
8 92
8 93
8 94
8 96
8 97
8 99
8 100
8 101
8 105
8 106
8 108
8 110
8 111
8 114
8 117
8 119
8 120
8 123
8 125
8 126
8 127
8 129
8 130
8 131
8 132
8 135
8 137
8 138
8 139
8 140
8 142
8 143
8 145
8 147
8 148
8 153
8 154
8 155
8 156
8 161
8 163
8 164
8 167
8 168
8 170
8 171
8 172
8 174
8 175
8 176
8 177
8 179
9 11
9 12
9 13
9 14
9 15
9 16
9 17
9 18
9 19
9 20
9 22
9 23
9 24
9 26
9 27
9 28
9 29
9 31
9 34
9 35
9 36
9 37
9 38
9 39
9 40
9 41
9 42
9 44
9 45
9 50
9 51
9 56
9 57
9 61
9 63
9 66
9 67
9 68
9 71
9 72
9 74
9 75
9 79
9 80
9 81
9 83
9 84
9 85
9 86
9 90
9 91
9 93
9 94
9 95
9 96
9 97
9 98
9 100
9 101
9 102
9 103
9 104
9 105
9 106
9 109
9 111
9 112
9 113
9 114
9 116
9 117
9 121
9 123
9 126
9 129
9 131
9 133
9 134
9 135
9 140
9 143
9 144
9 149
9 150
9 153
9 156
9 160
9 164
9 166
9 170
9 172
9 176
9 177
10 12
10 13
10 14
10 16
10 17
10 18
10 19
10 21
10 22
10 23
10 27
10 29
10 30
10 31
10 32
10 33
10 34
10 36
10 37
10 38
10 40
10 42
10 45
10 48
10 49
10 50
10 51
10 52
10 53
10 54
10 56
10 57
10 59
10 61
10 62
10 66
10 67
10 68
10 69
10 70
10 71
10 72
10 74
10 75
10 77
10 79
10 80
10 81
10 83
10 85
10 86
10 87
10 90
10 91
10 92
10 93
10 95
10 96
10 97
10 100
10 101
10 102
10 103
10 104
10 105
10 106
10 107
10 108
10 110
10 112
10 113
10 114
10 116
10 118
10 119
10 120
10 123
10 124
10 129
10 130
10 131
10 132
10 133
10 134
10 139
10 141
10 144
10 145
10 147
10 148
10 151
10 154
10 155
10 157
10 158
10 161
10 162
10 163
10 165
10 166
10 169
10 174
10 176
11 12
11 15
11 16
11 17
11 18
11 21
11 22
11 23
11 25
11 29
11 30
11 32
11 33
11 34
11 35
11 36
11 38
11 40
11 42
11 43
11 44
11 46
11 48
11 53
11 54
11 55
11 56
11 57
11 58
11 63
11 65
11 66
11 67
11 68
11 69
11 72
11 74
11 75
11 78
11 80
11 84
11 85
11 86
11 88
11 89
11 90
11 91
11 93
11 94
11 95
11 96
11 98
11 99
11 100
11 105
11 107
11 108
11 109
11 110
11 111
11 114
11 116
11 119
11 120
11 121
11 124
11 126
11 131
11 136
11 137
11 138
11 141
11 142
11 144
11 146
11 149
11 152
11 154
11 155
11 156
11 157
11 158
11 159
11 163
11 166
11 167
11 169
11 170
11 172
11 175
11 176
11 177
11 179
12 14
12 15
12 17
12 18
12 24
12 27
12 28
12 30
12 31
12 32
12 33
12 36
12 37
12 40
12 42
12 43
12 44
12 47
12 48
12 49
12 50
12 52
12 54
12 56
12 57
12 59
12 60
12 61
12 62
12 63
12 64
12 65
12 66
12 67
12 68
12 69
12 70
12 72
12 75
12 76
12 77
12 78
12 79
12 80
12 82
12 85
12 86
12 89
12 90
12 91
12 92
12 98
12 99
12 100
12 105
12 106
12 107
12 111
12 112
12 114
12 115
12 117
12 119
12 120
12 122
12 123
12 127
12 128
12 132
12 133
12 134
12 135
12 136
12 140
12 141
12 142
12 143
12 145
12 147
12 148
12 149
12 150
12 151
12 153
12 154
12 155
12 158
12 159
12 163
12 166
12 167
12 170
12 175
12 178
13 14
13 16
13 17
13 19
13 20
13 23
13 25
13 26
13 27
13 29
13 35
13 37
13 38
13 39
13 40
13 41
13 42
13 45
13 46
13 47
13 50
13 52
13 53
13 55
13 56
13 58
13 59
13 60
13 61
13 62
13 63
13 64
13 66
13 68
13 69
13 70
13 72
13 73
13 74
13 75
13 76
13 77
13 78
13 81
13 82
13 83
13 88
13 92
13 93
13 96
13 97
13 99
13 100
13 102
13 103
13 107
13 110
13 113
13 115
13 116
13 119
13 120
13 121
13 124
13 125
13 127
13 129
13 134
13 136
13 137
13 141
13 144
13 146
13 147
13 148
13 149
13 151
13 153
13 154
13 155
13 157
13 158
13 162
13 164
13 167
13 168
13 169
13 170
13 171
13 172
13 174
13 176
13 178
13 179
14 15
14 16
14 17
14 18
14 19
14 20
14 21
14 22
14 24
14 26
14 29
14 31
14 33
14 34
14 36
14 37
14 38
14 39
14 41
14 42
14 43
14 44
14 45
14 46
14 47
14 49
14 50
14 53
14 54
14 55
14 58
14 59
14 61
14 62
14 63
14 65
14 69
14 71
14 72
14 73
14 74
14 76
14 79
14 82
14 83
14 84
14 85
14 89
14 91
14 92
14 96
14 97
14 98
14 102
14 103
14 104
14 105
14 106
14 109
14 114
14 115
14 116
14 118
14 120
14 121
14 124
14 125
14 126
14 127
14 128
14 133
14 134
14 138
14 140
14 142
14 143
14 144
14 146
14 147
14 151
14 154
14 155
14 156
14 157
14 159
14 160
14 161
14 162
14 163
14 164
14 166
14 167
14 168
14 170
14 174
14 175
15 16
15 17
15 18
15 19
15 20
15 21
15 22
15 23
15 24
15 25
15 27
15 28
15 29
15 30
15 32
15 34
15 35
15 38
15 39
15 42
15 44
15 45
15 47
15 48
15 49
15 51
15 52
15 55
15 56
15 58
15 60
15 61
15 63
15 64
15 65
15 67
15 68
15 69
15 70
15 71
15 72
15 73
15 74
15 75
15 76
15 79
15 81
15 83
15 84
15 85
15 86
15 87
15 89
15 91
15 93
15 94
15 95
15 96
15 97
15 100
15 101
15 102
15 106
15 107
15 108
15 111
15 113
15 117
15 119
15 120
15 123
15 124
15 126
15 127
15 128
15 131
15 133
15 134
15 136
15 138
15 139
15 140
15 144
15 148
15 152
15 153
15 154
15 157
15 158
15 159
15 161
15 163
15 167
15 174
15 176
15 177
15 178
16 17
16 19
16 21
16 22
16 23
16 26
16 27
16 28
16 29
16 30
16 31
16 32
16 33
16 34
16 35
16 36
16 39
16 42
16 47
16 50
16 51
16 52
16 54
16 55
16 56
16 58
16 59
16 60
16 61
16 62
16 63
16 65
16 66
16 67
16 68
16 69
16 70
16 71
16 72
16 73
16 74
16 76
16 77
16 78
16 80
16 81
16 83
16 84
16 90
16 93
16 94
16 97
16 98
16 99
16 100
16 102
16 103
16 106
16 109
16 110
16 111
16 113
16 114
16 115
16 117
16 118
16 120
16 121
16 122
16 123
16 128
16 129
16 130
16 131
16 133
16 135
16 136
16 141
16 144
16 146
16 149
16 150
16 151
16 152
16 159
16 160
16 162
16 168
16 170
16 171
16 173
16 174
16 175
16 176
17 19
17 20
17 21
17 23
17 24
17 26
17 29
17 31
17 32
17 33
17 35
17 36
17 37
17 41
17 43
17 47
17 49
17 50
17 51
17 55
17 57
17 58
17 59
17 60
17 62
17 63
17 64
17 65
17 66
17 67
17 68
17 71
17 72
17 75
17 79
17 80
17 82
17 86
17 87
17 90
17 91
17 93
17 94
17 97
17 99
17 100
17 104
17 105
17 106
17 110
17 112
17 115
17 117
17 118
17 119
17 120
17 122
17 125
17 127
17 128
17 131
17 132
17 137
17 139
17 140
17 141
17 142
17 146
17 149
17 151
17 153
17 156
17 163
17 165
17 166
17 167
17 168
17 171
17 172
17 177
17 179
18 19
18 20
18 21
18 24
18 25
18 28
18 30
18 33
18 36
18 39
18 40
18 42
18 43
18 44
18 45
18 47
18 48
18 49
18 51
18 52
18 54
18 57
18 58
18 60
18 63
18 64
18 66
18 67
18 68
18 72
18 73
18 74
18 75
18 76
18 77
18 84
18 85
18 87
18 88
18 89
18 90
18 91
18 92
18 93
18 94
18 95
18 98
18 99
18 102
18 104
18 106
18 108
18 109
18 110
18 111
18 113
18 114
18 116
18 117
18 118
18 120
18 122
18 124
18 125
18 127
18 132
18 133
18 134
18 135
18 137
18 138
18 139
18 140
18 143
18 145
18 147
18 148
18 154
18 155
18 156
18 159
18 161
18 162
18 166
18 172
18 173
18 174
18 175
18 178
18 179
19 20
19 22
19 23
19 26
19 29
19 30
19 31
19 35
19 36
19 38
19 39
19 41
19 42
19 43
19 44
19 45
19 46
19 47
19 48
19 49
19 50
19 51
19 54
19 56
19 57
19 58
19 60
19 62
19 63
19 64
19 65
19 66
19 68
19 69
19 70
19 71
19 72
19 75
19 76
19 77
19 78
19 80
19 81
19 82
19 85
19 87
19 89
19 90
19 91
19 93
19 94
19 95
19 96
19 97
19 99
19 102
19 103
19 109
19 111
19 113
19 115
19 116
19 121
19 122
19 124
19 128
19 129
19 131
19 134
19 137
19 138
19 140
19 141
19 147
19 148
19 149
19 152
19 154
19 157
19 160
19 161
19 163
19 166
19 167
19 171
19 172
19 174
19 178
20 23
20 24
20 25
20 26
20 27
20 28
20 29
20 30
20 32
20 35
20 38
20 39
20 40
20 42
20 43
20 44
20 45
20 46
20 47
20 48
20 50
20 52
20 53
20 54
20 55
20 57
20 58
20 60
20 62
20 63
20 64
20 66
20 69
20 70
20 73
20 74
20 75
20 77
20 78
20 80
20 82
20 83
20 84
20 85
20 91
20 92
20 101
20 102
20 103
20 105
20 107
20 113
20 118
20 121
20 122
20 123
20 125
20 126
20 127
20 128
20 133
20 134
20 136
20 137
20 140
20 142
20 144
20 146
20 147
20 148
20 150
20 153
20 154
20 155
20 156
20 157
20 161
20 163
20 170
20 172
20 173
20 176
20 177
20 178
20 179
21 23
21 24
21 25
21 26
21 27
21 28
21 29
21 30
21 31
21 32
21 33
21 34
21 35
21 37
21 40
21 41
21 45
21 46
21 48
21 49
21 50
21 51
21 52
21 53
21 55
21 56
21 58
21 59
21 60
21 61
21 62
21 64
21 67
21 70
21 73
21 77
21 78
21 79
21 81
21 83
21 85
21 87
21 88
21 89
21 91
21 93
21 96
21 97
21 98
21 100
21 102
21 108
21 109
21 111
21 112
21 113
21 118
21 119
21 120
21 122
21 126
21 130
21 131
21 133
21 135
21 136
21 137
21 139
21 140
21 142
21 143
21 145
21 146
21 147
21 153
21 155
21 156
21 158
21 159
21 163
21 164
21 167
21 168
21 170
21 171
21 173
21 174
21 175
21 176
21 177
22 23
22 24
22 25
22 26
22 27
22 28
22 29
22 30
22 31
22 32
22 33
22 34
22 35
22 38
22 41
22 43
22 44
22 45
22 47
22 48
22 49
22 50
22 53
22 54
22 55
22 56
22 58
22 60
22 61
22 62
22 63
22 67
22 70
22 71
22 74
22 75
22 76
22 77
22 84
22 86
22 87
22 90
22 91
22 93
22 94
22 95
22 96
22 97
22 101
22 103
22 104
22 105
22 107
22 108
22 109
22 111
22 114
22 115
22 116
22 117
22 118
22 120
22 123
22 126
22 132
22 134
22 137
22 138
22 140
22 142
22 146
22 148
22 149
22 150
22 151
22 154
22 157
22 158
22 160
22 166
22 168
22 170
22 171
22 172
22 173
22 174
22 175
22 176
23 24
23 26
23 27
23 29
23 31
23 32
23 34
23 36
23 37
23 40
23 41
23 44
23 45
23 47
23 48
23 50
23 51
23 55
23 57
23 58
23 59
23 61
23 62
23 63
23 64
23 65
23 66
23 67
23 68
23 69
23 71
23 73
23 74
23 77
23 79
23 80
23 81
23 84
23 85
23 86
23 87
23 88
23 89
23 93
23 94
23 95
23 96
23 97
23 99
23 101
23 103
23 104
23 106
23 108
23 109
23 112
23 113
23 114
23 116
23 117
23 120
23 121
23 123
23 124
23 125
23 126
23 129
23 130
23 131
23 133
23 136
23 139
23 141
23 142
23 143
23 144
23 145
23 151
23 154
23 155
23 157
23 159
23 160
23 162
23 163
23 166
23 167
23 168
23 174
23 176
23 177
23 178
23 179
24 25
24 27
24 28
24 31
24 32
24 33
24 34
24 35
24 36
24 38
24 39
24 40
24 41
24 45
24 46
24 47
24 48
24 54
24 57
24 61
24 62
24 63
24 65
24 66
24 67
24 72
24 75
24 76
24 79
24 82
24 83
24 90
24 91
24 93
24 94
24 95
24 96
24 97
24 100
24 103
24 105
24 107
24 108
24 109
24 112
24 114
24 117
24 118
24 121
24 123
24 125
24 126
24 127
24 129
24 133
24 134
24 138
24 140
24 143
24 144
24 146
24 149
24 154
24 155
24 156
24 157
24 159
24 160
24 161
24 162
24 163
24 164
24 166
24 168
24 169
24 170
24 171
24 174
24 176
24 177
25 26
25 27
25 32
25 33
25 34
25 35
25 37
25 38
25 39
25 44
25 45
25 46
25 48
25 49
25 50
25 52
25 53
25 57
25 59
25 60
25 61
25 62
25 63
25 64
25 65
25 66
25 67
25 68
25 70
25 71
25 74
25 75
25 81
25 82
25 84
25 86
25 87
25 89
25 90
25 91
25 93
25 95
25 97
25 99
25 100
25 102
25 104
25 105
25 110
25 111
25 112
25 116
25 117
25 122
25 123
25 124
25 126
25 127
25 128
25 129
25 130
25 131
25 132
25 133
25 135
25 136
25 138
25 142
25 143
25 146
25 147
25 150
25 151
25 152
25 156
25 158
25 162
25 169
25 172
25 174
25 178
25 179
26 27
26 28
26 29
26 30
26 32
26 33
26 36
26 38
26 39
26 40
26 41
26 44
26 45
26 47
26 48
26 49
26 54
26 55
26 56
26 57
26 58
26 62
26 63
26 66
26 67
26 68
26 69
26 72
26 73
26 74
26 76
26 78
26 79
26 84
26 85
26 87
26 88
26 92
26 93
26 94
26 96
26 97
26 99
26 102
26 104
26 105
26 106
26 108
26 109
26 113
26 114
26 115
26 116
26 117
26 119
26 120
26 122
26 123
26 125
26 126
26 127
26 134
26 136
26 139
26 142
26 145
26 149
26 153
26 155
26 157
26 158
26 159
26 162
26 165
26 166
26 167
26 168
26 170
26 172
26 173
26 177
26 178
26 179
27 28
27 29
27 32
27 33
27 34
27 35
27 40
27 41
27 43
27 47
27 48
27 49
27 50
27 52
27 55
27 57
27 58
27 60
27 62
27 66
27 69
27 71
27 73
27 74
27 75
27 76
27 77
27 81
27 82
27 84
27 85
27 87
27 90
27 91
27 95
27 97
27 98
27 99
27 101
27 102
27 103
27 105
27 110
27 112
27 113
27 117
27 119
27 122
27 125
27 127
27 128
27 129
27 131
27 138
27 140
27 141
27 142
27 143
27 144
27 149
27 151
27 153
27 154
27 155
27 158
27 161
27 164
27 166
27 168
27 172
27 173
27 174
27 175
27 176
27 178
27 179
28 30
28 33
28 34
28 35
28 36
28 37
28 39
28 40
28 42
28 44
28 45
28 48
28 49
28 50
28 51
28 52
28 53
28 55
28 56
28 59
28 60
28 61
28 62
28 63
28 65
28 66
28 67
28 69
28 73
28 74
28 76
28 78
28 79
28 80
28 81
28 82
28 83
28 84
28 86
28 88
28 89
28 91
28 92
28 93
28 94
28 100
28 103
28 105
28 107
28 108
28 109
28 111
28 112
28 114
28 115
28 116
28 119
28 120
28 121
28 122
28 124
28 126
28 127
28 132
28 133
28 134
28 137
28 138
28 140
28 143
28 146
28 148
28 149
28 151
28 153
28 157
28 159
28 161
28 163
28 164
28 168
28 171
28 174
28 175
28 176
28 178
28 179
29 31
29 33
29 34
29 37
29 39
29 40
29 43
29 45
29 46
29 48
29 49
29 52
29 53
29 54
29 55
29 56
29 57
29 60
29 62
29 64
29 68
29 70
29 72
29 76
29 77
29 79
29 80
29 81
29 82
29 84
29 85
29 86
29 87
29 89
29 90
29 92
29 94
29 95
29 96
29 100
29 101
29 103
29 105
29 108
29 109
29 110
29 112
29 115
29 116
29 117
29 118
29 119
29 126
29 127
29 128
29 129
29 130
29 133
29 135
29 136
29 139
29 140
29 143
29 147
29 148
29 149
29 153
29 154
29 156
29 157
29 162
29 165
29 166
29 170
29 171
29 172
29 173
29 175
29 176
30 31
30 32
30 33
30 35
30 36
30 40
30 41
30 42
30 43
30 45
30 47
30 49
30 52
30 54
30 55
30 58
30 69
30 71
30 73
30 74
30 75
30 76
30 77
30 78
30 80
30 82
30 83
30 87
30 88
30 89
30 93
30 95
30 97
30 98
30 99
30 100
30 101
30 102
30 105
30 106
30 108
30 109
30 110
30 111
30 113
30 114
30 120
30 122
30 123
30 124
30 125
30 127
30 131
30 132
30 133
30 134
30 141
30 142
30 143
30 144
30 145
30 146
30 150
30 152
30 153
30 155
30 156
30 158
30 159
30 161
30 162
30 163
30 164
30 165
30 166
30 168
30 169
30 170
30 171
30 172
30 173
30 174
30 177
30 179
31 32
31 33
31 35
31 36
31 37
31 39
31 41
31 43
31 44
31 47
31 52
31 53
31 55
31 57
31 59
31 60
31 62
31 63
31 64
31 65
31 66
31 67
31 69
31 70
31 73
31 74
31 75
31 76
31 77
31 78
31 79
31 80
31 84
31 86
31 88
31 91
31 92
31 96
31 97
31 98
31 100
31 101
31 102
31 103
31 104
31 111
31 113
31 114
31 115
31 116
31 118
31 119
31 123
31 124
31 131
31 132
31 133
31 136
31 138
31 142
31 146
31 148
31 149
31 156
31 157
31 158
31 159
31 160
31 161
31 162
31 165
31 168
31 170
31 172
31 173
31 179
32 33
32 34
32 35
32 36
32 37
32 40
32 41
32 43
32 44
32 46
32 47
32 49
32 50
32 51
32 52
32 55
32 57
32 60
32 61
32 62
32 63
32 64
32 65
32 66
32 67
32 69
32 70
32 71
32 73
32 74
32 75
32 79
32 80
32 81
32 83
32 86
32 88
32 95
32 96
32 97
32 99
32 102
32 103
32 105
32 107
32 108
32 109
32 111
32 112
32 118
32 120
32 124
32 126
32 127
32 130
32 131
32 132
32 133
32 135
32 138
32 139
32 141
32 144
32 145
32 146
32 148
32 150
32 152
32 159
32 160
32 163
32 166
32 167
32 170
32 172
32 174
32 176
32 178
32 179
33 34
33 35
33 36
33 41
33 43
33 44
33 45
33 47
33 48
33 52
33 53
33 56
33 58
33 60
33 62
33 63
33 64
33 66
33 67
33 73
33 78
33 80
33 83
33 84
33 85
33 86
33 87
33 90
33 92
33 94
33 95
33 96
33 98
33 99
33 101
33 102
33 103
33 104
33 106
33 108
33 109
33 114
33 116
33 118
33 121
33 122
33 125
33 127
33 128
33 132
33 136
33 137
33 141
33 142
33 143
33 144
33 145
33 148
33 149
33 151
33 152
33 154
33 155
33 156
33 158
33 159
33 161
33 162
33 165
33 167
33 169
33 170
33 173
33 174
33 179
34 35
34 36
34 38
34 39
34 40
34 41
34 43
34 47
34 48
34 49
34 50
34 51
34 52
34 55
34 56
34 57
34 58
34 60
34 61
34 64
34 68
34 69
34 73
34 74
34 77
34 80
34 81
34 83
34 85
34 86
34 88
34 89
34 92
34 94
34 95
34 98
34 99
34 103
34 104
34 105
34 108
34 109
34 110
34 111
34 116
34 119
34 120
34 121
34 122
34 124
34 126
34 127
34 128
34 129
34 130
34 133
34 135
34 137
34 139
34 140
34 141
34 144
34 145
34 146
34 147
34 148
34 150
34 151
34 158
34 160
34 162
34 163
34 164
34 166
34 167
34 169
34 170
34 171
34 172
34 173
34 174
34 177
34 179
35 36
35 37
35 39
35 40
35 42
35 43
35 45
35 46
35 48
35 49
35 50
35 51
35 55
35 56
35 57
35 58
35 61
35 63
35 64
35 65
35 66
35 69
35 70
35 73
35 74
35 76
35 77
35 79
35 80
35 83
35 84
35 85
35 89
35 90
35 92
35 96
35 97
35 98
35 99
35 100
35 101
35 103
35 106
35 107
35 108
35 109
35 110
35 117
35 124
35 125
35 126
35 132
35 134
35 135
35 137
35 138
35 139
35 140
35 141
35 144
35 145
35 147
35 148
35 149
35 151
35 153
35 155
35 157
35 162
35 164
35 165
35 167
35 168
35 170
35 171
35 173
35 174
35 175
35 177
36 37
36 39
36 40
36 43
36 48
36 49
36 50
36 53
36 55
36 58
36 59
36 60
36 61
36 62
36 63
36 64
36 65
36 67
36 68
36 69
36 71
36 76
36 77
36 78
36 79
36 80
36 82
36 83
36 85
36 88
36 89
36 90
36 93
36 94
36 95
36 97
36 101
36 102
36 103
36 104
36 106
36 107
36 112
36 114
36 115
36 119
36 120
36 124
36 125
36 129
36 130
36 133
36 135
36 136
36 138
36 140
36 143
36 144
36 149
36 150
36 151
36 152
36 156
36 159
36 160
36 162
36 163
36 164
36 166
36 168
36 170
36 171
36 174
36 175
36 176
36 177
36 179
37 38
37 39
37 40
37 41
37 42
37 43
37 44
37 46
37 47
37 49
37 53
37 56
37 57
37 59
37 61
37 62
37 63
37 64
37 65
37 67
37 69
37 70
37 71
37 72
37 73
37 74
37 76
37 77
37 78
37 79
37 80
37 82
37 83
37 84
37 85
37 86
37 88
37 90
37 92
37 94
37 96
37 98
37 99
37 101
37 103
37 104
37 107
37 110
37 111
37 113
37 114
37 122
37 124
37 125
37 128
37 130
37 133
37 135
37 136
37 138
37 141
37 142
37 143
37 145
37 147
37 148
37 151
37 152
37 153
37 154
37 155
37 156
37 157
37 158
37 160
37 163
37 164
37 165
37 168
37 170
37 175
38 39
38 40
38 43
38 44
38 46
38 47
38 49
38 50
38 51
38 53
38 54
38 56
38 58
38 60
38 62
38 63
38 65
38 66
38 67
38 68
38 69
38 70
38 72
38 74
38 75
38 76
38 77
38 78
38 79
38 80
38 84
38 88
38 89
38 91
38 92
38 93
38 95
38 97
38 100
38 102
38 105
38 106
38 107
38 108
38 110
38 112
38 115
38 116
38 117
38 120
38 122
38 123
38 124
38 128
38 130
38 131
38 132
38 133
38 139
38 142
38 143
38 145
38 146
38 149
38 152
38 159
38 165
38 167
38 168
38 172
38 173
38 175
39 42
39 43
39 44
39 46
39 48
39 50
39 51
39 52
39 54
39 55
39 56
39 58
39 62
39 63
39 64
39 68
39 71
39 72
39 74
39 75
39 76
39 77
39 78
39 79
39 80
39 81
39 89
39 91
39 92
39 99
39 102
39 104
39 105
39 107
39 108
39 109
39 110
39 112
39 113
39 114
39 116
39 121
39 124
39 125
39 126
39 127
39 130
39 131
39 132
39 133
39 135
39 137
39 138
39 142
39 143
39 145
39 149
39 150
39 151
39 152
39 154
39 164
39 168
39 171
39 172
39 174
39 175
39 176
39 178
40 41
40 43
40 46
40 47
40 49
40 50
40 53
40 54
40 55
40 56
40 57
40 59
40 60
40 62
40 66
40 67
40 68
40 69
40 71
40 72
40 74
40 77
40 78
40 80
40 81
40 83
40 84
40 86
40 88
40 89
40 90
40 93
40 95
40 96
40 97
40 99
40 102
40 103
40 106
40 108
40 112
40 113
40 114
40 115
40 118
40 121
40 125
40 131
40 132
40 133
40 135
40 137
40 141
40 142
40 143
40 144
40 146
40 147
40 148
40 150
40 151
40 152
40 153
40 154
40 155
40 157
40 160
40 161
40 168
40 169
40 173
40 175
40 176
40 177
40 178
40 179
41 43
41 45
41 46
41 48
41 49
41 50
41 51
41 53
41 54
41 55
41 60
41 61
41 65
41 66
41 67
41 69
41 70
41 72
41 74
41 75
41 76
41 77
41 80
41 82
41 85
41 86
41 87
41 88
41 92
41 94
41 97
41 98
41 99
41 100
41 101
41 102
41 103
41 113
41 115
41 116
41 117
41 119
41 124
41 125
41 126
41 128
41 130
41 131
41 132
41 133
41 134
41 136
41 137
41 138
41 139
41 142
41 143
41 144
41 147
41 148
41 149
41 150
41 153
41 155
41 158
41 159
41 162
41 164
41 165
41 166
41 167
41 170
41 171
41 172
41 173
42 43
42 44
42 48
42 53
42 54
42 55
42 58
42 59
42 60
42 61
42 62
42 63
42 64
42 68
42 69
42 71
42 74
42 76
42 77
42 78
42 79
42 80
42 81
42 82
42 83
42 85
42 86
42 87
42 88
42 90
42 91
42 92
42 93
42 94
42 95
42 97
42 99
42 100
42 102
42 105
42 106
42 107
42 108
42 109
42 111
42 112
42 113
42 114
42 115
42 121
42 127
42 130
42 131
42 132
42 134
42 136
42 137
42 138
42 140
42 142
42 144
42 146
42 150
42 151
42 152
42 153
42 156
42 157
42 158
42 161
42 162
42 164
42 165
42 167
42 168
42 169
42 175
42 178
42 179
43 44
43 46
43 47
43 49
43 50
43 55
43 56
43 57
43 58
43 61
43 65
43 66
43 69
43 70
43 71
43 72
43 73
43 75
43 76
43 77
43 79
43 82
43 85
43 87
43 90
43 91
43 92
43 93
43 94
43 95
43 97
43 98
43 99
43 101
43 102
43 103
43 104
43 105
43 108
43 109
43 110
43 111
43 112
43 113
43 117
43 120
43 121
43 122
43 125
43 128
43 132
43 133
43 134
43 136
43 140
43 141
43 142
43 144
43 145
43 148
43 149
43 151
43 154
43 155
43 158
43 160
43 161
43 163
43 165
43 166
43 168
43 169
43 172
43 173
43 178
43 179
44 47
44 49
44 50
44 53
44 56
44 58
44 60
44 62
44 64
44 65
44 67
44 68
44 72
44 74
44 75
44 78
44 79
44 83
44 84
44 85
44 87
44 89
44 90
44 92
44 94
44 96
44 98
44 99
44 100
44 102
44 104
44 106
44 108
44 109
44 111
44 112
44 113
44 118
44 119
44 120
44 122
44 123
44 124
44 128
44 130
44 134
44 139
44 140
44 142
44 145
44 146
44 147
44 153
44 155
44 156
44 157
44 159
44 160
44 161
44 163
44 164
44 166
44 167
44 170
44 173
44 176
44 179
45 47
45 48
45 49
45 50
45 51
45 52
45 54
45 57
45 61
45 63
45 66
45 68
45 69
45 72
45 74
45 75
45 78
45 79
45 82
45 83
45 84
45 85
45 86
45 87
45 89
45 93
45 94
45 95
45 97
45 98
45 99
45 100
45 102
45 106
45 107
45 108
45 111
45 112
45 115
45 116
45 117
45 118
45 121
45 122
45 123
45 124
45 125
45 129
45 130
45 131
45 137
45 140
45 142
45 148
45 150
45 151
45 153
45 154
45 157
45 160
45 161
45 162
45 163
45 166
45 167
45 168
45 170
45 173
45 174
45 176
46 49
46 52
46 53
46 54
46 55
46 58
46 61
46 62
46 63
46 67
46 69
46 70
46 71
46 73
46 74
46 78
46 79
46 83
46 84
46 87
46 90
46 91
46 94
46 95
46 96
46 102
46 104
46 105
46 109
46 111
46 112
46 113
46 114
46 116
46 117
46 118
46 122
46 123
46 124
46 126
46 127
46 130
46 132
46 134
46 135
46 138
46 140
46 141
46 143
46 144
46 145
46 148
46 149
46 150
46 153
46 154
46 156
46 157
46 160
46 161
46 162
46 163
46 164
46 166
46 168
46 169
46 170
46 171
46 177
46 178
47 52
47 53
47 55
47 56
47 57
47 58
47 60
47 61
47 62
47 64
47 65
47 66
47 67
47 69
47 70
47 71
47 72
47 74
47 75
47 78
47 81
47 82
47 84
47 90
47 91
47 92
47 94
47 95
47 100
47 101
47 102
47 103
47 106
47 107
47 108
47 109
47 110
47 111
47 113
47 115
47 117
47 118
47 120
47 121
47 127
47 129
47 131
47 132
47 138
47 139
47 143
47 147
47 151
47 153
47 155
47 156
47 158
47 162
47 164
47 165
47 167
47 168
47 171
47 172
47 175
47 176
47 177
47 179
48 50
48 52
48 53
48 56
48 58
48 59
48 60
48 61
48 62
48 66
48 67
48 68
48 70
48 71
48 72
48 73
48 75
48 76
48 78
48 79
48 81
48 82
48 85
48 88
48 91
48 94
48 95
48 101
48 104
48 106
48 107
48 112
48 114
48 115
48 116
48 117
48 119
48 120
48 122
48 123
48 124
48 126
48 129
48 131
48 132
48 135
48 137
48 138
48 139
48 140
48 141
48 142
48 143
48 147
48 148
48 150
48 151
48 152
48 157
48 158
48 160
48 165
48 167
48 168
48 169
48 170
48 171
48 173
48 176
48 177
48 178
48 179
49 50
49 52
49 56
49 60
49 65
49 66
49 72
49 73
49 74
49 75
49 76
49 77
49 80
49 86
49 87
49 88
49 89
49 90
49 91
49 92
49 94
49 95
49 96
49 99
49 100
49 101
49 103
49 104
49 105
49 108
49 109
49 110
49 111
49 113
49 114
49 115
49 118
49 119
49 122
49 123
49 124
49 127
49 131
49 132
49 133
49 136
49 137
49 138
49 139
49 144
49 145
49 147
49 148
49 151
49 153
49 154
49 155
49 158
49 163
49 165
49 166
49 169
49 170
49 178
49 179
50 54
50 55
50 56
50 57
50 58
50 59
50 60
50 61
50 63
50 66
50 67
50 71
50 72
50 73
50 74
50 75
50 78
50 80
50 82
50 89
50 90
50 91
50 94
50 95
50 100
50 101
50 102
50 106
50 108
50 109
50 110
50 113
50 114
50 118
50 120
50 121
50 122
50 123
50 125
50 126
50 128
50 130
50 132
50 133
50 134
50 135
50 139
50 140
50 141
50 146
50 147
50 148
50 151
50 153
50 157
50 161
50 162
50 164
50 166
50 169
50 177
50 178
51 52
51 54
51 57
51 58
51 59
51 60
51 64
51 65
51 67
51 69
51 70
51 74
51 76
51 77
51 80
51 82
51 83
51 84
51 86
51 87
51 88
51 89
51 91
51 92
51 96
51 97
51 100
51 101
51 103
51 105
51 107
51 108
51 111
51 112
51 113
51 115
51 118
51 120
51 122
51 124
51 125
51 128
51 130
51 131
51 134
51 135
51 136
51 140
51 141
51 143
51 144
51 146
51 147
51 150
51 151
51 152
51 155
51 156
51 158
51 160
51 162
51 163
51 167
51 173
51 174
51 175
51 176
51 177
51 178
51 179
52 54
52 55
52 56
52 57
52 60
52 61
52 62
52 65
52 66
52 67
52 68
52 69
52 70
52 71
52 74
52 75
52 78
52 80
52 81
52 82
52 85
52 86
52 87
52 88
52 90
52 94
52 98
52 99
52 101
52 103
52 104
52 111
52 114
52 116
52 117
52 118
52 119
52 121
52 122
52 127
52 128
52 129
52 130
52 131
52 132
52 134
52 135
52 139
52 141
52 142
52 147
52 149
52 150
52 153
52 154
52 156
52 157
52 159
52 160
52 161
52 162
52 165
52 166
52 169
52 170
52 171
52 172
52 173
52 176
52 177
52 178
52 179
53 55
53 57
53 59
53 60
53 61
53 64
53 65
53 67
53 69
53 71
53 72
53 74
53 76
53 78
53 80
53 82
53 83
53 84
53 86
53 90
53 91
53 92
53 94
53 96
53 98
53 99
53 101
53 103
53 106
53 109
53 110
53 112
53 114
53 118
53 119
53 120
53 123
53 125
53 126
53 128
53 129
53 130
53 131
53 132
53 133
53 136
53 139
53 140
53 144
53 146
53 149
53 152
53 153
53 160
53 162
53 164
53 166
53 167
53 169
53 170
53 173
53 175
53 177
54 55
54 57
54 59
54 64
54 65
54 66
54 67
54 69
54 70
54 71
54 75
54 76
54 78
54 79
54 81
54 83
54 84
54 85
54 86
54 89
54 92
54 93
54 96
54 97
54 98
54 100
54 101
54 103
54 106
54 107
54 108
54 112
54 113
54 114
54 115
54 117
54 119
54 120
54 122
54 123
54 130
54 131
54 132
54 136
54 139
54 140
54 141
54 143
54 144
54 148
54 151
54 152
54 153
54 154
54 157
54 160
54 162
54 163
54 166
54 171
54 174
55 56
55 59
55 60
55 61
55 65
55 66
55 68
55 69
55 72
55 75
55 76
55 77
55 78
55 80
55 81
55 84
55 86
55 89
55 91
55 98
55 99
55 103
55 107
55 109
55 112
55 115
55 116
55 117
55 118
55 120
55 122
55 123
55 124
55 128
55 134
55 137
55 138
55 142
55 143
55 145
55 146
55 147
55 148
55 149
55 153
55 154
55 157
55 158
55 160
55 162
55 164
55 166
55 169
55 171
55 172
55 175
55 176
55 177
55 178
55 179
56 58
56 60
56 61
56 64
56 65
56 67
56 70
56 71
56 72
56 76
56 78
56 80
56 81
56 82
56 83
56 84
56 85
56 86
56 87
56 92
56 93
56 94
56 96
56 98
56 100
56 101
56 102
56 103
56 104
56 106
56 107
56 109
56 111
56 112
56 114
56 116
56 119
56 121
56 123
56 127
56 128
56 129
56 130
56 136
56 143
56 144
56 145
56 146
56 148
56 150
56 153
56 154
56 155
56 156
56 159
56 163
56 165
56 169
56 170
56 176
56 177
56 178
56 179
57 58
57 59
57 60
57 62
57 64
57 66
57 67
57 68
57 69
57 72
57 75
57 78
57 79
57 80
57 81
57 85
57 87
57 88
57 89
57 90
57 93
57 95
57 97
57 100
57 103
57 104
57 105
57 107
57 110
57 111
57 115
57 116
57 117
57 118
57 119
57 120
57 121
57 122
57 124
57 125
57 126
57 130
57 131
57 133
57 137
57 138
57 139
57 140
57 142
57 144
57 145
57 147
57 151
57 152
57 153
57 155
57 156
57 159
57 161
57 164
57 166
57 168
57 169
57 172
57 173
57 174
57 175
57 176
57 177
57 178
57 179
58 59
58 60
58 62
58 63
58 64
58 65
58 66
58 67
58 68
58 70
58 71
58 75
58 76
58 79
58 82
58 83
58 88
58 90
58 91
58 92
58 93
58 94
58 95
58 98
58 99
58 100
58 101
58 102
58 104
58 105
58 107
58 108
58 110
58 113
58 114
58 115
58 116
58 117
58 120
58 122
58 125
58 126
58 127
58 129
58 134
58 135
58 145
58 146
58 149
58 154
58 160
58 163
58 164
58 168
58 170
58 172
58 174
58 175
58 177
58 178
59 60
59 61
59 64
59 65
59 66
59 67
59 68
59 70
59 71
59 73
59 75
59 77
59 80
59 83
59 84
59 87
59 90
59 91
59 92
59 93
59 94
59 95
59 96
59 98
59 99
59 100
59 103
59 106
59 108
59 109
59 111
59 112
59 113
59 114
59 115
59 116
59 119
59 120
59 121
59 122
59 123
59 124
59 125
59 126
59 127
59 130
59 134
59 135
59 137
59 138
59 139
59 140
59 141
59 142
59 143
59 144
59 145
59 147
59 148
59 149
59 150
59 151
59 152
59 155
59 158
59 160
59 161
59 165
59 167
59 170
59 172
59 173
59 175
59 176
59 178
60 62
60 64
60 67
60 68
60 71
60 73
60 74
60 76
60 77
60 79
60 81
60 83
60 85
60 86
60 87
60 88
60 89
60 91
60 94
60 95
60 96
60 100
60 102
60 104
60 105
60 107
60 108
60 110
60 111
60 115
60 116
60 117
60 118
60 119
60 120
60 122
60 124
60 125
60 128
60 129
60 130
60 135
60 136
60 137
60 138
60 139
60 140
60 142
60 145
60 147
60 148
60 151
60 152
60 159
60 160
60 161
60 162
60 164
60 167
60 171
60 172
60 174
60 176
60 178
61 64
61 65
61 66
61 71
61 72
61 73
61 75
61 76
61 77
61 78
61 80
61 82
61 83
61 86
61 87
61 88
61 89
61 92
61 95
61 96
61 100
61 101
61 102
61 103
61 105
61 106
61 107
61 109
61 110
61 111
61 112
61 113
61 115
61 117
61 119
61 120
61 121
61 127
61 129
61 131
61 133
61 134
61 135
61 136
61 138
61 140
61 143
61 144
61 145
61 147
61 150
61 151
61 156
61 157
61 158
61 159
61 160
61 164
61 165
61 167
61 170
61 173
61 175
61 176
61 179
62 63
62 64
62 65
62 71
62 72
62 73
62 74
62 75
62 78
62 80
62 83
62 84
62 87
62 91
62 94
62 96
62 98
62 99
62 100
62 101
62 102
62 104
62 105
62 107
62 108
62 110
62 112
62 113
62 115
62 116
62 120
62 121
62 124
62 127
62 131
62 132
62 135
62 139
62 140
62 142
62 145
62 148
62 150
62 151
62 152
62 153
62 154
62 156
62 158
62 159
62 160
62 162
62 164
62 166
62 169
62 170
62 171
62 172
62 174
62 175
62 176
63 65
63 68
63 69
63 75
63 76
63 77
63 78
63 81
63 82
63 84
63 86
63 90
63 93
63 96
63 102
63 104
63 105
63 106
63 107
63 110
63 112
63 114
63 119
63 120
63 121
63 122
63 124
63 125
63 126
63 128
63 129
63 131
63 133
63 134
63 136
63 138
63 140
63 143
63 145
63 146
63 147
63 148
63 150
63 151
63 153
63 154
63 155
63 157
63 158
63 160
63 161
63 163
63 164
63 168
63 171
63 172
63 173
63 176
63 178
64 66
64 68
64 69
64 71
64 75
64 77
64 80
64 81
64 82
64 83
64 84
64 87
64 88
64 90
64 91
64 92
64 95
64 97
64 98
64 99
64 102
64 104
64 108
64 110
64 113
64 114
64 116
64 118
64 121
64 122
64 123
64 124
64 129
64 130
64 131
64 135
64 136
64 138
64 141
64 142
64 143
64 145
64 146
64 147
64 149
64 152
64 153
64 156
64 158
64 160
64 161
64 162
64 169
64 170
64 171
64 173
64 178
65 66
65 67
65 69
65 72
65 75
65 76
65 78
65 79
65 81
65 82
65 83
65 88
65 91
65 92
65 95
65 96
65 98
65 99
65 101
65 102
65 104
65 105
65 109
65 110
65 112
65 115
65 117
65 119
65 121
65 122
65 124
65 127
65 128
65 129
65 131
65 132
65 134
65 137
65 138
65 139
65 143
65 144
65 145
65 146
65 148
65 150
65 151
65 154
65 156
65 158
65 159
65 160
65 164
65 167
65 168
65 169
65 171
65 174
65 176
65 179
66 67
66 68
66 69
66 70
66 71
66 72
66 73
66 76
66 77
66 78
66 81
66 82
66 83
66 84
66 86
66 89
66 94
66 99
66 100
66 106
66 107
66 111
66 112
66 113
66 116
66 117
66 118
66 121
66 123
66 125
66 127
66 128
66 129
66 132
66 135
66 137
66 138
66 139
66 141
66 143
66 145
66 146
66 149
66 150
66 152
66 154
66 158
66 161
66 163
66 164
66 169
66 173
66 176
66 178
67 70
67 72
67 73
67 75
67 77
67 78
67 82
67 83
67 85
67 88
67 89
67 90
67 91
67 93
67 94
67 96
67 97
67 99
67 101
67 103
67 106
67 107
67 109
67 110
67 111
67 113
67 114
67 115
67 116
67 121
67 123
67 126
67 128
67 129
67 130
67 132
67 133
67 134
67 136
67 137
67 138
67 141
67 142
67 146
67 151
67 156
67 157
67 158
67 159
67 160
67 166
67 167
67 170
67 174
67 178
68 71
68 73
68 76
68 79
68 82
68 83
68 84
68 85
68 89
68 91
68 92
68 93
68 94
68 95
68 98
68 101
68 102
68 103
68 105
68 108
68 109
68 111
68 114
68 115
68 117
68 119
68 120
68 123
68 125
68 127
68 128
68 130
68 131
68 132
68 133
68 135
68 136
68 138
68 139
68 140
68 141
68 150
68 155
68 156
68 157
68 158
68 161
68 164
68 165
68 167
68 169
68 170
68 172
68 173
68 175
68 176
68 177
68 178
68 179
69 70
69 71
69 72
69 73
69 74
69 78
69 83
69 86
69 87
69 88
69 89
69 90
69 94
69 97
69 100
69 101
69 105
69 110
69 112
69 114
69 115
69 116
69 117
69 119
69 126
69 131
69 132
69 134
69 138
69 139
69 142
69 146
69 148
69 149
69 150
69 151
69 152
69 154
69 157
69 158
69 161
69 164
69 167
69 168
69 170
69 174
69 175
69 177
70 71
70 72
70 73
70 77
70 78
70 81
70 83
70 85
70 88
70 89
70 96
70 98
70 103
70 105
70 106
70 107
70 114
70 115
70 116
70 117
70 119
70 121
70 123
70 124
70 126
70 127
70 128
70 129
70 130
70 131
70 132
70 135
70 136
70 137
70 138
70 139
70 140
70 142
70 145
70 147
70 149
70 150
70 151
70 152
70 153
70 154
70 158
70 160
70 161
70 163
70 165
70 166
70 167
70 168
70 172
70 173
70 177
70 178
70 179
71 73
71 77
71 78
71 80
71 81
71 82
71 83
71 84
71 86
71 88
71 90
71 92
71 93
71 97
71 98
71 100
71 102
71 108
71 109
71 110
71 111
71 115
71 116
71 117
71 126
71 128
71 132
71 134
71 138
71 139
71 140
71 141
71 142
71 144
71 145
71 149
71 151
71 153
71 157
71 160
71 161
71 166
71 168
71 169
71 171
71 172
71 175
71 176
71 177
72 75
72 76
72 78
72 81
72 83
72 84
72 85
72 86
72 87
72 91
72 92
72 93
72 94
72 96
72 97
72 100
72 102
72 103
72 108
72 111
72 113
72 115
72 118
72 119
72 120
72 121
72 126
72 128
72 131
72 136
72 139
72 141
72 142
72 146
72 152
72 153
72 155
72 156
72 159
72 161
72 165
72 167
72 176
72 178
72 179
73 76
73 78
73 80
73 81
73 82
73 83
73 85
73 87
73 88
73 89
73 90
73 91
73 92
73 93
73 94
73 95
73 96
73 97
73 98
73 101
73 102
73 103
73 104
73 105
73 107
73 109
73 110
73 116
73 117
73 122
73 123
73 125
73 128
73 129
73 133
73 135
73 137
73 138
73 142
73 143
73 145
73 146
73 147
73 148
73 149
73 152
73 153
73 156
73 158
73 159
73 161
73 166
73 167
73 168
73 172
73 174
73 177
73 179
74 75
74 76
74 77
74 80
74 83
74 86
74 87
74 91
74 92
74 98
74 103
74 105
74 109
74 111
74 117
74 119
74 121
74 124
74 125
74 126
74 127
74 130
74 131
74 132
74 134
74 135
74 136
74 137
74 138
74 139
74 140
74 141
74 148
74 151
74 152
74 154
74 158
74 159
74 160
74 162
74 165
74 171
74 176
74 177
75 76
75 77
75 79
75 80
75 81
75 82
75 86
75 89
75 91
75 92
75 93
75 95
75 98
75 99
75 100
75 102
75 103
75 104
75 107
75 111
75 112
75 113
75 114
75 117
75 118
75 120
75 123
75 125
75 126
75 127
75 128
75 130
75 134
75 135
75 137
75 139
75 140
75 141
75 145
75 146
75 147
75 150
75 160
75 162
75 168
75 170
75 174
75 176
75 179
76 77
76 78
76 79
76 80
76 81
76 82
76 84
76 85
76 86
76 87
76 88
76 89
76 90
76 92
76 93
76 94
76 95
76 96
76 97
76 99
76 100
76 104
76 105
76 110
76 111
76 112
76 114
76 116
76 117
76 121
76 123
76 129
76 131
76 133
76 134
76 135
76 138
76 142
76 144
76 151
76 153
76 154
76 155
76 164
76 172
76 173
76 174
76 175
76 176
76 178
77 79
77 80
77 83
77 84
77 88
77 89
77 90
77 91
77 92
77 94
77 100
77 102
77 106
77 107
77 109
77 110
77 112
77 113
77 117
77 118
77 122
77 124
77 125
77 126
77 127
77 129
77 131
77 136
77 138
77 139
77 140
77 146
77 147
77 149
77 150
77 152
77 153
77 155
77 159
77 163
77 168
77 169
77 170
77 174
77 176
78 80
78 86
78 87
78 88
78 89
78 90
78 91
78 92
78 94
78 95
78 98
78 99
78 101
78 103
78 104
78 105
78 107
78 109
78 118
78 119
78 121
78 122
78 125
78 127
78 128
78 131
78 133
78 138
78 139
78 142
78 146
78 147
78 148
78 153
78 154
78 156
78 161
78 165
78 166
78 167
78 169
78 170
78 172
78 173
78 178
78 179
79 80
79 82
79 85
79 86
79 88
79 90
79 92
79 97
79 99
79 100
79 101
79 106
79 107
79 108
79 109
79 110
79 113
79 115
79 116
79 118
79 120
79 121
79 122
79 123
79 127
79 129
79 137
79 139
79 140
79 142
79 144
79 146
79 148
79 150
79 151
79 154
79 157
79 160
79 169
79 173
79 174
79 175
79 179
80 84
80 86
80 89
80 90
80 91
80 93
80 97
80 99
80 100
80 101
80 103
80 104
80 105
80 107
80 108
80 112
80 116
80 118
80 119
80 121
80 122
80 123
80 124
80 125
80 127
80 130
80 136
80 143
80 144
80 145
80 146
80 147
80 148
80 149
80 153
80 155
80 156
80 158
80 161
80 167
80 168
80 169
80 171
80 174
80 176
80 178
81 86
81 87
81 88
81 92
81 94
81 95
81 96
81 98
81 99
81 100
81 102
81 106
81 108
81 115
81 116
81 117
81 119
81 120
81 121
81 122
81 125
81 126
81 128
81 131
81 132
81 133
81 136
81 139
81 140
81 141
81 143
81 144
81 145
81 146
81 147
81 148
81 149
81 150
81 154
81 155
81 157
81 159
81 160
81 161
81 166
81 167
81 175
82 83
82 86
82 88
82 89
82 91
82 93
82 94
82 96
82 99
82 100
82 102
82 103
82 104
82 105
82 108
82 109
82 110
82 113
82 114
82 116
82 117
82 120
82 121
82 124
82 125
82 126
82 129
82 133
82 134
82 135
82 136
82 137
82 140
82 141
82 143
82 145
82 149
82 151
82 152
82 154
82 157
82 159
82 161
82 163
82 164
82 166
82 168
82 170
82 172
82 173
82 176
82 177
83 85
83 86
83 87
83 90
83 91
83 93
83 94
83 95
83 96
83 97
83 99
83 101
83 103
83 104
83 105
83 106
83 107
83 109
83 113
83 114
83 118
83 119
83 126
83 127
83 128
83 130
83 132
83 136
83 137
83 139
83 141
83 144
83 149
83 152
83 154
83 156
83 157
83 161
83 162
83 165
83 169
83 171
83 173
83 174
83 177
84 85
84 86
84 87
84 88
84 91
84 92
84 95
84 96
84 97
84 102
84 103
84 104
84 105
84 107
84 108
84 109
84 110
84 111
84 113
84 114
84 115
84 118
84 121
84 122
84 123
84 125
84 126
84 127
84 128
84 129
84 134
84 137
84 138
84 141
84 143
84 144
84 145
84 147
84 148
84 150
84 151
84 158
84 159
84 161
84 162
84 163
84 164
84 165
84 166
84 169
84 171
84 178
85 86
85 87
85 88
85 89
85 93
85 94
85 99
85 100
85 101
85 102
85 104
85 107
85 109
85 112
85 113
85 114
85 117
85 118
85 119
85 120
85 124
85 125
85 126
85 129
85 130
85 135
85 136
85 137
85 138
85 139
85 140
85 141
85 143
85 151
85 155
85 158
85 159
85 162
85 166
85 167
85 168
85 169
85 170
85 171
85 172
85 173
85 179
86 87
86 88
86 89
86 90
86 101
86 102
86 103
86 104
86 105
86 107
86 109
86 110
86 112
86 113
86 114
86 115
86 116
86 119
86 120
86 122
86 123
86 124
86 126
86 129
86 130
86 133
86 134
86 136
86 137
86 138
86 143
86 145
86 147
86 148
86 152
86 155
86 159
86 161
86 162
86 163
86 169
86 171
86 173
86 175
86 178
86 179
87 88
87 94
87 95
87 96
87 100
87 101
87 102
87 104
87 115
87 116
87 117
87 118
87 121
87 124
87 127
87 128
87 129
87 133
87 134
87 135
87 136
87 138
87 139
87 141
87 142
87 144
87 148
87 149
87 150
87 154
87 160
87 162
87 163
87 175
87 177
88 89
88 90
88 91
88 93
88 96
88 97
88 101
88 103
88 104
88 106
88 107
88 108
88 110
88 112
88 113
88 117
88 118
88 122
88 125
88 126
88 129
88 131
88 132
88 133
88 134
88 139
88 141
88 142
88 143
88 144
88 146
88 148
88 151
88 155
88 158
88 160
88 161
88 164
88 166
88 175
88 177
89 91
89 92
89 93
89 94
89 98
89 101
89 103
89 112
89 113
89 114
89 115
89 117
89 118
89 121
89 122
89 123
89 127
89 128
89 130
89 131
89 134
89 135
89 137
89 142
89 145
89 148
89 149
89 153
89 155
89 159
89 160
89 161
89 163
89 165
89 166
89 168
89 169
89 170
89 171
89 172
89 173
89 175
89 178
90 91
90 92
90 93
90 96
90 97
90 99
90 100
90 101
90 102
90 105
90 106
90 109
90 113
90 116
90 118
90 120
90 122
90 126
90 129
90 131
90 132
90 133
90 134
90 137
90 140
90 141
90 143
90 147
90 148
90 149
90 154
90 156
90 158
90 160
90 161
90 165
90 166
90 168
90 169
90 172
90 175
90 177
90 178
91 92
91 94
91 95
91 97
91 104
91 105
91 106
91 107
91 108
91 109
91 115
91 119
91 121
91 125
91 128
91 129
91 130
91 132
91 136
91 137
91 138
91 139
91 140
91 142
91 144
91 152
91 157
91 163
91 165
91 169
91 171
91 172
91 173
91 174
91 176
91 177
91 179
92 93
92 97
92 98
92 99
92 101
92 102
92 103
92 104
92 105
92 107
92 110
92 112
92 115
92 118
92 119
92 121
92 125
92 126
92 127
92 129
92 132
92 136
92 140
92 141
92 142
92 147
92 149
92 150
92 151
92 154
92 155
92 156
92 163
92 167
92 168
92 171
92 172
92 173
93 97
93 98
93 100
93 101
93 103
93 104
93 106
93 114
93 116
93 117
93 118
93 119
93 121
93 122
93 129
93 130
93 131
93 132
93 133
93 135
93 137
93 138
93 139
93 143
93 144
93 147
93 148
93 150
93 152
93 155
93 158
93 161
93 162
93 166
93 167
93 169
93 171
93 173
93 176
93 177
93 178
94 95
94 97
94 98
94 100
94 102
94 103
94 106
94 107
94 111
94 112
94 123
94 127
94 129
94 130
94 132
94 134
94 135
94 139
94 145
94 146
94 148
94 150
94 151
94 155
94 156
94 158
94 159
94 160
94 161
94 162
94 164
94 165
94 168
94 169
94 175
94 178
94 179
95 102
95 109
95 113
95 114
95 115
95 116
95 118
95 120
95 121
95 123
95 125
95 128
95 130
95 131
95 132
95 133
95 136
95 137
95 141
95 142
95 144
95 145
95 146
95 149
95 150
95 152
95 153
95 154
95 155
95 156
95 158
95 159
95 160
95 165
95 166
95 167
95 169
95 171
95 172
95 175
95 176
95 177
96 97
96 99
96 102
96 104
96 105
96 106
96 108
96 109
96 110
96 111
96 115
96 119
96 123
96 124
96 125
96 127
96 130
96 132
96 134
96 135
96 136
96 140
96 142
96 143
96 144
96 148
96 149
96 152
96 153
96 156
96 159
96 160
96 161
96 162
96 167
96 173
96 174
96 175
96 177
96 178
97 101
97 104
97 107
97 108
97 109
97 110
97 111
97 113
97 117
97 118
97 121
97 122
97 123
97 125
97 126
97 128
97 129
97 133
97 134
97 135
97 137
97 139
97 140
97 144
97 145
97 150
97 151
97 152
97 157
97 160
97 161
97 163
97 165
97 167
97 170
97 171
97 177
97 179
98 101
98 105
98 107
98 108
98 112
98 113
98 115
98 116
98 117
98 118
98 119
98 120
98 123
98 127
98 132
98 133
98 134
98 135
98 137
98 138
98 139
98 140
98 141
98 142
98 143
98 144
98 146
98 147
98 154
98 155
98 157
98 158
98 159
98 162
98 170
98 171
98 174
98 176
98 177
98 178
99 100
99 101
99 102
99 103
99 104
99 106
99 107
99 108
99 110
99 111
99 112
99 116
99 117
99 119
99 120
99 121
99 122
99 124
99 128
99 131
99 134
99 136
99 139
99 141
99 145
99 146
99 148
99 150
99 152
99 158
99 160
99 162
99 163
99 165
99 168
99 169
99 171
99 172
99 175
99 177
99 179
100 101
100 106
100 107
100 108
100 110
100 111
100 112
100 115
100 120
100 122
100 124
100 127
100 128
100 132
100 135
100 136
100 141
100 142
100 144
100 147
100 149
100 150
100 152
100 153
100 154
100 160
100 162
100 163
100 164
100 165
100 168
100 173
100 178
100 179
101 107
101 108
101 111
101 113
101 114
101 115
101 116
101 118
101 119
101 120
101 124
101 127
101 128
101 129
101 133
101 134
101 138
101 139
101 140
101 141
101 143
101 148
101 149
101 152
101 153
101 155
101 157
101 158
101 163
101 171
101 173
102 104
102 110
102 112
102 113
102 117
102 123
102 131
102 133
102 134
102 136
102 138
102 139
102 143
102 145
102 147
102 148
102 149
102 152
102 154
102 156
102 157
102 160
102 161
102 162
102 164
102 165
102 168
102 170
102 176
102 177
103 106
103 110
103 111
103 116
103 118
103 119
103 121
103 123
103 125
103 128
103 129
103 131
103 132
103 136
103 137
103 147
103 149
103 150
103 151
103 152
103 154
103 155
103 158
103 169
103 170
103 171
103 174
103 175
103 176
104 105
104 110
104 112
104 115
104 119
104 120
104 121
104 122
104 123
104 124
104 125
104 126
104 127
104 128
104 129
104 131
104 132
104 135
104 136
104 138
104 142
104 143
104 145
104 146
104 152
104 153
104 156
104 161
104 162
104 163
104 165
104 166
104 167
104 168
104 169
104 177
104 178
104 179
105 107
105 109
105 111
105 113
105 115
105 119
105 121
105 125
105 126
105 127
105 128
105 129
105 130
105 133
105 135
105 136
105 139
105 140
105 141
105 142
105 143
105 144
105 146
105 147
105 150
105 153
105 159
105 162
105 163
105 164
105 165
105 170
105 171
105 174
105 177
105 179
106 108
106 109
106 110
106 112
106 115
106 118
106 119
106 121
106 124
106 128
106 129
106 132
106 134
106 137
106 139
106 142
106 146
106 147
106 150
106 151
106 155
106 156
106 157
106 158
106 159
106 163
106 165
106 166
106 167
106 168
106 172
106 176
106 178
107 108
107 115
107 119
107 120
107 121
107 122
107 128
107 129
107 133
107 137
107 143
107 144
107 146
107 151
107 154
107 161
107 163
107 164
107 167
107 170
107 173
107 175
107 176
108 115
108 117
108 118
108 119
108 121
108 126
108 127
108 130
108 131
108 133
108 135
108 137
108 140
108 145
108 149
108 153
108 155
108 156
108 158
108 159
108 162
108 163
108 165
108 166
108 168
108 169
108 172
108 174
108 179
109 111
109 112
109 114
109 115
109 116
109 118
109 119
109 122
109 123
109 129
109 132
109 140
109 142
109 144
109 145
109 146
109 147
109 148
109 150
109 151
109 152
109 156
109 157
109 163
109 165
109 167
109 168
109 170
109 172
109 175
109 176
109 178
110 112
110 113
110 114
110 115
110 116
110 117
110 120
110 121
110 122
110 123
110 126
110 133
110 138
110 139
110 143
110 144
110 145
110 151
110 157
110 159
110 160
110 161
110 162
110 163
110 168
110 171
110 172
110 173
110 179
111 113
111 114
111 117
111 120
111 123
111 126
111 129
111 130
111 137
111 138
111 139
111 140
111 141
111 142
111 145
111 147
111 149
111 154
111 156
111 157
111 158
111 159
111 160
111 161
111 163
111 165
111 167
111 169
111 172
111 179
112 113
112 114
112 118
112 121
112 124
112 131
112 132
112 134
112 140
112 141
112 142
112 145
112 146
112 148
112 155
112 159
112 165
112 167
112 168
112 170
112 171
112 173
112 175
112 177
112 178
113 115
113 117
113 118
113 122
113 128
113 131
113 132
113 134
113 135
113 136
113 139
113 147
113 149
113 153
113 159
113 161
113 162
113 164
113 167
113 169
113 170
113 175
113 176
113 178
114 115
114 119
114 120
114 121
114 122
114 123
114 125
114 131
114 134
114 135
114 137
114 138
114 140
114 142
114 148
114 149
114 150
114 154
114 156
114 162
114 165
114 168
114 170
114 171
114 172
114 173
114 174
115 117
115 118
115 122
115 132
115 133
115 134
115 136
115 141
115 144
115 146
115 149
115 150
115 151
115 152
115 154
115 155
115 156
115 157
115 161
115 168
115 171
115 173
115 174
115 175
115 179
116 119
116 121
116 124
116 126
116 128
116 130
116 132
116 133
116 134
116 136
116 144
116 149
116 152
116 153
116 154
116 155
116 159
116 161
116 162
116 163
116 164
116 167
116 169
116 171
116 174
116 176
116 177
116 178
117 119
117 123
117 126
117 127
117 128
117 129
117 133
117 135
117 136
117 138
117 140
117 141
117 142
117 146
117 149
117 150
117 151
117 152
117 155
117 157
117 160
117 161
117 165
117 166
117 169
117 172
118 122
118 123
118 125
118 126
118 127
118 129
118 130
118 131
118 132
118 139
118 144
118 154
118 155
118 156
118 157
118 161
118 167
118 169
118 170
118 171
118 173
118 174
118 175
118 178
119 122
119 123
119 124
119 125
119 128
119 129
119 130
119 133
119 135
119 139
119 141
119 145
119 147
119 148
119 149
119 152
119 154
119 156
119 157
119 158
119 162
119 163
119 165
119 166
119 167
119 171
119 173
119 174
120 121
120 122
120 123
120 124
120 125
120 128
120 130
120 134
120 135
120 138
120 141
120 143
120 144
120 149
120 151
120 152
120 154
120 155
120 156
120 158
120 163
120 169
120 171
120 173
120 175
121 123
121 125
121 127
121 128
121 129
121 131
121 133
121 142
121 146
121 147
121 149
121 151
121 152
121 153
121 155
121 156
121 158
121 159
121 167
121 169
121 170
121 171
121 172
121 174
121 175
121 177
122 123
122 125
122 126
122 127
122 132
122 134
122 140
122 141
122 142
122 144
122 149
122 151
122 156
122 157
122 165
122 166
122 171
122 173
122 174
122 175
122 177
123 124
123 125
123 126
123 127
123 131
123 136
123 137
123 138
123 140
123 142
123 143
123 144
123 145
123 148
123 149
123 150
123 157
123 159
123 163
123 165
123 166
123 170
123 173
123 177
124 125
124 131
124 132
124 133
124 134
124 136
124 140
124 145
124 147
124 148
124 149
124 153
124 158
124 159
124 160
124 161
124 164
124 165
124 169
124 170
124 173
124 175
124 178
125 126
125 127
125 128
125 132
125 135
125 137
125 138
125 139
125 140
125 142
125 144
125 148
125 154
125 155
125 156
125 157
125 160
125 162
125 163
125 164
125 165
125 168
125 171
125 173
126 127
126 129
126 130
126 131
126 132
126 140
126 143
126 145
126 146
126 147
126 148
126 153
126 154
126 157
126 158
126 160
126 161
126 162
126 164
126 165
126 166
126 168
126 170
126 179
127 128
127 129
127 134
127 135
127 137
127 138
127 140
127 143
127 147
127 148
127 150
127 151
127 158
127 159
127 161
127 162
127 164
127 166
127 169
127 170
127 174
127 177
128 135
128 137
128 139
128 145
128 146
128 153
128 154
128 159
128 161
128 164
128 167
128 169
128 171
128 173
128 175
128 177
129 130
129 132
129 137
129 138
129 144
129 147
129 150
129 152
129 153
129 155
129 156
129 157
129 160
129 162
129 163
129 164
129 165
129 169
129 179
130 131
130 132
130 133
130 135
130 136
130 138
130 140
130 141
130 143
130 146
130 151
130 158
130 159
130 163
130 165
130 167
130 169
130 170
130 172
130 173
130 177
130 179
131 134
131 138
131 139
131 140
131 142
131 145
131 147
131 148
131 150
131 152
131 153
131 157
131 159
131 161
131 162
131 165
131 168
131 173
131 179
132 134
132 137
132 139
132 144
132 145
132 146
132 149
132 152
132 156
132 158
132 160
132 164
132 168
132 170
132 172
132 176
132 177
132 179
133 134
133 137
133 141
133 149
133 150
133 151
133 152
133 154
133 156
133 157
133 159
133 161
133 162
133 163
133 164
133 166
133 168
133 170
133 172
133 176
133 177
134 135
134 136
134 137
134 140
134 141
134 143
134 144
134 146
134 159
134 163
134 167
134 168
134 169
134 172
134 179
135 137
135 138
135 141
135 142
135 144
135 145
135 146
135 148
135 150
135 151
135 152
135 156
135 157
135 159
135 161
135 162
135 164
135 166
135 172
135 174
135 175
135 178
136 137
136 138
136 140
136 141
136 142
136 144
136 145
136 146
136 147
136 148
136 149
136 150
136 154
136 155
136 156
136 157
136 159
136 164
136 166
136 168
136 169
136 170
136 171
136 177
136 178
136 179
137 145
137 149
137 150
137 151
137 152
137 156
137 158
137 159
137 161
137 168
137 171
137 175
137 177
137 179
138 146
138 148
138 150
138 152
138 155
138 156
138 162
138 166
138 169
138 174
138 176
138 177
138 179
139 145
139 147
139 149
139 150
139 152
139 158
139 162
139 172
139 179
140 143
140 145
140 147
140 153
140 155
140 157
140 159
140 163
140 164
140 166
140 169
140 171
140 179
141 144
141 145
141 146
141 147
141 148
141 150
141 154
141 157
141 159
141 160
141 164
141 165
141 167
141 168
141 175
141 176
142 143
142 144
142 146
142 150
142 153
142 154
142 159
142 160
142 161
142 168
142 174
142 176
142 179
143 144
143 145
143 148
143 149
143 152
143 153
143 156
143 157
143 160
143 161
143 162
143 168
143 170
143 171
143 176
144 150
144 156
144 157
144 160
144 162
144 163
144 166
144 172
144 174
144 175
144 176
145 149
145 150
145 162
145 163
145 165
145 168
145 169
145 174
145 176
145 177
146 148
146 153
146 156
146 159
146 163
146 164
146 165
146 167
146 169
146 174
146 177
146 178
147 148
147 149
147 152
147 153
147 154
147 157
147 160
147 164
147 165
147 166
147 169
147 170
147 172
147 173
147 175
147 177
148 158
148 159
148 160
148 164
148 165
148 167
148 168
148 172
148 177
149 150
149 156
149 161
149 162
149 164
149 165
149 166
149 167
149 168
149 174
149 179
150 152
150 155
150 157
150 162
150 163
150 167
150 169
150 172
150 174
150 177
150 178
150 179
151 152
151 153
151 155
151 157
151 158
151 159
151 167
151 170
151 173
151 174
151 176
152 155
152 163
152 164
152 165
152 169
152 171
152 172
152 178
153 154
153 156
153 158
153 160
153 162
153 166
153 167
153 169
153 175
153 176
153 178
153 179
154 156
154 159
154 164
154 166
154 169
154 173
154 174
154 175
154 176
155 158
155 160
155 162
155 163
155 165
155 166
155 167
155 169
155 170
155 171
155 175
155 177
155 178
156 164
156 166
156 167
156 171
156 175
157 159
157 161
157 164
157 166
157 169
157 171
157 174
158 160
158 161
158 162
158 164
158 168
158 172
158 175
159 160
159 162
159 164
159 167
159 173
159 177
159 178
160 163
160 164
160 166
160 168
160 169
160 174
160 175
160 176
160 178
161 163
161 176
161 177
161 178
162 163
162 164
162 167
162 172
162 178
162 179
163 164
163 171
163 172
163 174
163 176
163 177
164 165
164 166
164 167
164 172
165 166
165 169
165 173
165 175
165 179
166 172
166 174
166 177
166 178
167 171
167 175
167 176
167 177
168 169
168 170
168 171
168 173
168 174
168 177
169 174
169 175
169 176
169 177
170 173
170 174
170 176
170 178
171 174
171 175
172 173
172 176
172 177
172 178
174 179
175 177
175 179
176 179
