188
0 1
0 2
0 11
0 27
0 38
0 72
0 80
0 100
0 149
1 3
1 5
1 7
1 8
1 10
1 35
1 57
2 4
2 18
2 54
2 136
2 151
2 162
3 9
3 16
3 91
3 137
3 159
4 12
4 13
4 119
4 157
5 6
5 14
5 20
5 115
6 30
6 32
6 33
6 58
7 17
7 42
7 103
7 109
7 183
8 70
8 134
8 179
9 19
9 24
9 39
9 47
9 141
9 142
9 149
10 22
10 23
10 77
10 108
10 155
10 175
11 133
11 175
12 25
12 28
12 31
12 48
12 49
12 61
12 71
12 152
13 48
13 52
13 182
14 15
14 99
14 110
15 21
15 146
15 169
15 171
15 184
16 25
16 26
16 29
16 77
16 130
17 32
17 97
17 187
18 62
18 95
18 103
19 56
19 60
20 153
21 34
21 77
21 152
21 154
21 174
22 40
22 41
22 55
22 150
22 154
22 166
22 172
23 29
23 45
23 71
23 84
23 132
23 158
24 122
25 31
25 171
26 176
27 37
27 65
27 73
27 149
28 42
28 44
28 82
28 87
28 101
28 179
29 41
29 109
30 78
30 86
30 143
31 38
31 49
31 106
31 117
31 119
32 85
32 95
32 103
32 141
32 157
33 75
33 89
34 130
34 146
34 173
35 36
35 140
36 64
36 114
36 117
36 138
36 149
37 43
37 48
37 60
37 137
38 181
39 46
39 79
39 105
39 113
39 131
39 183
40 120
40 178
41 110
41 142
41 184
42 97
42 107
42 129
43 63
43 84
43 128
43 143
44 50
44 93
44 120
44 139
44 146
44 160
45 50
45 53
45 78
45 116
46 59
47 91
47 92
47 153
48 53
48 95
48 129
49 88
49 124
49 126
49 145
49 176
50 51
50 91
50 96
50 116
50 117
50 133
51 58
51 124
52 158
52 178
53 87
53 88
53 95
54 118
54 167
55 60
55 69
55 116
55 119
55 124
55 156
56 60
56 128
56 148
57 114
57 124
57 162
59 62
59 66
59 76
59 93
59 109
59 186
60 125
60 161
61 67
61 74
61 86
61 146
61 167
62 103
62 135
62 176
63 85
63 87
63 107
63 119
63 130
63 132
64 68
64 89
65 74
65 104
65 110
66 67
66 115
66 128
66 153
66 158
67 98
67 116
68 96
68 170
68 172
69 73
69 102
69 141
69 147
69 164
70 90
71 81
71 85
71 140
72 136
72 156
72 183
73 81
73 103
73 109
73 127
74 76
74 91
74 98
75 174
76 168
77 80
77 123
78 81
78 96
78 118
78 163
79 83
79 110
79 113
80 101
81 137
81 162
82 97
82 125
83 120
83 165
83 166
84 86
84 159
85 125
85 145
85 166
85 187
86 118
86 156
86 169
87 94
87 146
88 108
88 120
88 174
88 184
89 122
89 172
90 106
90 141
91 105
92 125
92 127
92 132
92 164
93 102
93 138
93 151
93 173
93 177
94 141
94 184
95 121
96 148
96 173
96 175
96 185
97 121
97 174
98 140
99 114
99 123
100 121
100 147
100 173
101 112
101 129
101 144
101 165
102 121
102 139
102 160
102 178
103 130
104 108
104 134
104 181
105 131
105 132
105 135
105 167
105 169
106 111
106 149
106 164
107 154
108 157
109 177
111 132
111 135
112 156
112 180
113 122
114 181
116 161
117 163
117 177
117 178
118 121
118 126
118 145
118 147
118 160
120 138
121 138
122 159
123 165
124 185
125 166
125 170
125 176
125 184
126 150
126 155
127 161
127 175
128 162
129 136
129 144
129 148
129 154
130 140
130 169
131 144
133 173
134 147
136 182
137 172
137 185
142 166
143 145
144 187
145 167
146 181
147 161
149 163
154 157
154 170
154 179
156 161
156 172
156 186
157 167
159 178
160 179
163 182
164 170
165 175
165 181
167 171
168 171
168 180
168 187
170 174
178 186
183 187
