180
0 1
0 2
0 11
0 30
0 34
0 46
0 71
0 117
1 4
1 8
1 12
2 3
2 5
2 112
2 150
3 28
4 6
4 7
4 69
4 77
4 103
4 130
5 18
5 24
5 65
5 118
6 21
6 86
6 91
6 106
7 9
7 10
7 139
8 23
8 41
8 179
9 16
9 24
9 35
9 173
10 47
10 50
10 55
10 58
10 67
10 71
11 14
11 42
11 89
11 95
11 121
11 134
12 13
12 15
12 17
12 19
12 39
12 51
12 106
13 65
13 89
13 154
13 161
14 25
14 43
14 45
14 54
14 85
15 20
15 78
16 33
16 44
17 77
17 86
17 130
18 22
18 26
18 83
18 104
18 126
19 52
19 166
20 60
20 80
20 107
20 146
21 178
22 23
22 79
23 132
24 148
24 165
25 27
25 118
25 141
25 155
26 29
26 48
27 40
27 45
27 49
27 115
28 69
28 106
28 160
28 168
29 32
29 119
29 121
29 131
29 135
29 142
30 31
30 100
30 138
31 37
31 53
31 61
31 114
31 145
32 75
32 131
32 159
33 36
33 57
33 123
34 41
34 111
34 154
34 173
35 95
35 97
35 120
35 136
36 101
36 130
36 165
37 38
37 124
37 162
38 76
38 92
39 62
39 71
40 43
40 72
41 82
41 98
42 55
42 88
42 106
42 171
43 96
43 102
43 104
43 108
43 173
44 56
44 123
44 125
45 59
45 177
46 74
46 115
46 166
47 53
47 110
48 73
48 75
48 81
48 113
48 171
49 70
49 108
49 136
50 93
50 115
50 171
51 64
51 129
52 63
52 158
52 170
53 82
54 81
54 85
54 109
54 167
55 89
55 137
55 169
56 63
56 110
56 112
56 123
57 59
57 68
57 99
57 109
57 121
57 165
58 126
62 90
62 97
63 99
63 128
64 66
65 163
66 87
66 127
66 144
66 164
67 108
68 94
68 114
69 132
69 154
70 105
71 84
71 102
72 94
72 140
73 84
74 136
75 129
75 164
76 96
76 110
77 88
79 172
80 116
80 122
80 127
81 95
81 105
82 133
84 153
85 95
85 135
86 135
86 141
86 156
87 137
87 156
88 92
88 118
88 162
89 91
90 96
90 157
91 125
92 122
92 128
93 132
93 138
93 152
94 105
94 158
96 100
97 161
98 101
99 138
99 139
100 129
101 149
102 175
103 157
103 167
104 120
104 172
105 155
108 157
109 120
111 117
111 128
111 138
112 179
113 125
113 148
113 150
114 117
114 172
115 147
115 155
115 176
116 118
116 120
116 174
116 176
117 158
119 177
120 170
120 175
121 129
122 124
122 152
122 162
124 144
125 177
126 140
130 164
133 153
134 149
135 162
136 158
137 143
137 169
139 170
140 165
141 152
142 166
142 171
143 151
144 153
147 168
151 173
151 175
153 160
154 177
161 170
175 178
