180
0 1
0 8
0 14
0 35
0 48
0 108
0 118
1 2
1 7
1 13
1 19
1 23
1 36
1 135
1 171
2 3
2 5
2 28
2 57
3 4
3 6
3 11
3 55
3 165
4 31
4 37
4 66
4 165
4 170
5 9
5 12
5 15
5 54
5 113
5 123
6 10
6 18
6 25
6 33
6 45
6 79
7 21
7 42
7 51
8 40
8 46
8 101
8 171
9 16
9 122
10 47
10 79
10 103
10 113
10 133
10 143
10 178
11 17
11 24
11 31
11 69
11 132
12 20
12 160
12 161
12 176
13 42
13 78
13 91
14 26
14 167
14 174
15 39
15 90
15 109
16 29
16 82
16 87
16 131
17 27
17 56
17 71
17 152
18 79
18 81
19 22
19 30
19 139
20 43
20 53
20 154
20 157
21 30
21 41
21 65
21 173
22 74
22 87
23 34
23 75
23 84
23 137
23 148
23 154
24 31
24 68
24 70
24 72
24 94
24 103
24 124
24 144
25 37
25 48
26 32
26 44
26 67
26 134
27 52
27 56
27 142
28 64
28 128
28 130
29 40
29 77
29 119
29 167
30 93
31 37
31 113
32 129
34 38
34 136
35 59
35 93
35 104
35 107
36 60
36 73
36 80
36 96
36 157
37 75
37 98
38 123
38 179
39 141
39 160
39 178
40 179
41 90
41 93
41 100
41 126
41 142
41 153
42 49
42 139
42 163
43 58
43 166
43 170
44 99
44 102
44 114
45 50
45 53
45 66
45 137
46 61
46 126
47 63
47 76
47 150
47 167
48 159
49 53
49 95
51 92
51 112
51 158
51 174
52 55
52 100
52 112
52 143
52 145
53 138
54 110
54 120
55 163
56 122
56 131
57 89
57 157
57 160
58 72
59 77
59 130
59 133
59 175
60 62
60 151
61 112
61 163
62 105
62 116
62 128
62 135
63 83
63 97
63 122
63 169
64 104
65 74
65 84
65 96
65 177
66 105
66 134
67 89
68 88
68 99
68 158
69 111
69 116
69 119
70 71
70 77
71 121
72 118
72 169
73 86
73 144
74 88
74 146
74 178
75 83
75 140
77 149
78 85
78 176
80 92
81 107
81 147
82 95
82 145
83 140
84 121
85 114
85 145
85 170
86 89
86 99
86 161
88 130
88 152
88 170
88 173
89 133
90 117
90 124
91 112
91 121
91 154
93 117
94 120
95 126
95 151
95 173
96 161
97 108
97 143
97 156
98 116
98 151
100 110
102 106
102 146
102 177
103 115
103 159
104 172
106 148
106 176
108 122
108 125
108 155
109 124
110 127
111 115
111 132
112 135
112 159
114 118
116 137
116 164
117 149
117 162
120 123
123 138
125 137
130 174
132 144
136 142
137 153
138 140
138 171
138 179
140 159
140 165
141 153
141 163
142 166
143 162
146 147
146 164
148 173
149 153
149 178
150 152
160 175
162 165
162 177
166 168
167 172
169 179
