180
0 1
0 2
0 3
0 11
0 35
0 38
0 43
0 87
0 101
0 119
1 9
1 14
1 65
1 93
1 157
2 7
2 120
2 126
2 132
3 4
3 6
3 100
3 113
3 128
3 146
4 5
4 8
4 18
4 20
4 23
4 24
4 48
4 54
4 125
5 21
5 55
5 71
5 175
6 10
6 12
6 13
6 25
6 36
6 60
6 141
7 16
7 20
7 73
7 90
7 108
7 154
7 155
8 17
8 27
8 29
8 37
8 53
8 77
8 83
8 121
9 25
9 33
9 57
9 58
10 15
10 32
10 34
10 39
10 41
10 73
11 15
11 31
11 117
11 123
11 158
11 161
12 32
12 55
12 58
12 68
12 153
12 164
13 15
13 137
13 153
14 20
14 56
14 77
14 125
14 130
14 146
14 178
15 65
15 82
15 84
15 136
16 37
16 52
16 76
16 86
16 92
17 79
17 80
17 90
17 105
17 176
18 19
18 28
18 96
18 113
19 21
19 22
19 76
19 94
19 126
19 135
19 179
20 43
20 61
20 120
21 38
21 43
21 47
21 76
21 142
21 152
22 52
22 72
22 104
22 156
23 30
23 92
23 112
23 176
24 26
24 41
24 76
25 28
25 49
25 50
25 59
25 159
26 39
26 48
26 67
26 74
26 91
26 131
26 153
26 168
27 44
27 68
27 74
27 79
27 129
27 136
27 173
28 35
28 133
28 138
28 161
28 176
29 36
29 44
29 45
29 59
29 66
29 134
29 163
30 42
30 45
30 47
31 46
31 78
31 123
32 69
32 117
32 118
33 48
33 64
33 115
33 117
34 54
34 60
34 62
34 81
35 72
35 118
35 125
35 130
36 56
36 125
36 147
36 160
36 164
37 166
38 40
38 47
38 89
38 91
38 163
39 62
39 63
39 66
39 74
39 87
39 138
39 174
40 62
40 77
40 83
40 105
40 120
40 175
41 50
41 67
41 140
41 150
41 175
42 69
42 89
42 172
43 46
43 51
43 70
43 90
43 102
44 61
44 101
44 107
44 113
44 170
45 83
45 93
45 108
45 137
45 161
45 173
46 57
46 58
46 111
46 131
46 169
46 174
46 177
47 51
47 56
48 63
48 82
48 84
48 113
48 174
49 58
49 85
49 87
49 119
49 163
49 176
49 179
50 90
50 96
50 98
50 101
50 112
51 68
51 106
51 133
51 175
51 179
52 61
52 69
53 54
53 85
53 87
53 92
53 129
53 132
54 158
55 71
55 97
55 116
56 60
56 85
56 112
56 121
56 155
57 65
57 70
57 88
57 105
57 131
57 147
58 81
58 96
58 97
59 72
59 117
59 125
59 150
60 74
60 94
60 158
61 84
61 130
62 86
62 90
62 145
63 141
63 143
63 167
64 75
64 95
64 122
64 124
65 115
65 126
65 127
65 167
66 77
66 159
67 99
67 145
68 128
68 143
68 172
69 74
69 141
69 157
70 108
71 77
71 78
71 130
71 142
72 94
72 106
72 130
73 79
73 110
73 149
73 154
73 179
74 137
74 151
75 109
75 110
75 146
75 157
75 170
76 81
77 79
77 142
78 79
78 111
78 178
79 94
79 124
79 172
80 138
80 160
80 165
80 168
80 171
81 110
81 118
81 144
81 167
82 93
82 139
82 156
82 179
83 91
83 104
83 135
83 142
84 109
84 115
84 145
85 102
85 107
85 121
85 128
85 136
86 175
87 98
87 154
88 103
88 110
88 113
88 126
88 166
89 95
89 159
90 138
90 176
91 132
92 139
92 166
93 127
93 137
94 151
95 149
96 98
96 101
96 114
96 139
97 100
98 162
98 165
99 111
99 120
99 167
99 169
100 152
101 133
101 135
101 142
102 143
103 114
103 123
103 161
103 166
104 107
104 132
104 144
104 156
104 169
104 171
105 142
105 150
106 145
107 111
107 136
108 149
108 153
108 165
108 177
109 134
109 170
110 172
111 147
111 163
112 135
112 147
113 166
114 138
115 150
115 159
116 123
116 177
117 124
117 140
117 148
118 128
119 130
119 171
119 173
120 137
120 156
120 160
121 140
121 153
122 144
122 152
122 159
123 154
123 155
124 150
124 151
124 171
125 154
126 156
127 128
127 158
128 172
129 132
129 156
129 158
130 157
131 137
131 161
132 143
133 134
133 159
135 148
136 175
137 160
139 155
139 164
139 168
142 148
145 153
145 169
146 147
149 162
149 164
156 166
158 178
162 167
166 176
178 179
