188
0 1
0 2
0 8
0 39
0 53
0 91
0 121
1 3
1 4
1 34
1 45
1 49
1 64
1 102
1 107
1 118
1 165
1 167
2 3
2 6
2 11
3 7
3 40
3 45
3 49
3 67
3 107
3 112
3 155
3 177
4 5
4 9
4 15
4 49
4 120
5 14
5 16
5 21
5 36
5 76
5 89
5 97
5 175
6 10
6 13
6 18
6 42
6 163
7 14
7 56
7 84
7 87
7 124
7 140
8 22
8 66
8 67
8 99
8 116
8 178
9 12
9 29
9 41
9 80
9 99
10 15
10 19
10 23
10 44
10 70
10 73
10 81
10 101
10 131
11 20
11 39
11 74
11 138
11 146
11 181
12 17
12 24
12 27
12 28
12 33
12 40
12 43
12 59
12 61
12 127
13 16
13 22
13 36
13 38
13 121
13 134
14 18
14 58
14 79
14 92
14 96
14 113
14 131
14 135
14 139
14 181
15 105
15 138
15 169
15 182
16 50
16 52
16 140
16 142
16 147
17 29
17 30
17 33
17 50
17 67
17 70
17 71
17 84
17 132
18 25
18 129
18 131
19 55
19 99
19 104
20 37
20 132
20 152
20 163
20 169
21 64
21 96
21 118
22 83
22 129
23 31
23 46
23 60
23 72
23 86
24 76
24 134
24 185
25 26
25 35
25 42
25 100
25 126
25 169
26 39
26 44
26 47
26 105
26 128
27 46
27 71
27 125
27 182
28 41
28 52
28 99
28 124
28 156
28 162
28 166
28 171
29 52
29 63
29 86
29 123
29 124
29 166
29 170
30 32
30 47
30 101
30 109
30 152
30 164
30 167
30 181
31 56
31 112
31 137
31 141
31 176
31 184
32 52
32 60
32 87
32 117
33 47
33 86
33 102
33 108
33 141
33 148
34 65
34 88
34 96
34 114
34 117
34 120
34 149
34 151
34 186
35 37
35 109
35 144
35 168
35 180
36 54
36 71
36 80
36 83
36 132
37 41
37 78
37 137
37 161
37 166
38 69
38 81
38 84
38 93
38 113
39 51
39 57
39 69
39 123
39 180
40 88
40 102
40 158
40 171
41 50
42 54
42 57
42 113
42 124
42 174
43 92
43 149
44 94
44 108
45 51
45 52
45 76
45 130
45 154
45 181
46 78
46 79
46 140
46 176
46 183
47 48
47 55
47 63
47 159
47 163
48 65
48 68
48 149
48 150
48 173
48 185
49 61
49 77
49 177
50 100
50 148
50 172
50 173
51 62
51 94
51 165
51 186
51 187
52 82
52 109
52 184
53 58
53 72
53 143
53 163
53 187
54 75
54 113
54 185
55 64
55 72
55 84
55 162
55 172
56 61
56 119
56 166
56 167
56 176
57 74
57 90
57 126
57 130
58 185
59 73
59 80
59 84
59 103
59 121
59 162
60 77
60 93
60 97
60 106
60 117
60 182
61 76
61 117
61 174
61 184
62 63
62 77
62 119
62 122
62 187
63 135
63 176
64 66
64 115
64 119
65 74
65 126
65 128
65 130
65 142
65 152
65 155
66 125
66 135
67 85
67 135
67 165
68 88
68 125
68 142
68 154
68 173
69 121
69 126
69 132
69 162
70 79
70 92
70 119
70 132
70 137
70 157
70 185
71 74
71 147
71 166
71 177
72 94
72 118
72 140
73 79
73 147
74 85
74 100
74 110
74 157
75 141
75 145
76 147
77 97
77 114
77 146
77 158
78 93
78 113
78 139
78 151
78 159
78 178
79 116
79 136
80 110
80 133
80 145
80 164
81 91
81 93
81 118
81 144
81 156
82 109
82 141
82 148
82 155
83 89
83 133
84 125
84 170
84 172
85 95
85 186
86 97
86 106
86 133
86 185
87 143
87 152
87 154
88 117
88 159
89 98
89 121
89 143
89 158
90 109
90 131
90 134
90 142
91 108
91 123
91 179
93 171
93 182
93 183
94 104
94 111
94 116
94 133
95 118
95 123
95 124
95 127
96 98
97 171
98 104
98 107
98 150
98 160
98 170
99 112
99 139
99 154
100 111
100 170
100 177
101 115
102 169
103 156
103 163
103 170
104 110
104 113
104 122
105 124
105 150
105 169
106 122
106 152
106 156
107 157
108 114
108 140
110 145
111 119
111 136
111 158
112 134
112 161
112 179
114 154
115 139
115 144
115 162
115 164
115 180
116 168
116 184
117 136
117 161
118 175
118 177
119 159
120 143
120 153
121 181
122 138
123 133
124 148
125 155
125 175
126 176
127 128
127 129
127 158
128 141
129 136
129 157
129 161
129 169
130 159
131 172
132 183
133 155
134 167
134 171
135 139
135 148
136 138
136 151
136 180
137 184
138 144
138 172
140 153
140 160
140 177
141 183
144 180
145 178
146 157
147 153
147 172
147 183
148 176
149 174
151 162
151 168
152 179
153 168
155 175
156 170
157 163
159 181
160 171
164 180
164 184
164 187
165 173
165 175
166 178
168 171
172 175
174 178
174 179
174 187
176 179
178 183
