180
0 1
0 18
0 51
0 77
0 106
0 160
1 2
1 6
1 11
1 40
1 84
1 136
1 140
1 142
1 175
2 3
2 5
2 30
2 100
3 4
3 27
3 63
3 174
4 7
4 10
4 29
4 38
4 126
5 15
5 17
5 18
5 49
5 96
6 8
6 16
6 36
6 74
6 81
6 102
7 12
7 20
7 21
7 34
7 119
8 9
8 23
8 145
8 153
9 16
9 111
9 137
9 160
10 13
10 75
10 128
10 166
11 14
11 19
11 70
12 31
12 103
12 107
12 116
13 115
13 179
14 45
14 71
14 76
14 102
14 106
14 112
15 22
15 34
15 52
15 84
15 105
15 160
15 174
16 73
16 85
16 132
16 145
17 25
17 102
17 110
17 120
18 27
18 115
18 138
19 41
19 78
19 110
19 140
19 144
20 35
20 39
20 61
21 93
21 125
22 28
22 37
22 70
22 86
23 24
23 26
23 108
24 43
24 47
24 147
24 170
25 32
25 165
26 33
26 59
26 64
26 96
27 116
28 42
28 87
28 91
28 159
29 46
29 52
29 76
29 120
29 138
30 44
30 68
30 82
30 98
30 115
30 130
31 39
32 59
32 72
33 119
33 131
33 134
33 138
33 175
34 95
34 112
34 127
35 89
35 110
35 126
35 128
36 131
36 147
37 54
37 87
37 137
37 146
37 149
37 161
37 164
38 48
38 55
38 93
38 114
38 136
38 150
38 165
38 175
39 43
39 46
39 57
39 77
40 56
40 138
41 62
41 92
41 97
41 124
41 143
41 162
42 50
42 54
42 69
42 119
42 127
43 104
44 122
44 127
45 65
45 66
45 71
45 149
45 170
46 92
46 157
47 60
47 112
47 157
47 172
48 50
48 62
48 70
48 105
48 112
48 142
49 58
49 90
49 148
49 179
50 89
50 99
50 178
51 67
51 79
51 99
51 108
52 53
52 77
52 82
52 137
52 142
53 62
53 88
55 88
55 171
56 90
56 97
56 121
56 143
56 151
56 166
57 81
57 83
57 106
57 129
57 167
58 78
58 135
58 140
59 118
59 135
60 67
60 72
61 65
61 150
61 177
62 123
62 124
62 168
63 113
64 148
65 86
65 95
65 96
65 157
66 80
66 89
66 127
66 139
67 100
68 156
68 177
69 105
69 168
70 117
70 172
71 87
71 161
71 171
72 73
72 74
72 161
73 87
73 114
73 121
73 131
73 141
74 80
74 82
74 114
74 124
74 176
75 94
77 81
79 153
79 170
80 96
80 106
80 158
80 169
81 99
81 111
81 173
82 153
82 161
82 167
82 174
83 144
83 177
84 155
85 94
85 139
86 132
86 163
86 169
87 105
87 136
89 110
89 144
89 175
90 165
91 92
91 117
92 158
93 111
93 164
94 99
94 104
94 176
96 155
96 166
97 98
97 125
97 148
97 161
98 130
98 154
99 101
99 121
100 119
100 129
100 145
100 153
101 103
101 136
101 146
101 156
102 162
103 109
103 117
103 155
103 172
104 156
104 171
104 173
104 175
105 125
105 134
106 152
107 125
108 113
108 116
109 123
109 173
110 113
113 146
114 134
115 133
116 121
116 165
117 151
117 163
118 123
118 131
118 152
119 167
120 149
121 133
122 130
122 131
122 163
126 172
129 140
129 168
130 150
130 154
132 168
132 171
133 136
133 167
138 142
138 146
138 162
139 157
140 152
141 174
144 147
145 151
146 148
146 164
149 168
151 160
152 160
152 176
153 159
155 178
156 166
159 164
166 172
169 174
