180
0 1
0 20
0 76
1 2
1 10
1 48
1 50
1 106
2 3
2 12
2 36
2 54
2 82
3 4
3 6
3 7
3 43
3 44
3 54
3 119
4 5
4 9
4 10
4 11
4 56
4 62
4 132
5 13
5 18
5 50
5 55
5 61
5 78
5 105
5 156
6 8
6 53
6 94
6 115
6 117
6 148
7 23
7 27
7 28
7 42
7 46
7 63
7 111
7 114
7 131
7 155
7 166
8 31
8 37
8 87
8 98
8 147
9 49
9 127
9 128
10 14
10 74
10 100
10 108
10 119
10 148
11 40
11 56
11 70
11 88
11 107
11 142
11 161
12 34
12 59
12 65
13 26
13 58
13 74
13 149
13 165
14 15
14 16
14 24
14 27
14 35
14 135
15 17
15 22
15 111
15 150
15 171
16 19
16 32
16 78
16 126
16 132
17 18
17 38
17 154
18 50
18 96
18 99
19 21
19 39
19 55
19 66
19 72
19 129
20 36
20 41
20 87
20 133
21 25
21 30
21 32
21 47
21 82
21 122
21 131
21 137
22 60
22 103
22 109
22 124
22 133
22 146
22 153
23 55
23 80
23 126
24 29
24 58
24 72
24 135
24 153
25 43
25 44
25 100
25 135
25 136
26 32
26 42
26 43
26 49
26 52
26 112
26 153
27 44
27 56
27 125
27 141
27 166
28 43
28 108
28 113
28 138
28 167
28 179
29 53
29 103
29 112
29 124
29 126
29 141
30 33
30 52
30 86
30 94
30 97
31 44
31 53
31 68
31 74
31 110
31 115
32 70
32 96
32 100
32 169
33 47
33 91
33 120
33 142
33 154
33 160
33 178
34 41
34 57
34 67
34 111
34 162
34 163
35 39
35 93
35 151
36 38
36 81
36 135
36 149
36 178
37 40
37 68
37 144
37 168
38 46
38 69
38 143
38 172
38 178
39 43
39 66
39 118
39 146
39 165
40 45
40 50
40 58
41 109
42 94
42 101
42 158
42 172
43 85
43 141
43 153
44 97
44 115
44 154
44 173
45 65
45 117
46 49
46 70
46 119
46 163
46 175
47 61
47 77
47 85
47 103
47 122
48 51
48 52
48 66
48 75
48 86
48 106
48 120
48 142
49 61
49 96
49 174
50 167
51 73
51 104
52 71
52 79
52 105
52 177
53 107
54 56
54 70
54 110
54 149
54 167
55 66
55 78
55 112
55 168
55 170
56 76
57 81
57 88
57 91
57 110
57 152
57 156
58 66
58 90
58 131
58 143
59 64
59 67
59 69
60 72
60 84
60 86
60 140
60 148
61 85
61 92
62 122
62 149
63 86
63 95
63 175
64 92
64 104
64 144
64 171
65 81
65 110
65 128
65 140
66 67
67 125
67 141
67 164
68 80
68 83
68 84
68 101
68 125
68 144
69 77
69 170
69 179
70 83
70 84
70 115
70 121
70 124
70 169
71 75
71 89
71 138
71 148
71 168
72 73
72 90
72 108
72 116
72 166
73 146
73 149
73 162
73 169
73 176
74 95
74 126
75 107
75 108
75 138
75 176
76 89
76 96
76 123
76 136
76 176
77 125
77 129
77 134
77 173
78 93
78 115
78 153
79 82
79 91
79 99
79 113
79 115
79 128
79 153
80 84
80 168
81 86
81 139
81 151
82 109
82 124
82 172
82 173
83 106
83 121
83 123
84 103
84 106
84 165
84 173
85 102
85 129
85 137
85 150
87 107
87 120
87 155
87 162
88 105
88 160
89 102
89 116
89 146
89 160
90 94
90 112
90 126
90 177
91 159
92 97
92 150
92 161
92 164
93 101
93 118
93 122
93 127
94 95
94 114
94 140
94 142
94 146
96 126
97 134
97 147
98 125
98 140
98 169
98 175
99 155
99 176
99 178
100 119
101 113
101 134
101 156
102 105
102 133
102 136
102 146
102 159
103 141
104 113
104 163
104 177
105 131
105 154
105 158
106 152
107 122
108 143
108 170
109 161
110 132
110 139
110 149
110 151
111 144
112 164
113 152
114 155
114 162
114 171
116 139
116 164
117 123
117 129
117 130
117 156
118 130
118 150
118 161
118 166
119 130
119 163
121 148
121 158
121 173
123 132
123 145
123 156
123 167
124 126
124 128
124 143
125 133
125 157
125 166
126 145
126 155
127 174
129 157
131 139
132 167
133 152
133 174
136 171
137 139
137 147
137 162
138 139
138 147
138 167
140 162
141 150
141 154
141 159
141 164
141 171
142 179
143 165
144 145
144 156
144 177
145 169
146 158
147 167
149 178
152 157
152 159
152 163
152 173
154 174
158 176
158 178
159 165
162 163
