188
0 1
0 2
0 8
0 39
0 53
0 91
1 3
1 4
1 34
1 45
1 64
1 107
1 165
1 167
1 174
2 3
2 6
2 11
3 7
3 45
3 60
3 71
4 5
4 9
4 15
4 49
4 120
5 14
5 16
5 21
5 36
5 89
5 97
5 175
6 10
6 13
6 18
6 63
6 163
7 56
7 84
7 130
7 140
8 67
8 116
8 145
9 12
9 41
9 80
9 99
10 19
10 20
10 23
10 44
10 73
10 101
10 122
11 20
11 58
11 110
11 146
12 17
12 24
12 27
12 28
12 40
12 43
12 59
12 91
13 22
13 38
13 55
13 178
14 58
14 138
14 165
15 27
15 138
16 147
16 161
17 29
17 30
17 33
17 50
17 70
17 71
17 132
18 25
18 30
18 123
18 131
19 55
20 105
20 152
21 96
21 140
21 142
22 129
23 31
23 46
23 72
23 86
23 90
23 128
24 76
24 134
25 26
25 35
25 42
25 148
25 169
26 105
27 107
27 182
28 52
28 145
28 166
28 171
28 187
29 93
29 118
29 186
30 32
30 47
30 159
30 164
31 128
31 164
32 60
32 87
32 172
33 157
33 161
33 185
34 65
34 88
34 114
34 177
35 37
35 109
35 168
36 83
36 118
37 137
38 69
38 81
38 93
38 103
38 124
38 165
39 51
39 83
39 144
39 156
40 102
42 54
42 57
42 101
42 187
43 92
43 149
43 176
44 108
44 137
44 184
45 75
45 112
46 78
47 48
47 63
47 79
48 68
48 86
48 96
48 102
49 61
50 100
51 62
51 94
51 186
52 66
52 82
52 122
52 160
53 117
53 149
53 168
54 55
54 75
54 99
54 132
55 108
55 160
56 78
57 74
57 90
57 126
59 103
59 124
60 88
60 141
60 158
61 174
62 77
62 119
62 187
63 113
63 135
63 153
64 66
64 122
64 168
64 175
65 130
65 155
66 181
67 85
67 142
67 183
68 125
68 130
68 153
68 154
68 173
69 149
69 162
69 173
69 178
70 133
70 157
70 185
71 77
71 110
71 177
72 118
72 120
72 137
73 79
73 87
73 173
74 96
74 148
74 161
75 141
75 165
76 83
76 133
76 143
78 135
78 151
78 159
78 178
79 114
79 136
79 162
79 172
80 87
80 145
81 144
81 167
81 174
81 176
82 148
82 160
85 95
86 106
86 133
86 185
87 167
88 117
89 98
89 121
89 123
90 142
91 121
91 123
91 179
91 184
92 171
93 176
94 104
94 111
95 127
95 187
96 142
98 125
99 112
100 170
100 177
101 115
103 126
104 110
104 113
104 119
104 143
105 124
105 150
106 122
106 156
107 144
107 147
107 166
108 140
109 147
111 125
111 145
111 158
111 175
112 147
114 146
114 158
115 116
115 144
116 137
120 143
121 156
123 141
124 170
126 176
127 128
129 161
130 146
131 170
132 134
132 158
133 186
134 163
134 177
135 139
136 180
138 172
138 182
140 153
140 157
140 160
144 168
147 183
150 169
153 170
159 175
159 181
161 163
161 172
162 169
162 171
163 179
164 184
169 180
178 181
