188
0 1
0 43
0 51
0 77
0 97
1 2
1 6
1 11
1 40
1 84
1 131
1 138
1 142
1 175
2 3
2 5
2 30
2 100
3 4
3 27
3 63
3 70
4 7
4 10
4 29
4 38
4 126
5 15
5 17
5 18
5 49
5 93
5 107
6 8
6 36
6 70
6 76
7 12
7 20
7 21
7 34
7 113
7 159
8 9
8 23
8 93
8 145
8 153
9 16
9 111
9 137
9 160
10 13
10 70
10 75
10 128
10 162
11 14
11 19
12 31
12 67
12 103
12 107
12 116
12 180
13 21
13 33
13 164
14 45
14 68
14 76
14 104
14 112
15 18
15 22
15 52
15 96
15 115
15 165
16 34
16 73
16 85
16 99
16 132
16 157
17 25
17 55
17 64
17 102
17 120
17 144
17 172
18 138
19 31
19 41
19 78
19 110
19 140
19 144
19 184
20 35
20 39
20 61
21 93
21 100
21 125
22 28
22 37
22 58
22 70
22 170
23 24
23 26
23 79
23 108
23 155
23 186
24 47
24 61
24 69
24 124
24 187
25 32
25 147
26 33
26 64
26 182
27 66
27 91
27 143
27 146
28 35
28 42
28 91
28 159
29 79
29 154
30 44
30 68
30 82
30 98
30 115
31 91
31 125
32 59
32 118
32 176
33 119
33 134
34 37
34 41
34 99
35 89
35 102
35 106
35 115
35 134
35 135
35 145
36 131
36 132
36 147
36 171
37 54
37 109
37 116
37 131
38 48
38 55
38 120
38 136
38 150
38 159
39 43
39 46
39 57
39 104
39 145
40 56
40 126
40 142
40 156
40 169
41 62
41 71
41 92
41 97
42 50
42 60
42 69
42 168
43 82
43 104
44 59
44 120
44 122
45 65
45 66
45 71
45 149
45 170
46 116
46 117
46 122
46 158
46 175
47 60
47 110
47 147
48 106
48 142
49 58
49 90
49 113
49 148
49 154
49 179
50 60
50 67
50 84
50 85
50 91
50 178
51 67
51 79
52 53
52 54
52 91
52 141
53 88
53 134
55 79
55 94
55 158
56 143
56 166
57 81
57 83
57 106
57 114
58 82
58 88
58 114
58 122
58 123
59 77
59 118
59 135
59 163
59 172
60 61
60 72
60 124
61 160
61 187
62 64
62 108
62 124
63 80
63 113
63 169
63 185
64 111
64 172
65 78
65 86
65 95
65 96
65 157
66 80
66 127
67 177
67 179
68 156
68 177
68 182
69 82
69 105
69 137
69 168
70 185
71 84
71 171
72 74
72 161
73 87
73 121
73 141
74 114
74 159
74 164
75 77
75 94
75 165
76 78
76 85
76 108
76 127
76 180
76 181
78 162
78 185
79 150
80 159
81 96
81 104
81 155
82 88
82 97
82 151
82 187
83 96
83 122
84 87
84 109
85 127
85 139
85 186
86 140
86 162
86 168
86 169
88 90
89 103
89 126
89 128
90 165
90 186
91 99
91 133
92 157
92 158
92 163
93 105
93 151
94 99
94 176
95 107
96 179
97 148
97 157
98 130
98 154
98 181
99 101
99 180
100 105
100 129
100 139
100 147
100 161
100 162
101 146
102 162
103 109
103 115
103 117
103 155
104 118
104 151
105 131
108 112
108 138
108 161
108 168
108 183
109 123
109 173
111 113
111 126
111 150
111 172
112 170
112 182
114 128
114 167
117 151
117 163
118 145
118 152
119 125
119 129
120 166
121 133
122 136
122 187
124 161
124 163
125 127
126 181
127 138
127 143
128 139
129 133
129 179
130 178
131 138
131 139
132 135
132 180
133 167
135 150
135 169
136 148
136 174
136 182
136 185
137 175
138 164
139 181
140 179
141 144
141 174
141 175
142 186
144 145
144 153
146 164
147 152
149 151
149 156
150 184
153 157
154 173
155 164
155 169
157 173
159 174
166 172
167 182
168 184
170 183
177 184
183 187
