188
0 1
0 2
0 5
0 15
0 53
0 67
0 71
0 111
0 121
0 147
0 149
1 16
1 18
1 26
1 52
1 132
2 3
2 4
2 7
2 9
2 12
2 147
3 4
3 8
3 11
3 144
3 147
3 160
4 10
4 36
4 48
4 60
5 6
5 13
5 25
5 114
5 121
6 38
6 46
6 54
6 96
6 117
7 9
7 22
7 47
7 97
7 126
8 17
8 33
8 59
8 115
8 137
9 46
9 49
9 120
9 146
9 158
9 178
10 31
10 40
10 97
10 125
11 14
11 23
11 68
11 94
11 131
12 21
12 24
12 28
12 29
12 37
12 84
12 116
12 134
12 139
12 150
12 170
13 18
13 44
13 103
13 129
13 157
14 20
14 24
14 43
14 77
14 122
15 32
15 35
15 37
15 80
15 85
15 109
15 149
15 151
15 177
15 185
16 27
16 148
16 178
17 22
17 29
17 50
17 83
17 99
18 19
18 33
18 75
18 105
19 42
19 58
19 125
20 36
20 60
20 61
20 63
20 69
20 120
21 81
21 85
21 94
21 133
21 172
21 185
21 186
22 99
22 119
22 127
22 134
22 158
23 30
23 39
23 41
23 78
23 92
23 157
24 56
24 63
24 65
24 93
24 169
25 35
25 79
25 81
26 31
26 42
26 44
26 55
26 87
26 117
26 162
26 166
27 44
27 59
27 64
27 65
27 165
28 34
28 120
29 57
29 86
29 104
29 141
29 160
30 51
30 88
30 128
30 180
31 40
31 71
31 116
31 181
32 48
32 162
33 98
33 128
33 136
33 144
34 50
34 74
34 82
35 45
35 47
35 61
35 67
35 72
35 126
35 149
35 183
36 48
36 65
36 145
36 176
37 56
37 73
37 78
37 81
37 119
38 46
38 76
39 50
39 74
39 85
39 102
39 104
39 140
40 64
40 75
40 133
40 148
41 63
41 69
41 102
41 110
41 163
42 44
42 66
42 84
42 86
42 91
42 138
42 153
43 62
43 99
43 118
43 120
43 130
43 149
44 45
44 76
44 90
44 156
45 71
45 111
45 171
46 70
46 100
46 187
47 54
47 175
47 185
48 55
48 142
48 161
48 170
49 93
49 119
49 142
49 171
49 183
50 70
50 90
50 137
51 62
51 87
51 117
51 130
51 137
51 164
52 59
52 82
52 124
52 137
53 56
53 69
53 70
53 91
53 101
53 109
53 155
54 92
54 125
54 131
54 178
55 68
55 90
55 98
55 108
55 129
55 167
56 90
56 112
56 115
56 125
56 148
57 89
57 93
57 95
57 127
57 134
57 156
58 66
58 101
58 102
58 118
58 157
59 67
59 96
59 158
59 176
60 67
60 77
60 78
60 149
60 177
61 70
61 75
61 117
61 141
61 178
62 68
62 97
62 138
62 158
63 109
63 161
63 162
64 80
66 71
66 104
67 81
67 111
67 176
68 93
68 177
69 72
69 166
69 175
70 91
70 94
70 132
70 184
71 124
72 103
72 112
72 174
73 86
73 150
73 159
74 82
74 85
74 101
74 155
74 159
74 178
75 119
75 160
76 80
76 117
76 156
76 172
77 83
77 96
77 106
77 128
77 134
77 142
78 99
78 144
79 92
79 99
79 105
79 106
79 145
79 175
80 136
80 151
80 154
80 159
80 184
81 157
82 94
82 179
83 98
83 167
83 180
84 86
84 100
84 108
84 114
85 124
85 136
85 165
86 98
86 154
86 176
86 177
87 90
87 113
87 122
87 147
87 153
88 89
88 102
88 123
89 107
89 179
89 180
89 183
90 138
91 110
91 129
91 132
91 137
91 153
92 142
93 102
93 123
93 154
93 179
94 171
94 186
94 187
95 139
95 140
95 146
95 157
96 169
96 179
96 180
97 150
98 112
98 128
98 143
99 153
99 155
100 105
100 135
100 143
100 173
101 156
102 107
102 155
103 122
103 123
103 127
103 133
104 168
105 136
105 160
105 162
106 144
107 113
107 140
107 154
107 166
108 111
108 168
109 116
109 124
109 174
110 119
110 134
110 152
110 153
110 169
111 165
112 131
112 168
112 175
112 179
112 181
113 123
113 126
113 128
113 139
113 169
113 185
114 167
115 151
115 173
115 187
116 131
116 167
117 135
118 121
118 137
119 174
120 130
120 136
121 130
121 156
121 182
122 151
122 170
122 184
123 129
123 147
123 157
124 151
124 161
125 148
127 184
129 141
130 163
131 161
131 167
131 171
132 141
133 169
133 185
134 148
135 159
135 162
135 164
136 186
138 170
140 176
140 183
141 173
142 159
142 171
142 179
143 165
143 177
143 181
145 147
145 152
145 155
146 181
146 186
148 152
148 171
150 183
153 186
158 163
159 182
160 173
161 167
162 178
164 172
164 173
165 175
169 175
171 185
177 179
177 186
179 183
180 182
