180
0 1
0 2
0 3
0 4
0 5
0 6
0 7
0 8
0 9
0 10
0 11
0 12
0 13
0 14
0 16
0 17
0 18
0 22
0 26
0 27
0 28
0 31
0 33
0 35
0 39
0 40
0 41
0 42
0 43
0 45
0 47
0 48
0 49
0 53
0 56
0 57
0 58
0 61
0 62
0 63
0 64
0 65
0 68
0 69
0 70
0 71
0 72
0 74
0 75
0 76
0 79
0 82
0 83
0 84
0 85
0 87
0 88
0 89
0 91
0 95
0 97
0 98
0 99
0 101
0 102
0 105
0 107
0 108
0 109
0 110
0 113
0 114
0 116
0 117
0 118
0 119
0 120
0 121
0 122
0 124
0 126
0 127
0 128
0 129
0 130
0 131
0 132
0 134
0 135
0 136
0 137
0 138
0 139
0 143
0 144
0 145
0 147
0 148
0 151
0 152
0 155
0 158
0 160
0 161
0 162
0 163
0 166
0 167
0 176
0 177
1 3
1 4
1 6
1 7
1 11
1 12
1 14
1 19
1 21
1 22
1 24
1 25
1 26
1 27
1 28
1 31
1 33
1 34
1 35
1 36
1 37
1 39
1 42
1 43
1 44
1 45
1 47
1 50
1 51
1 52
1 54
1 55
1 58
1 59
1 61
1 62
1 64
1 66
1 68
1 69
1 70
1 71
1 73
1 74
1 75
1 76
1 77
1 78
1 79
1 80
1 82
1 84
1 86
1 88
1 89
1 98
1 100
1 102
1 103
1 104
1 105
1 107
1 108
1 109
1 111
1 112
1 113
1 114
1 115
1 116
1 117
1 121
1 122
1 123
1 126
1 127
1 129
1 130
1 131
1 133
1 134
1 136
1 137
1 138
1 139
1 143
1 144
1 145
1 146
1 149
1 153
1 154
1 155
1 158
1 159
1 160
1 164
1 165
1 166
1 167
1 168
1 169
1 172
1 173
1 175
1 176
1 177
2 3
2 6
2 7
2 10
2 11
2 13
2 14
2 15
2 16
2 18
2 20
2 22
2 23
2 25
2 26
2 27
2 30
2 31
2 32
2 34
2 35
2 36
2 37
2 38
2 41
2 42
2 43
2 44
2 45
2 46
2 53
2 55
2 56
2 57
2 60
2 65
2 66
2 67
2 68
2 69
2 71
2 72
2 75
2 78
2 79
2 80
2 81
2 82
2 85
2 87
2 88
2 89
2 92
2 94
2 96
2 97
2 98
2 100
2 101
2 102
2 106
2 108
2 109
2 111
2 112
2 113
2 114
2 116
2 117
2 118
2 121
2 122
2 123
2 124
2 125
2 126
2 127
2 129
2 130
2 131
2 134
2 135
2 136
2 137
2 138
2 139
2 140
2 141
2 146
2 148
2 149
2 150
2 151
2 156
2 159
2 160
2 162
2 164
2 166
2 168
2 172
2 174
3 5
3 6
3 7
3 8
3 10
3 11
3 13
3 14
3 15
3 17
3 18
3 20
3 21
3 22
3 23
3 27
3 28
3 29
3 30
3 31
3 32
3 33
3 36
3 37
3 38
3 40
3 41
3 43
3 46
3 47
3 50
3 51
3 53
3 54
3 55
3 56
3 57
3 58
3 59
3 61
3 63
3 65
3 66
3 68
3 70
3 71
3 73
3 74
3 75
3 78
3 79
3 80
3 82
3 84
3 85
3 87
3 91
3 92
3 93
3 95
3 96
3 98
3 99
3 104
3 106
3 108
3 109
3 111
3 113
3 115
3 118
3 119
3 122
3 123
3 127
3 128
3 132
3 133
3 134
3 135
3 137
3 138
3 143
3 144
3 145
3 146
3 147
3 148
3 149
3 151
3 153
3 154
3 155
3 156
3 157
3 160
3 163
3 164
3 165
3 171
3 173
3 174
3 175
3 176
3 177
4 5
4 6
4 7
4 8
4 9
4 10
4 11
4 12
4 13
4 14
4 15
4 16
4 17
4 18
4 21
4 24
4 25
4 26
4 27
4 28
4 29
4 30
4 31
4 33
4 35
4 36
4 39
4 40
4 42
4 43
4 45
4 48
4 49
4 53
4 54
4 55
4 57
4 60
4 61
4 62
4 65
4 67
4 69
4 70
4 71
4 72
4 76
4 77
4 78
4 79
4 81
4 83
4 86
4 89
4 90
4 91
4 93
4 94
4 95
4 97
4 100
4 101
4 102
4 104
4 106
4 107
4 108
4 109
4 110
4 111
4 112
4 114
4 118
4 119
4 120
4 121
4 123
4 124
4 128
4 129
4 130
4 131
4 132
4 133
4 134
4 135
4 136
4 137
4 145
4 147
4 149
4 150
4 151
4 152
4 154
4 155
4 160
4 161
4 165
4 166
4 167
4 169
4 172
4 174
4 175
4 176
4 177
5 6
5 7
5 9
5 11
5 12
5 14
5 16
5 17
5 19
5 21
5 23
5 25
5 28
5 29
5 30
5 32
5 33
5 36
5 37
5 38
5 39
5 40
5 42
5 43
5 44
5 45
5 48
5 49
5 50
5 51
5 52
5 53
5 54
5 55
5 57
5 58
5 61
5 62
5 63
5 64
5 65
5 67
5 68
5 69
5 73
5 74
5 75
5 76
5 77
5 79
5 80
5 81
5 84
5 86
5 87
5 89
5 91
5 92
5 94
5 97
5 98
5 99
5 100
5 101
5 103
5 106
5 108
5 111
5 113
5 115
5 116
5 118
5 119
5 120
5 123
5 127
5 131
5 132
5 134
5 135
5 136
5 137
5 138
5 139
5 141
5 142
5 143
5 146
5 148
5 152
5 153
5 156
5 157
5 160
5 161
5 164
5 165
5 166
5 168
5 170
5 171
5 175
5 176
5 177
5 178
5 179
6 7
6 8
6 9
6 10
6 11
6 12
6 13
6 15
6 17
6 18
6 20
6 22
6 23
6 24
6 27
6 31
6 32
6 34
6 36
6 37
6 38
6 40
6 42
6 43
6 45
6 46
6 47
6 48
6 50
6 52
6 53
6 56
6 57
6 58
6 59
6 60
6 61
6 67
6 68
6 69
6 71
6 72
6 74
6 75
6 78
6 81
6 88
6 90
6 96
6 98
6 101
6 104
6 105
6 106
6 107
6 110
6 113
6 115
6 116
6 117
6 118
6 120
6 122
6 123
6 124
6 126
6 127
6 128
6 130
6 136
6 137
6 138
6 140
6 141
6 143
6 146
6 147
6 150
6 151
6 152
6 155
6 156
6 157
6 160
6 163
6 165
6 167
6 169
6 170
6 171
6 172
6 174
7 8
7 9
7 10
7 12
7 13
7 14
7 15
7 16
7 17
7 22
7 25
7 27
7 30
7 34
7 35
7 36
7 37
7 38
7 39
7 41
7 43
7 44
7 45
7 46
7 47
7 49
7 51
7 52
7 54
7 55
7 56
7 58
7 59
7 60
7 63
7 64
7 66
7 67
7 69
7 70
7 73
7 75
7 76
7 78
7 82
7 83
7 84
7 85
7 88
7 89
7 91
7 93
7 94
7 95
7 96
7 97
7 98
7 99
7 100
7 102
7 104
7 105
7 106
7 107
7 108
7 109
7 111
7 113
7 116
7 117
7 118
7 121
7 124
7 126
7 127
7 128
7 129
7 131
7 132
7 134
7 137
7 138
7 140
7 142
7 143
7 144
7 145
7 147
7 148
7 149
7 152
7 154
7 156
7 158
7 159
7 160
7 161
7 164
7 166
7 167
7 169
7 173
7 175
7 177
7 178
8 9
8 10
8 12
8 15
8 16
8 18
8 21
8 22
8 23
8 24
8 25
8 26
8 28
8 29
8 30
8 32
8 33
8 34
8 35
8 36
8 37
8 38
8 40
8 41
8 43
8 44
8 45
8 46
8 53
8 54
8 56
8 58
8 61
8 62
8 64
8 65
8 66
8 67
8 69
8 71
8 72
8 73
8 74
8 75
8 77
8 78
8 80
8 81
8 83
8 84
8 85
8 88
8 92
8 93
8 95
8 98
8 100
8 105
8 107
8 109
8 111
8 112
8 114
8 115
8 116
8 120
8 121
8 122
8 125
8 127
8 128
8 129
8 133
8 135
8 136
8 137
8 139
8 140
8 141
8 142
8 144
8 147
8 148
8 150
8 153
8 155
8 157
8 158
8 159
8 160
8 161
8 162
8 164
8 165
8 166
8 167
8 168
8 169
8 170
8 174
8 175
8 178
9 11
9 12
9 13
9 14
9 16
9 17
9 18
9 19
9 20
9 22
9 27
9 28
9 29
9 31
9 35
9 37
9 38
9 40
9 41
9 43
9 45
9 46
9 47
9 49
9 52
9 53
9 55
9 56
9 58
9 59
9 60
9 61
9 62
9 63
9 65
9 67
9 68
9 69
9 72
9 73
9 76
9 77
9 78
9 80
9 81
9 82
9 89
9 90
9 91
9 96
9 98
9 99
9 100
9 101
9 105
9 107
9 108
9 111
9 112
9 113
9 114
9 115
9 117
9 119
9 120
9 121
9 122
9 123
9 125
9 128
9 129
9 130
9 131
9 132
9 134
9 135
9 136
9 138
9 140
9 141
9 146
9 147
9 148
9 153
9 155
9 156
9 160
9 163
9 169
9 170
9 171
9 174
9 175
9 176
9 178
10 11
10 13
10 15
10 16
10 19
10 23
10 24
10 27
10 28
10 29
10 31
10 32
10 34
10 37
10 38
10 39
10 41
10 42
10 43
10 44
10 45
10 46
10 47
10 48
10 49
10 50
10 52
10 53
10 55
10 56
10 57
10 58
10 59
10 60
10 61
10 63
10 64
10 65
10 66
10 68
10 69
10 71
10 73
10 74
10 77
10 79
10 80
10 82
10 84
10 85
10 86
10 87
10 88
10 90
10 91
10 92
10 98
10 99
10 100
10 101
10 102
10 109
10 111
10 112
10 113
10 114
10 115
10 119
10 120
10 124
10 126
10 127
10 129
10 130
10 131
10 132
10 133
10 138
10 139
10 140
10 143
10 145
10 148
10 149
10 150
10 151
10 156
10 157
10 158
10 159
10 160
10 161
10 162
10 163
10 165
10 175
10 176
10 177
11 12
11 14
11 15
11 16
11 17
11 18
11 19
11 20
11 22
11 25
11 26
11 27
11 28
11 29
11 32
11 33
11 34
11 35
11 37
11 38
11 42
11 43
11 46
11 47
11 49
11 50
11 51
11 52
11 53
11 54
11 56
11 57
11 58
11 61
11 62
11 64
11 66
11 68
11 69
11 70
11 72
11 73
11 74
11 76
11 77
11 78
11 79
11 80
11 81
11 82
11 83
11 86
11 87
11 90
11 91
11 92
11 93
11 94
11 95
11 98
11 101
11 102
11 103
11 104
11 105
11 106
11 107
11 108
11 109
11 111
11 112
11 114
11 115
11 118
11 119
11 121
11 122
11 125
11 129
11 133
11 135
11 136
11 137
11 139
11 140
11 142
11 145
11 146
11 149
11 151
11 152
11 157
11 159
11 162
11 163
11 165
11 167
11 169
11 176
11 177
11 178
11 179
12 13
12 16
12 17
12 18
12 19
12 20
12 21
12 22
12 23
12 24
12 25
12 26
12 27
12 28
12 30
12 31
12 33
12 35
12 36
12 37
12 38
12 40
12 41
12 43
12 44
12 45
12 46
12 47
12 48
12 50
12 52
12 55
12 56
12 57
12 59
12 60
12 65
12 68
12 69
12 70
12 73
12 75
12 77
12 78
12 79
12 80
12 85
12 86
12 87
12 88
12 90
12 91
12 94
12 96
12 97
12 100
12 102
12 103
12 104
12 105
12 106
12 107
12 108
12 111
12 112
12 113
12 114
12 115
12 117
12 118
12 120
12 121
12 122
12 123
12 124
12 127
12 128
12 130
12 132
12 135
12 136
12 138
12 139
12 140
12 144
12 145
12 148
12 149
12 150
12 151
12 153
12 154
12 155
12 158
12 163
12 165
12 168
12 169
12 171
12 172
12 175
12 177
12 178
12 179
13 14
13 15
13 16
13 17
13 18
13 19
13 20
13 21
13 22
13 24
13 25
13 26
13 27
13 28
13 30
13 32
13 34
13 35
13 36
13 38
13 39
13 40
13 41
13 42
13 43
13 44
13 45
13 48
13 49
13 50
13 51
13 52
13 53
13 56
13 57
13 62
13 63
13 64
13 66
13 68
13 69
13 71
13 72
13 73
13 75
13 80
13 82
13 83
13 85
13 86
13 88
13 91
13 92
13 93
13 94
13 97
13 98
13 102
13 103
13 107
13 109
13 111
13 112
13 114
13 118
13 119
13 121
13 122
13 123
13 124
13 125
13 126
13 128
13 129
13 130
13 132
13 134
13 135
13 138
13 139
13 141
13 142
13 143
13 144
13 148
13 149
13 151
13 156
13 157
13 159
13 161
13 162
13 164
13 166
13 167
13 169
13 170
13 172
13 177
13 178
13 179
14 15
14 16
14 20
14 21
14 22
14 23
14 24
14 25
14 30
14 31
14 32
14 33
14 35
14 37
14 38
14 48
14 50
14 51
14 52
14 56
14 57
14 58
14 59
14 60
14 63
14 64
14 66
14 67
14 68
14 72
14 74
14 75
14 77
14 78
14 79
14 83
14 84
14 86
14 87
14 88
14 89
14 92
14 93
14 94
14 95
14 96
14 98
14 100
14 101
14 102
14 103
14 104
14 105
14 106
14 107
14 108
14 109
14 113
14 115
14 117
14 123
14 124
14 125
14 126
14 127
14 128
14 130
14 131
14 134
14 135
14 136
14 139
14 140
14 141
14 142
14 143
14 145
14 146
14 147
14 151
14 160
14 161
14 166
14 167
14 168
14 169
14 170
14 171
14 174
14 176
14 177
15 16
15 17
15 18
15 19
15 20
15 22
15 24
15 27
15 28
15 29
15 31
15 33
15 34
15 35
15 36
15 38
15 39
15 42
15 43
15 44
15 46
15 47
15 48
15 49
15 52
15 58
15 60
15 63
15 64
15 65
15 66
15 68
15 69
15 70
15 71
15 73
15 76
15 78
15 80
15 81
15 82
15 85
15 87
15 90
15 93
15 101
15 104
15 106
15 107
15 108
15 109
15 113
15 115
15 116
15 118
15 119
15 121
15 123
15 125
15 126
15 127
15 129
15 130
15 131
15 132
15 135
15 136
15 138
15 139
15 141
15 143
15 145
15 146
15 150
15 154
15 155
15 158
15 159
15 163
15 165
15 166
15 167
15 170
15 171
15 174
15 175
15 176
15 178
15 179
16 17
16 21
16 22
16 23
16 25
16 26
16 27
16 28
16 30
16 32
16 33
16 34
16 39
16 41
16 42
16 44
16 47
16 48
16 50
16 53
16 54
16 57
16 58
16 62
16 64
16 66
16 68
16 69
16 70
16 71
16 72
16 74
16 75
16 80
16 85
16 86
16 87
16 89
16 90
16 92
16 93
16 96
16 99
16 100
16 101
16 103
16 104
16 105
16 106
16 107
16 109
16 110
16 112
16 113
16 116
16 118
16 120
16 121
16 122
16 124
16 125
16 129
16 131
16 132
16 135
16 140
16 141
16 142
16 143
16 144
16 145
16 146
16 147
16 149
16 150
16 151
16 156
16 158
16 159
16 160
16 161
16 164
16 165
16 167
16 168
16 169
16 170
16 171
16 172
16 176
17 18
17 20
17 21
17 22
17 24
17 25
17 26
17 27
17 29
17 30
17 31
17 32
17 33
17 35
17 36
17 39
17 40
17 41
17 44
17 45
17 46
17 49
17 50
17 51
17 53
17 54
17 55
17 57
17 60
17 63
17 65
17 66
17 68
17 69
17 70
17 71
17 72
17 73
17 77
17 78
17 79
17 82
17 83
17 84
17 86
17 88
17 90
17 94
17 97
17 98
17 102
17 104
17 105
17 106
17 108
17 112
17 113
17 115
17 116
17 118
17 119
17 122
17 123
17 124
17 125
17 130
17 131
17 132
17 135
17 138
17 139
17 140
17 144
17 145
17 146
17 150
17 152
17 153
17 155
17 157
17 158
17 159
17 161
17 164
17 165
17 166
17 167
17 168
17 169
17 171
17 174
17 176
18 20
18 23
18 25
18 26
18 29
18 31
18 34
18 35
18 36
18 37
18 39
18 41
18 43
18 44
18 47
18 53
18 56
18 59
18 60
18 61
18 62
18 63
18 64
18 66
18 67
18 69
18 71
18 73
18 76
18 77
18 78
18 80
18 81
18 82
18 84
18 85
18 86
18 88
18 90
18 92
18 93
18 95
18 96
18 97
18 99
18 102
18 105
18 106
18 107
18 108
18 109
18 110
18 111
18 113
18 117
18 120
18 121
18 125
18 128
18 129
18 130
18 131
18 132
18 133
18 135
18 136
18 137
18 138
18 140
18 142
18 144
18 146
18 147
18 151
18 153
18 154
18 156
18 157
18 161
18 162
18 164
18 165
18 166
18 168
18 170
18 172
18 174
18 175
18 178
18 179
19 20
19 21
19 22
19 23
19 25
19 26
19 27
19 28
19 29
19 30
19 31
19 32
19 37
19 38
19 41
19 42
19 45
19 47
19 48
19 49
19 50
19 51
19 53
19 54
19 55
19 57
19 60
19 63
19 67
19 71
19 75
19 78
19 80
19 81
19 82
19 83
19 85
19 87
19 88
19 89
19 91
19 92
19 93
19 96
19 98
19 99
19 100
19 101
19 103
19 105
19 106
19 107
19 109
19 110
19 111
19 112
19 115
19 116
19 119
19 120
19 121
19 122
19 126
19 127
19 128
19 129
19 130
19 131
19 132
19 133
19 135
19 141
19 143
19 144
19 145
19 147
19 151
19 153
19 154
19 155
19 157
19 159
19 160
19 162
19 163
19 165
19 169
19 171
19 173
19 174
19 178
20 22
20 24
20 25
20 27
20 28
20 30
20 31
20 33
20 35
20 36
20 37
20 39
20 40
20 41
20 42
20 43
20 44
20 46
20 49
20 50
20 51
20 53
20 56
20 57
20 58
20 59
20 61
20 63
20 64
20 65
20 66
20 68
20 70
20 71
20 72
20 75
20 76
20 77
20 79
20 80
20 84
20 87
20 88
20 89
20 90
20 91
20 92
20 94
20 96
20 97
20 99
20 101
20 103
20 104
20 105
20 106
20 109
20 112
20 115
20 116
20 118
20 122
20 125
20 127
20 132
20 136
20 137
20 138
20 139
20 141
20 143
20 144
20 146
20 148
20 149
20 150
20 151
20 152
20 155
20 156
20 158
20 159
20 166
20 167
20 168
20 169
20 171
20 173
20 174
20 175
20 176
20 177
21 22
21 23
21 24
21 25
21 27
21 28
21 29
21 30
21 31
21 32
21 33
21 34
21 38
21 39
21 40
21 41
21 42
21 43
21 46
21 47
21 48
21 49
21 50
21 51
21 52
21 53
21 56
21 57
21 59
21 62
21 64
21 66
21 67
21 68
21 69
21 70
21 71
21 73
21 75
21 77
21 81
21 82
21 83
21 84
21 85
21 90
21 92
21 94
21 96
21 97
21 98
21 100
21 103
21 104
21 105
21 108
21 111
21 115
21 118
21 119
21 121
21 124
21 126
21 127
21 128
21 130
21 131
21 133
21 135
21 138
21 140
21 144
21 145
21 146
21 147
21 148
21 150
21 151
21 152
21 153
21 154
21 155
21 156
21 160
21 161
21 162
21 164
21 165
21 166
21 167
21 168
21 169
21 170
21 171
21 173
21 176
21 177
21 179
22 23
22 24
22 26
22 27
22 28
22 30
22 36
22 39
22 40
22 41
22 44
22 45
22 46
22 50
22 51
22 52
22 54
22 55
22 56
22 57
22 59
22 60
22 61
22 62
22 63
22 64
22 68
22 71
22 72
22 74
22 75
22 80
22 81
22 83
22 88
22 89
22 90
22 91
22 93
22 96
22 97
22 99
22 104
22 106
22 107
22 108
22 111
22 112
22 113
22 116
22 118
22 121
22 122
22 124
22 125
22 126
22 127
22 128
22 129
22 130
22 131
22 135
22 137
22 138
22 139
22 140
22 144
22 147
22 150
22 152
22 153
22 155
22 159
22 160
22 165
22 166
22 167
22 172
22 174
22 176
22 177
23 24
23 25
23 26
23 27
23 30
23 31
23 32
23 34
23 36
23 38
23 39
23 40
23 43
23 45
23 46
23 47
23 52
23 53
23 54
23 55
23 56
23 59
23 60
23 62
23 64
23 66
23 71
23 72
23 73
23 74
23 75
23 77
23 79
23 80
23 84
23 86
23 88
23 89
23 90
23 91
23 93
23 95
23 96
23 97
23 98
23 100
23 105
23 106
23 107
23 109
23 111
23 113
23 115
23 117
23 118
23 119
23 120
23 123
23 124
23 128
23 129
23 133
23 134
23 136
23 137
23 139
23 140
23 143
23 144
23 145
23 146
23 147
23 149
23 150
23 152
23 156
23 157
23 158
23 159
23 160
23 164
23 166
23 167
23 171
23 172
23 173
23 174
23 177
23 178
23 179
24 25
24 26
24 27
24 29
24 30
24 32
24 33
24 34
24 37
24 38
24 39
24 41
24 43
24 44
24 45
24 48
24 49
24 50
24 53
24 54
24 55
24 56
24 58
24 59
24 60
24 61
24 62
24 64
24 65
24 67
24 68
24 69
24 72
24 76
24 77
24 78
24 84
24 85
24 87
24 90
24 92
24 94
24 95
24 97
24 98
24 99
24 100
24 102
24 104
24 106
24 108
24 109
24 110
24 111
24 116
24 117
24 119
24 120
24 122
24 124
24 125
24 128
24 131
24 133
24 134
24 136
24 138
24 142
24 144
24 145
24 146
24 147
24 149
24 150
24 151
24 152
24 154
24 156
24 158
24 161
24 162
24 167
24 168
24 175
24 176
24 179
25 26
25 28
25 29
25 31
25 32
25 33
25 35
25 37
25 40
25 41
25 42
25 43
25 44
25 45
25 46
25 47
25 48
25 49
25 50
25 53
25 55
25 59
25 60
25 61
25 63
25 64
25 65
25 66
25 69
25 72
25 73
25 74
25 75
25 76
25 77
25 80
25 81
25 82
25 83
25 84
25 86
25 87
25 88
25 89
25 90
25 92
25 93
25 97
25 98
25 99
25 100
25 101
25 103
25 104
25 106
25 107
25 114
25 118
25 120
25 121
25 122
25 123
25 124
25 126
25 127
25 130
25 136
25 139
25 141
25 143
25 144
25 146
25 148
25 149
25 151
25 152
25 153
25 154
25 155
25 156
25 158
25 159
25 160
25 161
25 164
25 166
25 168
25 169
25 171
25 172
25 173
25 177
25 178
26 27
26 28
26 31
26 32
26 33
26 34
26 35
26 36
26 37
26 38
26 41
26 43
26 44
26 46
26 47
26 48
26 51
26 52
26 53
26 54
26 56
26 57
26 58
26 60
26 61
26 63
26 64
26 66
26 68
26 69
26 70
26 71
26 74
26 75
26 76
26 78
26 80
26 81
26 83
26 87
26 89
26 91
26 92
26 98
26 100
26 102
26 103
26 105
26 106
26 107
26 108
26 109
26 110
26 111
26 113
26 115
26 120
26 122
26 123
26 126
26 127
26 129
26 137
26 138
26 139
26 140
26 141
26 144
26 145
26 146
26 147
26 148
26 149
26 151
26 154
26 155
26 156
26 157
26 158
26 160
26 162
26 164
26 165
26 166
26 168
26 170
26 171
26 172
26 173
26 174
26 175
26 177
26 178
27 29
27 31
27 32
27 36
27 37
27 38
27 39
27 41
27 43
27 44
27 47
27 48
27 50
27 51
27 52
27 55
27 56
27 57
27 58
27 59
27 60
27 61
27 64
27 66
27 69
27 70
27 71
27 73
27 74
27 75
27 76
27 77
27 78
27 81
27 84
27 85
27 87
27 88
27 89
27 90
27 91
27 92
27 94
27 95
27 96
27 97
27 99
27 100
27 102
27 105
27 106
27 110
27 111
27 112
27 113
27 116
27 119
27 121
27 122
27 124
27 129
27 132
27 136
27 138
27 141
27 145
27 148
27 149
27 151
27 152
27 154
27 158
27 159
27 161
27 162
27 165
27 167
27 168
27 173
27 179
28 29
28 33
28 36
28 37
28 39
28 40
28 42
28 43
28 44
28 47
28 48
28 50
28 51
28 52
28 54
28 56
28 57
28 58
28 59
28 60
28 61
28 62
28 63
28 64
28 65
28 66
28 67
28 68
28 70
28 71
28 72
28 73
28 74
28 75
28 76
28 79
28 80
28 82
28 86
28 87
28 88
28 91
28 93
28 94
28 95
28 96
28 98
28 99
28 100
28 104
28 105
28 107
28 108
28 110
28 113
28 122
28 125
28 126
28 127
28 128
28 130
28 132
28 134
28 135
28 136
28 137
28 138
28 141
28 146
28 151
28 152
28 161
28 166
28 168
28 169
28 170
28 171
28 172
28 173
28 175
28 176
28 178
29 33
29 35
29 36
29 38
29 39
29 41
29 43
29 44
29 45
29 46
29 52
29 53
29 55
29 56
29 58
29 60
29 61
29 63
29 64
29 67
29 69
29 70
29 71
29 72
29 73
29 74
29 79
29 81
29 85
29 89
29 90
29 94
29 95
29 96
29 98
29 101
29 103
29 105
29 106
29 108
29 109
29 112
29 114
29 116
29 117
29 119
29 122
29 123
29 126
29 128
29 129
29 132
29 134
29 137
29 143
29 145
29 146
29 147
29 150
29 152
29 153
29 154
29 156
29 157
29 158
29 159
29 160
29 161
29 163
29 164
29 168
29 169
29 170
29 171
29 172
29 173
29 174
29 176
29 179
30 32
30 33
30 34
30 35
30 36
30 37
30 39
30 46
30 47
30 48
30 53
30 54
30 56
30 58
30 59
30 61
30 63
30 64
30 65
30 66
30 67
30 68
30 73
30 74
30 75
30 77
30 78
30 81
30 82
30 83
30 85
30 86
30 87
30 88
30 89
30 90
30 91
30 93
30 94
30 96
30 98
30 99
30 100
30 103
30 104
30 109
30 110
30 113
30 114
30 115
30 116
30 117
30 118
30 120
30 121
30 122
30 127
30 131
30 134
30 136
30 138
30 139
30 141
30 142
30 143
30 144
30 145
30 147
30 148
30 149
30 151
30 153
30 155
30 158
30 159
30 160
30 164
30 165
30 166
30 167
30 171
30 173
30 175
30 177
30 178
31 32
31 33
31 34
31 36
31 37
31 39
31 40
31 41
31 43
31 47
31 48
31 49
31 53
31 54
31 55
31 57
31 59
31 60
31 61
31 63
31 64
31 67
31 70
31 71
31 75
31 76
31 77
31 80
31 84
31 88
31 89
31 90
31 91
31 92
31 93
31 95
31 96
31 97
31 99
31 102
31 105
31 108
31 110
31 112
31 113
31 114
31 115
31 116
31 117
31 120
31 121
31 123
31 126
31 127
31 128
31 131
31 132
31 134
31 135
31 136
31 137
31 139
31 144
31 146
31 147
31 148
31 149
31 150
31 155
31 157
31 159
31 162
31 163
31 164
31 165
31 166
31 168
31 170
31 171
31 172
31 174
31 176
32 33
32 34
32 35
32 36
32 37
32 38
32 39
32 41
32 45
32 47
32 48
32 49
32 51
32 52
32 53
32 54
32 56
32 57
32 59
32 60
32 61
32 62
32 64
32 66
32 72
32 76
32 78
32 79
32 80
32 81
32 84
32 87
32 88
32 91
32 94
32 96
32 97
32 98
32 102
32 103
32 104
32 105
32 106
32 107
32 108
32 110
32 112
32 113
32 114
32 115
32 119
32 122
32 124
32 127
32 128
32 129
32 130
32 131
32 133
32 134
32 137
32 139
32 140
32 141
32 142
32 144
32 145
32 146
32 147
32 150
32 153
32 155
32 158
32 159
32 161
32 165
32 167
32 168
32 169
32 171
32 173
32 175
32 178
32 179
33 37
33 40
33 43
33 46
33 47
33 51
33 53
33 54
33 55
33 56
33 57
33 58
33 59
33 61
33 62
33 63
33 64
33 66
33 68
33 70
33 76
33 78
33 80
33 81
33 82
33 83
33 84
33 85
33 86
33 87
33 89
33 90
33 92
33 93
33 98
33 99
33 102
33 103
33 105
33 107
33 109
33 111
33 112
33 113
33 115
33 117
33 118
33 119
33 120
33 123
33 124
33 125
33 126
33 127
33 128
33 131
33 132
33 133
33 134
33 136
33 137
33 138
33 139
33 140
33 142
33 143
33 149
33 150
33 153
33 155
33 156
33 157
33 158
33 160
33 162
33 164
33 167
33 170
33 171
33 173
34 35
34 37
34 39
34 41
34 45
34 46
34 52
34 53
34 54
34 55
34 57
34 60
34 62
34 63
34 64
34 65
34 66
34 67
34 70
34 71
34 72
34 73
34 74
34 75
34 76
34 77
34 79
34 81
34 83
34 84
34 85
34 86
34 87
34 88
34 93
34 94
34 95
34 101
34 102
34 103
34 105
34 106
34 108
34 109
34 110
34 111
34 112
34 114
34 120
34 123
34 124
34 126
34 127
34 130
34 131
34 132
34 134
34 138
34 139
34 140
34 144
34 145
34 147
34 148
34 150
34 151
34 152
34 153
34 157
34 158
34 160
34 161
34 162
34 163
34 164
34 167
34 168
34 170
34 171
34 172
34 173
34 175
34 178
35 36
35 37
35 38
35 40
35 44
35 46
35 47
35 51
35 52
35 53
35 54
35 56
35 57
35 58
35 60
35 61
35 62
35 63
35 65
35 66
35 69
35 70
35 71
35 73
35 74
35 75
35 76
35 77
35 79
35 80
35 81
35 84
35 85
35 91
35 94
35 97
35 100
35 101
35 102
35 104
35 106
35 108
35 109
35 110
35 111
35 112
35 114
35 118
35 119
35 121
35 124
35 125
35 130
35 134
35 135
35 137
35 138
35 139
35 140
35 143
35 146
35 150
35 151
35 152
35 154
35 155
35 157
35 160
35 162
35 163
35 164
35 166
35 168
35 172
35 175
35 176
35 177
35 179
36 37
36 38
36 39
36 40
36 41
36 42
36 44
36 46
36 49
36 50
36 55
36 57
36 59
36 60
36 61
36 64
36 67
36 69
36 70
36 71
36 75
36 76
36 77
36 82
36 83
36 84
36 86
36 87
36 89
36 91
36 92
36 93
36 94
36 96
36 99
36 100
36 106
36 107
36 109
36 110
36 112
36 114
36 117
36 118
36 119
36 122
36 123
36 128
36 129
36 130
36 132
36 133
36 135
36 136
36 138
36 139
36 141
36 145
36 148
36 150
36 151
36 152
36 153
36 154
36 155
36 156
36 160
36 162
36 165
36 166
36 168
36 170
36 172
36 173
36 175
36 177
36 178
37 39
37 42
37 44
37 45
37 46
37 47
37 48
37 49
37 51
37 54
37 56
37 57
37 58
37 62
37 65
37 66
37 67
37 70
37 71
37 72
37 74
37 75
37 77
37 81
37 84
37 87
37 89
37 92
37 93
37 94
37 103
37 104
37 107
37 108
37 112
37 115
37 117
37 118
37 119
37 120
37 121
37 125
37 126
37 130
37 131
37 132
37 135
37 137
37 138
37 141
37 143
37 144
37 145
37 146
37 147
37 149
37 150
37 152
37 158
37 161
37 162
37 163
37 164
37 169
37 170
37 175
37 176
38 40
38 42
38 44
38 46
38 51
38 52
38 53
38 54
38 55
38 56
38 58
38 60
38 61
38 65
38 67
38 68
38 69
38 70
38 72
38 73
38 74
38 76
38 77
38 78
38 79
38 81
38 82
38 83
38 84
38 85
38 86
38 87
38 88
38 89
38 90
38 92
38 93
38 94
38 97
38 99
38 100
38 103
38 104
38 108
38 110
38 112
38 114
38 115
38 119
38 120
38 122
38 124
38 126
38 127
38 129
38 134
38 135
38 139
38 143
38 144
38 145
38 147
38 148
38 150
38 152
38 153
38 155
38 156
38 157
38 158
38 160
38 161
38 162
38 164
38 165
38 166
38 167
38 171
38 172
38 175
38 178
38 179
39 40
39 41
39 42
39 44
39 45
39 46
39 49
39 51
39 52
39 53
39 54
39 55
39 60
39 61
39 62
39 64
39 67
39 69
39 70
39 71
39 72
39 74
39 75
39 76
39 77
39 79
39 81
39 82
39 83
39 85
39 90
39 91
39 93
39 95
39 97
39 101
39 102
39 103
39 104
39 105
39 108
39 109
39 113
39 115
39 116
39 117
39 119
39 120
39 124
39 125
39 127
39 128
39 129
39 137
39 138
39 140
39 144
39 145
39 147
39 148
39 151
39 153
39 154
39 155
39 157
39 158
39 159
39 162
39 163
39 167
39 170
39 171
39 178
39 179
40 43
40 45
40 47
40 49
40 50
40 52
40 53
40 54
40 56
40 57
40 59
40 60
40 61
40 62
40 64
40 65
40 70
40 72
40 73
40 74
40 76
40 78
40 79
40 80
40 85
40 87
40 90
40 92
40 93
40 94
40 95
40 97
40 98
40 101
40 102
40 103
40 104
40 105
40 106
40 107
40 109
40 112
40 114
40 117
40 118
40 119
40 120
40 121
40 122
40 125
40 127
40 128
40 129
40 130
40 132
40 133
40 136
40 137
40 138
40 139
40 140
40 142
40 143
40 146
40 148
40 150
40 151
40 156
40 157
40 158
40 160
40 161
40 162
40 165
40 167
40 169
40 171
40 174
40 175
40 178
40 179
41 43
41 44
41 45
41 46
41 47
41 49
41 52
41 58
41 59
41 60
41 62
41 65
41 67
41 69
41 70
41 71
41 72
41 74
41 76
41 77
41 79
41 81
41 82
41 83
41 86
41 87
41 88
41 89
41 90
41 93
41 94
41 96
41 97
41 99
41 100
41 101
41 102
41 103
41 110
41 111
41 112
41 113
41 115
41 116
41 117
41 118
41 119
41 120
41 122
41 123
41 126
41 128
41 131
41 133
41 134
41 138
41 139
41 140
41 142
41 143
41 144
41 146
41 152
41 159
41 165
41 166
41 167
41 169
41 170
41 173
41 174
41 175
41 179
42 44
42 45
42 46
42 48
42 49
42 50
42 51
42 52
42 53
42 54
42 55
42 56
42 57
42 60
42 61
42 62
42 63
42 64
42 65
42 66
42 70
42 71
42 73
42 74
42 76
42 77
42 78
42 81
42 82
42 84
42 88
42 89
42 91
42 92
42 93
42 94
42 95
42 96
42 98
42 99
42 101
42 102
42 103
42 105
42 106
42 108
42 110
42 111
42 112
42 114
42 115
42 119
42 120
42 122
42 125
42 126
42 128
42 129
42 130
42 133
42 139
42 140
42 141
42 142
42 144
42 145
42 146
42 148
42 151
42 152
42 153
42 154
42 158
42 159
42 163
42 164
42 166
42 167
42 169
42 170
42 173
42 175
42 176
42 177
42 179
43 44
43 45
43 46
43 47
43 49
43 50
43 51
43 52
43 54
43 55
43 56
43 59
43 60
43 62
43 63
43 65
43 67
43 70
43 71
43 74
43 75
43 76
43 79
43 80
43 81
43 82
43 83
43 86
43 89
43 90
43 91
43 92
43 93
43 94
43 98
43 99
43 104
43 105
43 106
43 108
43 109
43 111
43 113
43 114
43 117
43 119
43 120
43 122
43 124
43 126
43 128
43 129
43 130
43 133
43 135
43 136
43 137
43 141
43 144
43 146
43 148
43 149
43 151
43 156
43 157
43 163
43 165
43 168
43 173
43 174
43 177
43 179
44 45
44 46
44 47
44 48
44 49
44 50
44 52
44 55
44 56
44 58
44 60
44 61
44 62
44 63
44 64
44 68
44 69
44 72
44 76
44 77
44 78
44 80
44 81
44 82
44 83
44 84
44 85
44 88
44 91
44 93
44 95
44 97
44 98
44 101
44 102
44 104
44 105
44 106
44 107
44 108
44 109
44 110
44 114
44 116
44 117
44 120
44 121
44 124
44 125
44 126
44 127
44 129
44 130
44 132
44 133
44 137
44 140
44 141
44 142
44 143
44 147
44 148
44 150
44 153
44 155
44 156
44 157
44 162
44 163
44 166
44 168
44 169
44 171
44 174
44 176
44 178
45 46
45 48
45 50
45 52
45 55
45 56
45 58
45 59
45 60
45 64
45 65
45 67
45 68
45 69
45 70
45 71
45 73
45 75
45 76
45 77
45 78
45 79
45 83
45 84
45 86
45 88
45 89
45 90
45 91
45 92
45 94
45 95
45 96
45 99
45 100
45 101
45 102
45 103
45 104
45 107
45 108
45 111
45 114
45 115
45 116
45 119
45 121
45 126
45 132
45 133
45 134
45 135
45 136
45 137
45 140
45 141
45 142
45 150
45 153
45 154
45 155
45 156
45 157
45 158
45 159
45 160
45 162
45 165
45 166
45 167
45 168
45 169
45 172
45 173
45 174
45 178
46 47
46 48
46 49
46 51
46 54
46 56
46 57
46 59
46 60
46 61
46 62
46 63
46 66
46 67
46 69
46 71
46 72
46 73
46 74
46 76
46 77
46 78
46 80
46 81
46 82
46 84
46 86
46 87
46 89
46 90
46 91
46 92
46 93
46 98
46 103
46 104
46 105
46 106
46 108
46 109
46 115
46 116
46 122
46 123
46 125
46 128
46 133
46 136
46 139
46 140
46 142
46 146
46 147
46 148
46 161
46 164
46 165
46 166
46 167
46 171
46 172
46 173
46 174
46 179
47 48
47 53
47 55
47 56
47 58
47 60
47 63
47 70
47 75
47 76
47 78
47 83
47 86
47 87
47 92
47 93
47 94
47 96
47 97
47 98
47 101
47 106
47 107
47 109
47 111
47 112
47 113
47 114
47 115
47 117
47 119
47 120
47 121
47 122
47 123
47 128
47 132
47 134
47 136
47 139
47 140
47 141
47 144
47 145
47 146
47 151
47 152
47 154
47 156
47 157
47 159
47 166
47 167
47 168
47 170
47 175
47 176
47 177
47 179
48 51
48 54
48 56
48 58
48 60
48 63
48 65
48 68
48 70
48 71
48 73
48 74
48 75
48 80
48 82
48 83
48 84
48 87
48 88
48 89
48 93
48 94
48 95
48 96
48 97
48 98
48 101
48 102
48 103
48 104
48 108
48 109
48 110
48 111
48 113
48 115
48 116
48 117
48 119
48 120
48 121
48 123
48 126
48 127
48 129
48 131
48 132
48 133
48 135
48 136
48 137
48 138
48 142
48 143
48 144
48 145
48 146
48 148
48 149
48 154
48 155
48 158
48 160
48 170
48 171
48 173
48 175
48 178
49 50
49 52
49 54
49 55
49 57
49 59
49 60
49 61
49 62
49 63
49 65
49 66
49 68
49 71
49 72
49 76
49 77
49 78
49 80
49 81
49 82
49 86
49 87
49 88
49 89
49 91
49 93
49 94
49 95
49 98
49 103
49 104
49 105
49 106
49 107
49 108
49 109
49 111
49 115
49 116
49 118
49 120
49 126
49 127
49 129
49 130
49 131
49 132
49 134
49 139
49 140
49 141
49 143
49 147
49 148
49 149
49 150
49 152
49 153
49 157
49 164
49 168
49 169
49 172
49 173
49 174
49 175
49 179
50 52
50 53
50 56
50 60
50 62
50 63
50 65
50 67
50 69
50 70
50 71
50 76
50 77
50 78
50 80
50 82
50 83
50 88
50 90
50 91
50 92
50 93
50 95
50 96
50 98
50 99
50 100
50 103
50 105
50 110
50 112
50 113
50 115
50 116
50 121
50 122
50 123
50 125
50 126
50 127
50 131
50 133
50 134
50 138
50 139
50 148
50 149
50 150
50 151
50 152
50 153
50 154
50 155
50 156
50 157
50 158
50 159
50 160
50 163
50 164
50 166
50 170
50 171
50 173
50 178
50 179
51 53
51 57
51 59
51 60
51 62
51 64
51 66
51 67
51 69
51 70
51 71
51 73
51 77
51 78
51 79
51 81
51 83
51 84
51 86
51 89
51 91
51 92
51 94
51 95
51 97
51 98
51 102
51 104
51 106
51 107
51 111
51 112
51 114
51 117
51 120
51 122
51 123
51 124
51 125
51 127
51 133
51 135
51 139
51 140
51 142
51 143
51 144
51 147
51 149
51 150
51 151
51 154
51 156
51 158
51 159
51 160
51 161
51 162
51 163
51 164
51 166
51 168
51 170
51 172
51 178
51 179
52 54
52 55
52 57
52 58
52 62
52 63
52 64
52 65
52 68
52 71
52 72
52 73
52 74
52 76
52 77
52 79
52 82
52 84
52 85
52 86
52 87
52 88
52 89
52 90
52 91
52 95
52 96
52 97
52 99
52 100
52 101
52 102
52 104
52 105
52 108
52 110
52 112
52 113
52 116
52 118
52 120
52 122
52 123
52 130
52 131
52 134
52 135
52 136
52 137
52 138
52 139
52 142
52 144
52 145
52 147
52 149
52 150
52 152
52 153
52 154
52 160
52 161
52 166
52 167
52 169
52 171
52 173
52 175
52 176
52 179
53 55
53 56
53 57
53 59
53 60
53 62
53 64
53 65
53 68
53 69
53 70
53 72
53 73
53 75
53 78
53 81
53 82
53 83
53 86
53 92
53 94
53 96
53 97
53 99
53 101
53 103
53 104
53 105
53 106
53 107
53 108
53 109
53 110
53 112
53 114
53 115
53 116
53 117
53 122
53 123
53 127
53 129
53 132
53 135
53 141
53 142
53 144
53 147
53 148
53 151
53 154
53 157
53 158
53 159
53 160
53 163
53 165
53 167
53 170
53 171
53 172
53 173
53 174
53 175
53 177
53 178
54 57
54 58
54 59
54 60
54 61
54 63
54 65
54 66
54 67
54 68
54 72
54 74
54 75
54 78
54 79
54 80
54 82
54 83
54 87
54 92
54 94
54 100
54 101
54 103
54 104
54 106
54 107
54 110
54 117
54 118
54 119
54 120
54 121
54 123
54 124
54 125
54 127
54 129
54 130
54 134
54 135
54 137
54 138
54 139
54 141
54 144
54 146
54 148
54 149
54 154
54 155
54 157
54 158
54 159
54 162
54 163
54 164
54 167
54 170
54 171
54 173
54 176
54 177
54 178
54 179
55 59
55 60
55 61
55 62
55 63
55 64
55 69
55 70
55 72
55 76
55 77
55 79
55 82
55 83
55 84
55 85
55 86
55 87
55 90
55 91
55 92
55 93
55 94
55 95
55 96
55 97
55 99
55 102
55 104
55 106
55 111
55 113
55 115
55 116
55 119
55 121
55 123
55 126
55 128
55 129
55 130
55 132
55 133
55 134
55 135
55 137
55 138
55 140
55 142
55 145
55 146
55 147
55 149
55 150
55 157
55 159
55 161
55 164
55 165
55 166
55 167
55 168
55 171
55 175
55 176
56 59
56 63
56 65
56 66
56 68
56 75
56 76
56 77
56 80
56 81
56 82
56 84
56 85
56 86
56 87
56 88
56 89
56 91
56 93
56 95
56 97
56 98
56 103
56 106
56 108
56 109
56 110
56 116
56 117
56 118
56 119
56 122
56 128
56 129
56 130
56 132
56 134
56 135
56 136
56 138
56 141
56 142
56 145
56 151
56 152
56 153
56 154
56 159
56 160
56 161
56 163
56 164
56 166
56 168
56 170
56 173
56 174
56 176
57 58
57 59
57 60
57 62
57 63
57 64
57 65
57 70
57 71
57 73
57 74
57 77
57 79
57 82
57 83
57 86
57 89
57 90
57 91
57 92
57 94
57 95
57 96
57 97
57 98
57 103
57 104
57 106
57 107
57 109
57 110
57 116
57 117
57 118
57 120
57 122
57 124
57 125
57 126
57 127
57 128
57 131
57 132
57 133
57 137
57 144
57 148
57 150
57 152
57 154
57 155
57 159
57 160
57 163
57 165
57 166
57 167
57 169
57 176
57 179
58 59
58 63
58 64
58 66
58 67
58 69
58 71
58 74
58 76
58 77
58 78
58 80
58 82
58 84
58 85
58 86
58 88
58 89
58 93
58 95
58 97
58 101
58 105
58 107
58 108
58 109
58 110
58 111
58 113
58 114
58 115
58 116
58 118
58 120
58 121
58 125
58 126
58 127
58 128
58 129
58 140
58 142
58 143
58 145
58 147
58 148
58 150
58 151
58 152
58 153
58 155
58 157
58 161
58 162
58 163
58 167
58 168
58 170
58 173
58 174
58 175
58 176
58 178
59 60
59 62
59 63
59 64
59 67
59 68
59 69
59 70
59 72
59 73
59 74
59 75
59 76
59 77
59 79
59 80
59 81
59 83
59 84
59 85
59 86
59 91
59 92
59 93
59 95
59 99
59 101
59 102
59 103
59 104
59 105
59 108
59 109
59 112
59 114
59 116
59 117
59 118
59 119
59 120
59 121
59 122
59 123
59 124
59 125
59 129
59 130
59 134
59 135
59 136
59 138
59 143
59 146
59 148
59 149
59 152
59 153
59 154
59 155
59 156
59 157
59 160
59 162
59 163
59 164
59 168
59 177
59 178
60 61
60 63
60 65
60 68
60 74
60 75
60 82
60 83
60 85
60 87
60 89
60 93
60 94
60 95
60 96
60 97
60 99
60 102
60 103
60 106
60 107
60 110
60 112
60 113
60 115
60 116
60 117
60 118
60 119
60 120
60 123
60 124
60 125
60 132
60 133
60 134
60 135
60 136
60 138
60 140
60 141
60 146
60 147
60 150
60 152
60 153
60 154
60 158
60 159
60 161
60 162
60 164
60 166
60 170
60 173
60 175
61 62
61 63
61 64
61 65
61 67
61 69
61 70
61 71
61 72
61 73
61 74
61 75
61 76
61 77
61 78
61 80
61 81
61 84
61 85
61 86
61 88
61 92
61 94
61 95
61 97
61 98
61 102
61 103
61 106
61 110
61 111
61 112
61 113
61 114
61 118
61 119
61 120
61 121
61 122
61 127
61 131
61 132
61 134
61 135
61 138
61 140
61 141
61 143
61 145
61 147
61 149
61 151
61 152
61 158
61 160
61 161
61 171
61 172
61 173
61 174
61 177
61 178
61 179
62 63
62 64
62 65
62 68
62 70
62 72
62 74
62 76
62 77
62 78
62 82
62 86
62 88
62 90
62 91
62 92
62 94
62 97
62 100
62 101
62 102
62 104
62 108
62 110
62 111
62 116
62 117
62 118
62 119
62 123
62 128
62 129
62 131
62 133
62 134
62 135
62 137
62 141
62 144
62 148
62 149
62 153
62 154
62 156
62 157
62 158
62 160
62 161
62 163
62 165
62 167
62 169
62 172
62 174
62 175
62 176
62 177
62 178
62 179
63 66
63 67
63 69
63 71
63 73
63 74
63 77
63 78
63 83
63 89
63 91
63 92
63 95
63 97
63 99
63 100
63 101
63 103
63 104
63 105
63 106
63 107
63 109
63 110
63 111
63 113
63 114
63 115
63 116
63 119
63 121
63 122
63 127
63 131
63 132
63 135
63 137
63 140
63 141
63 142
63 145
63 149
63 151
63 152
63 153
63 156
63 158
63 159
63 161
63 162
63 164
63 168
63 169
63 173
63 174
64 65
64 66
64 68
64 69
64 70
64 74
64 76
64 78
64 79
64 80
64 81
64 82
64 85
64 91
64 92
64 95
64 99
64 100
64 102
64 105
64 109
64 111
64 112
64 113
64 114
64 117
64 118
64 119
64 120
64 122
64 123
64 125
64 126
64 127
64 128
64 129
64 131
64 132
64 133
64 136
64 137
64 139
64 140
64 141
64 142
64 145
64 146
64 150
64 151
64 155
64 157
64 160
64 164
64 165
64 166
64 169
64 170
64 178
64 179
65 69
65 72
65 73
65 75
65 77
65 79
65 81
65 82
65 83
65 84
65 86
65 87
65 88
65 89
65 90
65 91
65 94
65 97
65 98
65 99
65 102
65 103
65 104
65 107
65 113
65 117
65 119
65 124
65 125
65 127
65 129
65 130
65 133
65 134
65 136
65 137
65 138
65 139
65 140
65 141
65 142
65 144
65 149
65 150
65 154
65 155
65 156
65 157
65 158
65 159
65 160
65 162
65 163
65 164
65 165
65 166
65 167
65 169
65 170
65 171
65 174
65 177
65 178
66 67
66 70
66 71
66 73
66 75
66 76
66 77
66 80
66 82
66 85
66 86
66 91
66 92
66 94
66 95
66 96
66 97
66 98
66 99
66 101
66 102
66 103
66 105
66 106
66 107
66 108
66 111
66 113
66 114
66 115
66 116
66 122
66 123
66 125
66 127
66 128
66 129
66 130
66 131
66 132
66 133
66 137
66 139
66 140
66 141
66 143
66 144
66 146
66 147
66 149
66 150
66 153
66 155
66 156
66 157
66 158
66 161
66 163
66 169
66 172
66 175
66 176
66 178
67 70
67 71
67 74
67 75
67 76
67 78
67 79
67 81
67 82
67 83
67 84
67 85
67 86
67 88
67 89
67 90
67 91
67 93
67 95
67 96
67 97
67 99
67 100
67 105
67 106
67 107
67 110
67 113
67 114
67 115
67 116
67 121
67 122
67 123
67 124
67 126
67 127
67 128
67 130
67 133
67 134
67 135
67 137
67 138
67 139
67 140
67 141
67 142
67 147
67 151
67 155
67 159
67 162
67 163
67 165
67 169
67 170
67 174
67 178
68 69
68 70
68 71
68 72
68 74
68 78
68 81
68 83
68 84
68 86
68 91
68 92
68 94
68 96
68 97
68 98
68 99
68 101
68 103
68 104
68 105
68 106
68 107
68 112
68 114
68 115
68 116
68 118
68 119
68 124
68 125
68 127
68 128
68 130
68 131
68 132
68 133
68 137
68 141
68 145
68 154
68 156
68 158
68 160
68 162
68 164
68 165
68 168
68 170
68 172
68 173
68 174
68 175
68 176
69 73
69 75
69 76
69 77
69 78
69 79
69 80
69 81
69 82
69 85
69 86
69 87
69 90
69 91
69 94
69 97
69 98
69 99
69 100
69 104
69 107
69 108
69 109
69 110
69 111
69 112
69 119
69 121
69 122
69 126
69 129
69 131
69 135
69 136
69 137
69 138
69 142
69 143
69 144
69 145
69 147
69 154
69 155
69 156
69 159
69 161
69 162
69 164
69 171
69 172
69 173
70 71
70 74
70 75
70 78
70 81
70 82
70 89
70 90
70 91
70 96
70 103
70 104
70 107
70 108
70 110
70 111
70 114
70 115
70 117
70 122
70 123
70 124
70 125
70 126
70 129
70 130
70 134
70 135
70 136
70 137
70 138
70 139
70 146
70 147
70 148
70 149
70 151
70 153
70 154
70 157
70 158
70 162
70 163
70 166
70 169
70 170
70 171
70 173
70 174
70 175
70 178
71 72
71 73
71 75
71 76
71 78
71 82
71 83
71 86
71 87
71 89
71 93
71 94
71 96
71 97
71 98
71 99
71 103
71 105
71 106
71 107
71 108
71 110
71 112
71 115
71 116
71 119
71 121
71 125
71 131
71 132
71 134
71 136
71 137
71 139
71 142
71 143
71 144
71 145
71 146
71 151
71 152
71 153
71 154
71 157
71 159
71 161
71 168
71 172
71 174
71 175
71 176
72 73
72 77
72 78
72 79
72 86
72 87
72 88
72 92
72 93
72 95
72 98
72 100
72 102
72 103
72 105
72 106
72 107
72 108
72 109
72 112
72 115
72 118
72 121
72 123
72 124
72 127
72 128
72 135
72 136
72 137
72 138
72 139
72 141
72 142
72 143
72 145
72 146
72 147
72 148
72 149
72 151
72 152
72 153
72 162
72 163
72 164
72 167
72 168
72 171
72 172
72 173
72 176
72 178
73 74
73 78
73 79
73 80
73 81
73 84
73 85
73 86
73 90
73 92
73 94
73 96
73 97
73 99
73 100
73 101
73 103
73 104
73 108
73 111
73 115
73 117
73 120
73 127
73 130
73 131
73 135
73 136
73 139
73 141
73 144
73 145
73 146
73 147
73 149
73 150
73 152
73 156
73 157
73 160
73 161
73 162
73 163
73 165
73 167
73 169
73 170
73 171
73 172
73 173
73 176
73 177
73 178
73 179
74 77
74 79
74 80
74 82
74 83
74 87
74 90
74 93
74 94
74 95
74 96
74 97
74 100
74 103
74 107
74 109
74 112
74 113
74 115
74 118
74 119
74 120
74 121
74 124
74 125
74 126
74 127
74 128
74 129
74 130
74 133
74 134
74 135
74 137
74 139
74 140
74 142
74 144
74 147
74 151
74 153
74 155
74 157
74 158
74 159
74 162
74 166
74 167
74 168
74 169
74 172
74 174
74 176
74 179
75 76
75 79
75 80
75 83
75 85
75 86
75 88
75 89
75 90
75 91
75 92
75 93
75 95
75 96
75 97
75 99
75 107
75 109
75 110
75 111
75 113
75 114
75 116
75 117
75 120
75 121
75 122
75 123
75 125
75 129
75 130
75 131
75 133
75 134
75 140
75 141
75 145
75 148
75 151
75 152
75 153
75 161
75 163
75 164
75 165
75 171
75 173
75 174
75 175
75 176
75 178
76 77
76 78
76 79
76 80
76 84
76 86
76 87
76 89
76 90
76 91
76 93
76 95
76 96
76 100
76 101
76 103
76 104
76 105
76 108
76 109
76 111
76 112
76 113
76 116
76 118
76 120
76 123
76 134
76 135
76 138
76 140
76 141
76 143
76 147
76 148
76 151
76 155
76 157
76 159
76 160
76 163
76 165
76 167
76 170
76 172
76 173
76 174
76 175
77 79
77 80
77 82
77 83
77 85
77 86
77 87
77 91
77 92
77 93
77 94
77 95
77 101
77 102
77 103
77 105
77 107
77 110
77 111
77 112
77 113
77 116
77 118
77 119
77 123
77 126
77 129
77 132
77 134
77 135
77 137
77 141
77 142
77 144
77 145
77 148
77 150
77 152
77 153
77 156
77 157
77 160
77 165
77 167
77 170
77 176
77 177
77 179
78 79
78 82
78 84
78 85
78 90
78 93
78 95
78 97
78 98
78 100
78 101
78 103
78 107
78 110
78 112
78 113
78 114
78 117
78 119
78 121
78 123
78 125
78 127
78 130
78 132
78 134
78 136
78 137
78 140
78 144
78 149
78 151
78 153
78 155
78 159
78 160
78 161
78 162
78 163
78 165
78 167
78 168
78 172
78 173
78 174
78 175
78 178
78 179
79 80
79 81
79 82
79 84
79 85
79 88
79 90
79 94
79 95
79 96
79 98
79 100
79 101
79 102
79 105
79 106
79 107
79 108
79 109
79 111
79 112
79 113
79 117
79 118
79 120
79 121
79 125
79 127
79 128
79 130
79 131
79 132
79 133
79 135
79 136
79 138
79 145
79 146
79 153
79 156
79 157
79 159
79 160
79 161
79 163
79 164
79 165
79 166
79 167
79 170
79 171
79 173
79 177
80 82
80 84
80 86
80 88
80 89
80 91
80 93
80 94
80 95
80 96
80 100
80 107
80 110
80 112
80 114
80 118
80 119
80 122
80 123
80 125
80 126
80 128
80 129
80 130
80 132
80 135
80 137
80 139
80 140
80 142
80 143
80 145
80 147
80 149
80 154
80 155
80 156
80 158
80 161
80 163
80 172
80 174
81 82
81 83
81 85
81 86
81 87
81 89
81 90
81 95
81 98
81 99
81 101
81 102
81 103
81 104
81 107
81 110
81 111
81 113
81 114
81 115
81 116
81 117
81 121
81 123
81 124
81 126
81 128
81 129
81 131
81 134
81 136
81 138
81 143
81 144
81 148
81 149
81 150
81 151
81 154
81 155
81 159
81 162
81 166
81 167
81 168
81 169
81 171
81 174
81 176
81 177
81 179
82 84
82 85
82 90
82 92
82 93
82 94
82 95
82 97
82 103
82 105
82 107
82 108
82 111
82 114
82 115
82 117
82 120
82 121
82 123
82 124
82 127
82 128
82 129
82 133
82 136
82 138
82 142
82 145
82 146
82 148
82 149
82 152
82 153
82 154
82 157
82 161
82 164
82 167
82 168
82 170
82 172
82 174
82 175
82 177
83 84
83 85
83 87
83 88
83 91
83 94
83 95
83 97
83 98
83 99
83 102
83 103
83 104
83 105
83 106
83 109
83 113
83 116
83 117
83 118
83 122
83 125
83 126
83 130
83 131
83 133
83 136
83 141
83 142
83 143
83 145
83 148
83 150
83 151
83 154
83 156
83 161
83 162
83 163
83 164
83 165
83 166
83 168
83 171
83 173
83 175
84 86
84 88
84 90
84 91
84 92
84 93
84 95
84 96
84 98
84 99
84 101
84 102
84 116
84 118
84 119
84 120
84 121
84 124
84 125
84 126
84 128
84 130
84 131
84 132
84 133
84 134
84 135
84 136
84 140
84 141
84 142
84 145
84 146
84 149
84 150
84 155
84 160
84 166
84 167
84 168
84 169
84 176
84 177
85 87
85 88
85 89
85 90
85 93
85 95
85 97
85 99
85 100
85 102
85 103
85 104
85 105
85 108
85 109
85 111
85 112
85 114
85 115
85 116
85 121
85 123
85 124
85 126
85 127
85 130
85 132
85 139
85 141
85 148
85 149
85 152
85 154
85 155
85 157
85 160
85 164
85 166
85 168
85 172
85 177
85 179
86 89
86 90
86 92
86 96
86 97
86 100
86 102
86 103
86 105
86 106
86 110
86 114
86 115
86 119
86 121
86 122
86 123
86 125
86 126
86 127
86 128
86 131
86 133
86 134
86 137
86 143
86 145
86 147
86 148
86 155
86 156
86 157
86 159
86 160
86 161
86 166
86 168
86 171
86 175
86 178
87 90
87 93
87 94
87 96
87 97
87 101
87 104
87 108
87 109
87 114
87 115
87 117
87 118
87 122
87 123
87 124
87 127
87 128
87 129
87 130
87 131
87 132
87 133
87 134
87 137
87 138
87 140
87 143
87 145
87 146
87 147
87 148
87 151
87 152
87 153
87 158
87 159
87 161
87 162
87 164
87 166
87 168
87 169
87 170
87 171
87 172
87 176
88 89
88 90
88 95
88 96
88 97
88 101
88 102
88 105
88 107
88 109
88 111
88 112
88 113
88 114
88 116
88 117
88 118
88 120
88 123
88 125
88 127
88 128
88 129
88 132
88 136
88 137
88 143
88 144
88 147
88 150
88 152
88 154
88 156
88 157
88 159
88 160
88 162
88 163
88 169
88 172
88 174
88 175
88 176
88 177
88 179
89 90
89 91
89 92
89 93
89 94
89 95
89 98
89 99
89 100
89 103
89 104
89 106
89 107
89 109
89 112
89 115
89 117
89 118
89 121
89 122
89 126
89 128
89 129
89 130
89 131
89 132
89 133
89 135
89 137
89 140
89 142
89 145
89 149
89 153
89 154
89 157
89 159
89 161
89 166
89 169
89 171
89 172
89 173
89 177
90 91
90 94
90 95
90 96
90 97
90 99
90 100
90 101
90 103
90 104
90 105
90 107
90 112
90 114
90 116
90 122
90 123
90 125
90 126
90 129
90 131
90 132
90 133
90 136
90 139
90 142
90 146
90 147
90 148
90 150
90 152
90 153
90 154
90 156
90 159
90 162
90 164
90 169
90 170
90 171
90 173
90 174
90 175
90 179
91 93
91 96
91 98
91 99
91 100
91 102
91 103
91 107
91 108
91 110
91 113
91 114
91 116
91 119
91 123
91 124
91 125
91 127
91 129
91 131
91 134
91 138
91 139
91 142
91 143
91 144
91 146
91 152
91 155
91 156
91 159
91 160
91 162
91 163
91 168
91 174
91 175
91 177
91 179
92 96
92 97
92 100
92 101
92 102
92 104
92 106
92 107
92 109
92 110
92 111
92 113
92 114
92 119
92 120
92 123
92 125
92 128
92 131
92 133
92 135
92 139
92 140
92 141
92 142
92 143
92 144
92 146
92 147
92 148
92 152
92 153
92 163
92 165
92 168
92 171
92 173
92 177
92 179
93 94
93 95
93 96
93 97
93 98
93 100
93 105
93 112
93 114
93 118
93 119
93 120
93 122
93 123
93 125
93 126
93 128
93 130
93 138
93 141
93 142
93 144
93 145
93 151
93 153
93 154
93 155
93 156
93 159
93 164
93 165
93 169
93 171
93 172
94 95
94 100
94 103
94 104
94 105
94 106
94 108
94 109
94 111
94 116
94 117
94 119
94 120
94 127
94 129
94 130
94 136
94 139
94 140
94 141
94 152
94 154
94 158
94 159
94 161
94 162
94 163
94 165
94 166
94 167
94 169
94 170
94 173
94 174
94 176
95 98
95 99
95 103
95 104
95 110
95 112
95 115
95 118
95 119
95 120
95 122
95 124
95 125
95 127
95 128
95 133
95 135
95 138
95 139
95 140
95 143
95 145
95 149
95 150
95 154
95 157
95 158
95 159
95 160
95 161
95 162
95 165
95 169
95 170
95 172
95 173
95 176
95 177
96 97
96 100
96 102
96 104
96 107
96 108
96 109
96 110
96 111
96 113
96 115
96 120
96 121
96 124
96 125
96 126
96 128
96 131
96 132
96 134
96 136
96 139
96 145
96 146
96 147
96 148
96 149
96 151
96 152
96 153
96 158
96 159
96 160
96 162
96 163
96 167
96 168
96 172
96 177
96 179
97 99
97 100
97 107
97 108
97 109
97 111
97 112
97 113
97 114
97 117
97 121
97 124
97 125
97 129
97 135
97 137
97 138
97 139
97 140
97 141
97 143
97 145
97 146
97 151
97 153
97 154
97 155
97 159
97 164
97 174
97 176
97 179
98 99
98 101
98 103
98 104
98 105
98 107
98 109
98 110
98 111
98 113
98 116
98 118
98 119
98 121
98 122
98 123
98 124
98 132
98 133
98 137
98 140
98 141
98 142
98 143
98 144
98 148
98 149
98 150
98 151
98 152
98 153
98 154
98 156
98 157
98 159
98 163
98 165
98 167
98 170
98 172
98 177
99 102
99 103
99 107
99 108
99 111
99 112
99 113
99 114
99 117
99 118
99 120
99 123
99 124
99 125
99 126
99 127
99 131
99 132
99 133
99 138
99 142
99 143
99 146
99 148
99 150
99 156
99 157
99 158
99 161
99 162
99 163
99 164
99 168
99 174
99 179
100 101
100 105
100 109
100 112
100 113
100 115
100 117
100 118
100 123
100 124
100 127
100 128
100 132
100 133
100 139
100 140
100 141
100 144
100 148
100 149
100 151
100 155
100 158
100 160
100 161
100 163
100 165
100 166
100 170
100 173
100 174
100 175
100 176
100 177
100 178
100 179
101 102
101 103
101 105
101 107
101 108
101 112
101 115
101 118
101 119
101 120
101 122
101 124
101 128
101 131
101 132
101 133
101 134
101 135
101 138
101 139
101 141
101 142
101 143
101 144
101 146
101 147
101 148
101 149
101 150
101 151
101 153
101 157
101 163
101 164
101 165
101 168
101 169
101 171
101 172
101 173
101 179
102 104
102 106
102 107
102 110
102 111
102 113
102 118
102 120
102 122
102 124
102 125
102 127
102 129
102 130
102 131
102 134
102 135
102 139
102 140
102 142
102 143
102 144
102 148
102 150
102 153
102 160
102 161
102 164
102 165
102 166
102 169
102 170
102 173
102 175
102 176
102 177
102 179
103 108
103 109
103 110
103 111
103 112
103 117
103 122
103 123
103 125
103 126
103 130
103 133
103 135
103 136
103 138
103 139
103 146
103 147
103 149
103 159
103 160
103 169
103 176
104 106
104 107
104 109
104 110
104 113
104 116
104 117
104 124
104 126
104 127
104 128
104 130
104 131
104 132
104 134
104 135
104 136
104 140
104 141
104 146
104 147
104 151
104 152
104 153
104 154
104 156
104 157
104 159
104 161
104 166
104 167
104 171
104 176
104 177
104 178
105 108
105 110
105 113
105 114
105 118
105 124
105 127
105 130
105 133
105 135
105 137
105 139
105 140
105 141
105 143
105 144
105 146
105 147
105 150
105 155
105 159
105 161
105 163
105 165
105 166
105 167
105 170
105 174
105 179
106 107
106 108
106 110
106 111
106 114
106 116
106 117
106 119
106 122
106 124
106 126
106 128
106 129
106 130
106 131
106 132
106 134
106 135
106 136
106 138
106 141
106 143
106 152
106 155
106 156
106 164
106 168
106 169
106 170
106 171
106 172
106 174
106 175
106 176
106 177
106 178
107 108
107 109
107 111
107 115
107 116
107 118
107 119
107 121
107 126
107 128
107 135
107 136
107 137
107 140
107 147
107 149
107 150
107 152
107 160
107 162
107 164
107 168
107 174
107 175
108 114
108 116
108 119
108 120
108 125
108 127
108 129
108 133
108 137
108 140
108 141
108 144
108 145
108 148
108 151
108 152
108 153
108 155
108 158
108 160
108 161
108 165
108 166
108 169
108 178
108 179
109 114
109 115
109 117
109 124
109 125
109 126
109 128
109 129
109 131
109 133
109 134
109 142
109 144
109 146
109 148
109 156
109 157
109 158
109 161
109 162
109 164
109 167
109 168
109 169
109 172
109 174
109 176
109 177
109 178
109 179
110 112
110 115
110 116
110 117
110 119
110 120
110 121
110 124
110 126
110 129
110 131
110 135
110 137
110 140
110 142
110 143
110 145
110 148
110 150
110 151
110 155
110 156
110 157
110 159
110 166
110 167
110 171
110 172
110 174
110 179
111 124
111 130
111 132
111 134
111 135
111 136
111 139
111 143
111 146
111 153
111 157
111 158
111 159
111 160
111 163
111 165
111 172
111 173
111 174
111 176
111 177
112 113
112 114
112 117
112 118
112 119
112 121
112 125
112 135
112 138
112 139
112 141
112 142
112 144
112 146
112 148
112 151
112 153
112 160
112 161
112 162
112 164
112 165
112 166
112 172
112 173
113 114
113 116
113 117
113 119
113 121
113 124
113 125
113 127
113 129
113 130
113 136
113 138
113 140
113 141
113 143
113 145
113 146
113 147
113 148
113 153
113 154
113 158
113 162
113 168
113 171
113 174
114 116
114 117
114 118
114 120
114 121
114 123
114 124
114 126
114 127
114 128
114 130
114 133
114 137
114 144
114 145
114 146
114 149
114 150
114 153
114 158
114 159
114 162
114 166
114 167
114 168
114 170
114 171
114 173
114 178
115 118
115 119
115 120
115 121
115 125
115 126
115 127
115 128
115 131
115 134
115 141
115 142
115 143
115 145
115 147
115 151
115 153
115 154
115 155
115 156
115 158
115 161
115 167
115 168
115 170
115 171
115 176
115 179
116 117
116 118
116 120
116 121
116 124
116 125
116 127
116 130
116 132
116 133
116 138
116 141
116 142
116 145
116 146
116 148
116 155
116 156
116 159
116 163
116 166
116 168
116 170
116 171
116 172
116 175
117 119
117 121
117 122
117 123
117 124
117 125
117 126
117 128
117 132
117 134
117 136
117 139
117 141
117 142
117 145
117 147
117 149
117 153
117 154
117 162
117 165
117 169
117 170
117 175
117 176
118 123
118 124
118 129
118 130
118 131
118 134
118 135
118 137
118 138
118 139
118 146
118 148
118 150
118 151
118 155
118 156
118 157
118 158
118 160
118 164
118 165
118 167
118 173
118 175
118 177
119 124
119 129
119 133
119 143
119 145
119 153
119 154
119 160
119 161
119 163
119 167
119 168
119 170
119 171
119 174
119 178
120 122
120 125
120 132
120 134
120 135
120 136
120 141
120 142
120 143
120 149
120 150
120 151
120 152
120 162
120 167
120 169
120 170
120 175
120 176
120 177
120 178
121 122
121 123
121 127
121 128
121 130
121 133
121 134
121 140
121 142
121 143
121 144
121 147
121 148
121 150
121 153
121 154
121 158
121 159
121 160
121 163
121 167
121 172
121 173
121 176
121 179
122 123
122 124
122 126
122 128
122 129
122 132
122 135
122 137
122 139
122 143
122 146
122 149
122 150
122 151
122 155
122 156
122 158
122 162
122 163
122 164
122 166
122 169
122 170
122 171
122 172
122 174
122 175
122 179
123 124
123 130
123 134
123 136
123 137
123 138
123 148
123 151
123 152
123 153
123 155
123 156
123 161
123 165
123 167
123 168
123 172
123 175
123 176
123 177
123 178
124 125
124 128
124 129
124 130
124 131
124 132
124 133
124 140
124 142
124 144
124 145
124 147
124 148
124 149
124 152
124 154
124 158
124 162
124 164
124 170
124 173
124 177
124 178
125 129
125 131
125 132
125 133
125 134
125 135
125 139
125 142
125 143
125 144
125 148
125 151
125 153
125 154
125 155
125 156
125 157
125 158
125 162
125 163
125 168
125 170
125 173
125 175
125 177
125 179
126 128
126 129
126 131
126 133
126 135
126 136
126 137
126 140
126 142
126 143
126 149
126 151
126 152
126 156
126 157
126 161
126 165
126 169
126 172
126 173
126 174
126 176
126 177
126 179
127 128
127 134
127 135
127 139
127 141
127 142
127 143
127 145
127 148
127 150
127 154
127 158
127 159
127 160
127 171
127 177
127 178
127 179
128 133
128 137
128 140
128 142
128 143
128 144
128 148
128 149
128 153
128 155
128 158
128 159
128 161
128 163
128 164
128 168
128 169
128 170
128 172
128 173
129 134
129 137
129 141
129 142
129 144
129 145
129 146
129 147
129 152
129 159
129 161
129 163
129 167
129 175
129 176
130 133
130 138
130 141
130 144
130 147
130 148
130 151
130 154
130 155
130 162
130 163
130 164
130 165
130 167
130 168
130 173
130 175
130 179
131 134
131 139
131 142
131 143
131 145
131 147
131 149
131 151
131 153
131 154
131 156
131 162
131 163
131 168
131 171
131 172
131 173
131 177
131 178
131 179
132 134
132 138
132 140
132 141
132 142
132 143
132 149
132 150
132 151
132 152
132 154
132 157
132 159
132 161
132 163
132 167
132 169
132 170
132 171
132 174
132 175
132 177
132 178
133 134
133 136
133 137
133 138
133 140
133 142
133 144
133 146
133 147
133 149
133 150
133 153
133 156
133 158
133 160
133 161
133 165
133 166
133 167
133 172
133 173
133 174
133 175
133 178
134 136
134 140
134 141
134 143
134 144
134 147
134 150
134 156
134 157
134 159
134 162
134 167
134 168
134 170
134 172
134 178
135 137
135 139
135 141
135 143
135 146
135 147
135 150
135 153
135 156
135 157
135 162
135 163
135 164
135 170
135 172
135 177
135 179
136 137
136 142
136 143
136 144
136 145
136 146
136 149
136 150
136 151
136 155
136 157
136 158
136 161
136 163
136 164
136 165
136 166
136 167
136 172
136 174
136 176
136 179
137 138
137 141
137 143
137 144
137 145
137 146
137 148
137 153
137 154
137 158
137 164
137 165
137 166
137 177
137 178
138 139
138 142
138 143
138 146
138 147
138 150
138 153
138 154
138 155
138 156
138 163
138 169
138 171
138 172
138 174
138 177
138 178
139 140
139 147
139 151
139 152
139 155
139 156
139 157
139 160
139 163
139 167
139 168
139 172
139 173
139 179
140 142
140 143
140 145
140 146
140 147
140 148
140 150
140 153
140 156
140 157
140 160
140 164
140 167
140 169
140 172
140 177
141 142
141 146
141 149
141 152
141 162
141 163
141 164
141 168
141 172
141 173
141 174
141 176
141 177
141 178
141 179
142 143
142 144
142 147
142 149
142 151
142 156
142 157
142 160
142 161
142 164
142 168
142 169
142 170
142 173
142 176
142 177
142 179
143 147
143 149
143 152
143 153
143 155
143 157
143 164
143 172
143 175
143 176
143 179
144 146
144 147
144 148
144 150
144 162
144 165
144 166
144 172
144 173
144 175
144 176
144 177
145 151
145 152
145 154
145 163
145 170
145 172
145 176
146 147
146 154
146 160
146 161
146 163
146 169
146 170
146 172
146 174
146 175
146 178
147 152
147 154
147 155
147 160
147 161
147 165
147 166
147 168
147 169
147 171
147 177
147 178
147 179
148 150
148 152
148 155
148 156
148 157
148 158
148 161
148 162
148 163
148 165
148 167
148 169
148 173
148 174
149 153
149 154
149 156
149 157
149 158
149 160
149 162
149 163
149 164
149 166
149 169
149 170
149 171
149 177
149 178
150 151
150 155
150 157
150 159
150 161
150 168
150 171
150 173
150 176
150 177
151 154
151 157
151 158
151 159
151 161
151 162
151 164
151 171
151 179
152 155
152 156
152 158
152 159
152 162
152 164
152 165
152 166
152 167
152 168
152 169
152 170
152 171
152 172
152 175
152 177
153 154
153 161
153 164
153 169
153 170
153 172
153 174
153 176
154 157
154 158
154 161
154 162
154 163
154 168
154 171
154 174
154 175
154 176
154 179
155 157
155 158
155 163
155 164
155 169
155 170
155 173
156 157
156 162
156 163
156 164
156 167
156 168
156 171
156 172
156 173
156 176
156 177
156 178
157 158
157 163
157 166
157 168
157 173
157 174
157 177
157 179
158 162
158 164
158 165
158 166
158 170
158 172
159 160
159 161
159 162
159 170
159 173
159 175
159 176
159 179
160 163
160 164
160 177
160 178
161 164
161 166
161 175
161 178
162 167
162 168
162 169
162 171
162 172
162 174
162 175
162 176
162 178
162 179
163 165
163 167
163 175
163 177
164 166
164 169
164 170
164 171
164 173
165 166
165 167
165 170
165 171
165 173
165 175
165 176
165 177
165 178
166 170
166 171
166 173
166 174
166 176
166 178
167 170
167 174
167 178
167 179
168 172
168 173
168 175
168 179
169 170
169 171
169 173
169 174
169 175
169 178
170 174
170 176
170 177
170 178
171 175
172 175
172 178
172 179
173 174
173 178
173 179
174 175
174 176
174 177
176 177
177 178
