188
0 1
0 4
0 6
0 7
0 8
0 9
0 10
0 11
0 12
0 15
0 18
0 19
0 21
0 22
0 25
0 26
0 27
0 29
0 30
0 32
0 33
0 34
0 36
0 38
0 40
0 42
0 44
0 46
0 48
0 50
0 51
0 52
0 53
0 54
0 57
0 58
0 59
0 60
0 61
0 66
0 69
0 70
0 71
0 73
0 74
0 78
0 79
0 81
0 82
0 83
0 85
0 86
0 88
0 89
0 90
0 91
0 93
0 94
0 95
0 98
0 100
0 101
0 102
0 104
0 108
0 109
0 110
0 113
0 114
0 117
0 118
0 119
0 123
0 126
0 127
0 129
0 132
0 134
0 136
0 138
0 139
0 140
0 141
0 142
0 143
0 144
0 146
0 149
0 150
0 152
0 154
0 157
0 160
0 164
0 165
0 166
0 167
0 168
0 171
0 172
0 175
0 177
0 178
0 179
0 180
0 183
0 186
0 187
1 2
1 4
1 6
1 8
1 9
1 10
1 12
1 13
1 14
1 15
1 16
1 17
1 19
1 21
1 23
1 24
1 25
1 26
1 28
1 29
1 31
1 32
1 34
1 35
1 36
1 39
1 41
1 43
1 44
1 50
1 52
1 53
1 56
1 58
1 62
1 63
1 66
1 67
1 69
1 71
1 72
1 73
1 74
1 75
1 76
1 77
1 78
1 82
1 83
1 84
1 88
1 89
1 90
1 91
1 92
1 93
1 94
1 95
1 98
1 99
1 100
1 105
1 107
1 110
1 112
1 113
1 117
1 118
1 119
1 120
1 121
1 125
1 128
1 129
1 131
1 133
1 134
1 135
1 136
1 139
1 141
1 143
1 144
1 145
1 147
1 148
1 149
1 152
1 153
1 156
1 159
1 160
1 161
1 163
1 164
1 165
1 167
1 170
1 173
1 175
1 177
1 179
1 180
1 182
1 183
1 184
1 187
2 3
2 4
2 8
2 9
2 10
2 13
2 14
2 18
2 19
2 20
2 22
2 25
2 26
2 28
2 29
2 31
2 32
2 33
2 34
2 35
2 38
2 43
2 44
2 46
2 51
2 52
2 54
2 57
2 61
2 63
2 64
2 68
2 72
2 73
2 74
2 75
2 80
2 81
2 83
2 85
2 88
2 90
2 97
2 98
2 102
2 103
2 104
2 106
2 108
2 110
2 111
2 112
2 113
2 114
2 116
2 117
2 119
2 120
2 122
2 123
2 124
2 127
2 129
2 133
2 134
2 135
2 136
2 137
2 141
2 143
2 144
2 145
2 147
2 148
2 149
2 151
2 152
2 153
2 154
2 155
2 157
2 161
2 162
2 164
2 165
2 166
2 169
2 173
2 174
2 175
2 176
2 177
2 178
2 179
2 180
2 181
2 183
2 185
2 186
2 187
3 5
3 7
3 8
3 9
3 10
3 12
3 13
3 15
3 16
3 17
3 18
3 19
3 21
3 22
3 23
3 24
3 26
3 27
3 29
3 30
3 34
3 35
3 36
3 38
3 39
3 40
3 41
3 43
3 44
3 45
3 46
3 48
3 49
3 52
3 53
3 55
3 56
3 57
3 59
3 61
3 65
3 66
3 67
3 68
3 69
3 70
3 72
3 73
3 76
3 77
3 80
3 81
3 82
3 83
3 84
3 85
3 86
3 87
3 88
3 89
3 90
3 92
3 93
3 94
3 96
3 98
3 99
3 100
3 103
3 109
3 110
3 111
3 112
3 113
3 116
3 118
3 119
3 120
3 122
3 123
3 124
3 125
3 128
3 132
3 133
3 136
3 139
3 141
3 143
3 145
3 146
3 148
3 155
3 156
3 157
3 158
3 162
3 163
3 165
3 166
3 170
3 171
3 175
3 176
3 183
3 184
3 185
4 5
4 8
4 9
4 10
4 11
4 12
4 13
4 14
4 16
4 18
4 19
4 20
4 21
4 23
4 24
4 25
4 26
4 27
4 28
4 31
4 33
4 36
4 39
4 42
4 43
4 45
4 46
4 47
4 49
4 53
4 55
4 56
4 58
4 61
4 64
4 65
4 67
4 68
4 71
4 72
4 74
4 75
4 76
4 77
4 78
4 80
4 82
4 83
4 86
4 87
4 88
4 89
4 90
4 91
4 92
4 93
4 94
4 95
4 98
4 99
4 100
4 104
4 105
4 108
4 110
4 113
4 115
4 116
4 119
4 120
4 121
4 123
4 127
4 130
4 135
4 136
4 139
4 140
4 143
4 149
4 151
4 152
4 153
4 156
4 160
4 163
4 164
4 165
4 166
4 167
4 169
4 170
4 171
4 172
4 173
4 174
4 178
4 179
4 181
4 185
4 186
4 187
5 6
5 7
5 8
5 9
5 10
5 11
5 12
5 14
5 15
5 16
5 18
5 20
5 23
5 24
5 25
5 26
5 29
5 30
5 31
5 33
5 37
5 38
5 39
5 40
5 41
5 42
5 43
5 44
5 45
5 46
5 47
5 48
5 50
5 51
5 54
5 56
5 59
5 60
5 61
5 62
5 63
5 64
5 66
5 68
5 69
5 70
5 71
5 72
5 73
5 74
5 76
5 82
5 83
5 84
5 86
5 87
5 90
5 92
5 94
5 95
5 96
5 99
5 101
5 103
5 107
5 109
5 112
5 114
5 115
5 117
5 118
5 122
5 124
5 125
5 128
5 129
5 131
5 132
5 133
5 134
5 135
5 136
5 137
5 138
5 139
5 140
5 141
5 142
5 143
5 145
5 147
5 149
5 150
5 151
5 153
5 154
5 155
5 157
5 161
5 162
5 165
5 166
5 167
5 168
5 170
5 171
5 173
5 175
5 177
5 181
5 184
5 187
6 7
6 10
6 13
6 14
6 15
6 16
6 17
6 19
6 20
6 21
6 23
6 25
6 26
6 27
6 29
6 31
6 32
6 36
6 37
6 38
6 39
6 40
6 41
6 42
6 43
6 46
6 49
6 50
6 52
6 54
6 55
6 56
6 62
6 64
6 65
6 66
6 67
6 68
6 69
6 71
6 72
6 73
6 74
6 75
6 79
6 80
6 81
6 82
6 83
6 85
6 86
6 88
6 91
6 92
6 94
6 96
6 97
6 100
6 101
6 102
6 103
6 105
6 106
6 107
6 108
6 110
6 111
6 114
6 117
6 119
6 120
6 122
6 124
6 126
6 128
6 129
6 130
6 131
6 132
6 134
6 135
6 137
6 141
6 142
6 144
6 147
6 148
6 150
6 151
6 152
6 153
6 154
6 155
6 159
6 162
6 163
6 165
6 166
6 168
6 171
6 172
6 175
6 177
6 179
6 180
6 181
6 182
6 184
6 185
6 186
7 9
7 10
7 11
7 12
7 13
7 14
7 15
7 16
7 17
7 18
7 19
7 20
7 21
7 22
7 23
7 24
7 25
7 27
7 32
7 34
7 35
7 36
7 37
7 38
7 40
7 41
7 42
7 43
7 44
7 45
7 49
7 50
7 54
7 56
7 57
7 60
7 61
7 63
7 64
7 68
7 69
7 72
7 76
7 78
7 80
7 81
7 82
7 84
7 85
7 86
7 88
7 90
7 92
7 93
7 94
7 97
7 98
7 99
7 102
7 103
7 106
7 107
7 109
7 110
7 111
7 117
7 118
7 119
7 125
7 126
7 127
7 128
7 129
7 130
7 132
7 133
7 136
7 137
7 139
7 142
7 144
7 145
7 150
7 152
7 153
7 155
7 156
7 159
7 160
7 162
7 164
7 165
7 167
7 168
7 171
7 172
7 174
7 175
7 177
7 181
7 182
7 185
8 10
8 11
8 12
8 13
8 14
8 15
8 17
8 19
8 21
8 22
8 23
8 24
8 27
8 28
8 29
8 30
8 31
8 32
8 34
8 35
8 36
8 37
8 38
8 41
8 42
8 44
8 45
8 47
8 48
8 49
8 50
8 51
8 53
8 54
8 57
8 60
8 63
8 64
8 67
8 68
8 69
8 71
8 74
8 75
8 76
8 77
8 80
8 83
8 87
8 89
8 90
8 92
8 93
8 95
8 96
8 97
8 99
8 100
8 101
8 104
8 105
8 106
8 109
8 110
8 111
8 113
8 115
8 121
8 122
8 123
8 124
8 125
8 127
8 128
8 129
8 130
8 132
8 135
8 136
8 141
8 143
8 144
8 147
8 148
8 151
8 152
8 153
8 155
8 158
8 159
8 160
8 161
8 162
8 163
8 164
8 168
8 170
8 173
8 174
8 176
8 179
8 180
8 182
8 183
8 184
9 11
9 13
9 14
9 15
9 16
9 17
9 18
9 21
9 24
9 25
9 26
9 27
9 28
9 29
9 30
9 31
9 32
9 33
9 34
9 35
9 37
9 39
9 40
9 44
9 45
9 46
9 47
9 49
9 53
9 54
9 55
9 58
9 61
9 63
9 64
9 65
9 66
9 67
9 69
9 71
9 72
9 73
9 77
9 78
9 79
9 81
9 83
9 84
9 85
9 86
9 88
9 89
9 90
9 91
9 94
9 97
9 98
9 100
9 102
9 103
9 104
9 105
9 106
9 108
9 110
9 111
9 112
9 113
9 114
9 115
9 117
9 118
9 119
9 122
9 123
9 124
9 126
9 127
9 128
9 129
9 132
9 133
9 138
9 139
9 142
9 143
9 145
9 146
9 147
9 148
9 150
9 152
9 153
9 154
9 155
9 157
9 162
9 163
9 171
9 172
9 173
9 179
9 180
9 181
9 182
9 183
9 187
10 13
10 14
10 15
10 17
10 18
10 19
10 20
10 21
10 23
10 24
10 25
10 29
10 32
10 35
10 36
10 38
10 39
10 41
10 42
10 43
10 44
10 45
10 46
10 47
10 51
10 52
10 53
10 57
10 60
10 62
10 64
10 66
10 68
10 69
10 70
10 71
10 72
10 74
10 77
10 78
10 79
10 80
10 83
10 85
10 87
10 88
10 90
10 94
10 95
10 96
10 97
10 98
10 99
10 100
10 101
10 102
10 104
10 106
10 108
10 110
10 111
10 112
10 116
10 119
10 122
10 123
10 127
10 129
10 131
10 132
10 133
10 135
10 137
10 138
10 140
10 141
10 146
10 147
10 149
10 150
10 152
10 153
10 155
10 156
10 157
10 158
10 160
10 161
10 162
10 164
10 166
10 167
10 173
10 174
10 175
10 176
10 177
10 181
10 182
10 184
10 185
11 13
11 15
11 17
11 19
11 20
11 22
11 23
11 24
11 25
11 27
11 28
11 30
11 33
11 34
11 35
11 36
11 40
11 42
11 43
11 50
11 51
11 52
11 53
11 54
11 55
11 57
11 58
11 61
11 64
11 65
11 68
11 69
11 71
11 72
11 73
11 75
11 77
11 80
11 81
11 82
11 83
11 87
11 88
11 89
11 90
11 91
11 92
11 94
11 95
11 97
11 98
11 100
11 101
11 102
11 103
11 104
11 105
11 106
11 107
11 109
11 110
11 112
11 113
11 114
11 115
11 117
11 118
11 119
11 121
11 122
11 123
11 124
11 125
11 126
11 127
11 128
11 129
11 130
11 131
11 132
11 134
11 135
11 138
11 140
11 141
11 143
11 150
11 151
11 152
11 154
11 155
11 157
11 158
11 160
11 161
11 162
11 165
11 169
11 173
11 177
11 179
11 180
11 183
12 13
12 14
12 16
12 19
12 22
12 25
12 26
12 28
12 29
12 30
12 31
12 32
12 35
12 36
12 37
12 38
12 42
12 43
12 44
12 45
12 47
12 48
12 50
12 51
12 52
12 55
12 56
12 57
12 58
12 59
12 61
12 62
12 66
12 67
12 68
12 69
12 71
12 72
12 73
12 75
12 76
12 77
12 79
12 80
12 81
12 83
12 84
12 87
12 88
12 89
12 92
12 93
12 94
12 97
12 98
12 100
12 102
12 105
12 109
12 110
12 111
12 112
12 113
12 115
12 116
12 117
12 119
12 120
12 121
12 124
12 126
12 128
12 130
12 132
12 133
12 136
12 137
12 138
12 142
12 144
12 146
12 148
12 151
12 155
12 156
12 159
12 161
12 163
12 164
12 166
12 167
12 169
12 170
12 171
12 172
12 175
12 176
12 179
12 181
12 182
12 187
13 16
13 18
13 19
13 25
13 26
13 28
13 30
13 31
13 33
13 34
13 35
13 38
13 39
13 41
13 43
13 46
13 48
13 49
13 51
13 52
13 54
13 55
13 58
13 59
13 60
13 61
13 63
13 64
13 65
13 67
13 69
13 70
13 71
13 72
13 73
13 75
13 78
13 79
13 81
13 84
13 85
13 87
13 89
13 92
13 93
13 94
13 95
13 96
13 102
13 104
13 105
13 107
13 110
13 112
13 113
13 115
13 116
13 117
13 119
13 122
13 124
13 125
13 127
13 128
13 131
13 132
13 133
13 134
13 137
13 138
13 139
13 140
13 142
13 145
13 147
13 148
13 149
13 150
13 151
13 152
13 153
13 155
13 156
13 158
13 160
13 161
13 162
13 165
13 166
13 170
13 174
13 177
13 178
13 180
13 183
13 184
14 15
14 16
14 17
14 20
14 21
14 23
14 24
14 26
14 28
14 33
14 39
14 41
14 42
14 43
14 47
14 48
14 50
14 53
14 55
14 57
14 58
14 59
14 61
14 62
14 63
14 66
14 69
14 71
14 72
14 73
14 75
14 77
14 78
14 80
14 82
14 83
14 85
14 87
14 95
14 96
14 97
14 100
14 101
14 103
14 104
14 105
14 108
14 110
14 114
14 115
14 118
14 120
14 121
14 123
14 125
14 126
14 127
14 130
14 133
14 134
14 135
14 140
14 144
14 146
14 147
14 148
14 149
14 153
14 154
14 155
14 158
14 162
14 163
14 164
14 165
14 168
14 169
14 170
14 171
14 173
14 177
14 178
14 179
14 180
14 184
14 185
15 16
15 17
15 18
15 21
15 22
15 23
15 24
15 25
15 26
15 27
15 30
15 31
15 35
15 36
15 38
15 40
15 43
15 45
15 46
15 47
15 49
15 50
15 51
15 52
15 53
15 55
15 56
15 60
15 62
15 63
15 64
15 65
15 67
15 68
15 72
15 73
15 74
15 77
15 79
15 81
15 87
15 88
15 89
15 90
15 91
15 92
15 93
15 95
15 96
15 99
15 101
15 102
15 106
15 108
15 110
15 111
15 113
15 114
15 116
15 119
15 120
15 121
15 122
15 123
15 124
15 125
15 128
15 129
15 131
15 132
15 134
15 135
15 138
15 140
15 144
15 146
15 147
15 148
15 149
15 150
15 155
15 159
15 160
15 161
15 163
15 164
15 166
15 167
15 170
15 171
15 172
15 173
15 176
15 178
15 179
15 180
15 182
15 183
16 18
16 19
16 20
16 22
16 23
16 24
16 25
16 26
16 28
16 29
16 30
16 31
16 33
16 34
16 35
16 36
16 37
16 39
16 40
16 41
16 42
16 47
16 49
16 50
16 51
16 52
16 53
16 55
16 57
16 58
16 60
16 61
16 62
16 63
16 64
16 65
16 66
16 67
16 68
16 70
16 71
16 72
16 73
16 74
16 75
16 76
16 77
16 78
16 79
16 81
16 83
16 85
16 86
16 87
16 88
16 90
16 93
16 95
16 97
16 99
16 100
16 101
16 102
16 104
16 105
16 106
16 107
16 109
16 110
16 111
16 112
16 114
16 117
16 118
16 119
16 120
16 122
16 128
16 132
16 133
16 134
16 137
16 144
16 145
16 146
16 149
16 151
16 152
16 155
16 157
16 158
16 159
16 160
16 161
16 164
16 165
16 168
16 172
16 173
16 174
16 177
16 178
16 181
16 182
16 184
16 185
16 186
17 18
17 19
17 20
17 22
17 23
17 24
17 25
17 26
17 27
17 28
17 29
17 30
17 32
17 34
17 35
17 36
17 38
17 41
17 42
17 43
17 45
17 49
17 50
17 52
17 53
17 56
17 59
17 61
17 62
17 63
17 65
17 66
17 69
17 70
17 73
17 76
17 77
17 79
17 84
17 85
17 86
17 87
17 88
17 90
17 94
17 98
17 101
17 103
17 104
17 105
17 106
17 108
17 111
17 112
17 113
17 114
17 116
17 117
17 118
17 120
17 121
17 122
17 124
17 125
17 126
17 127
17 128
17 130
17 131
17 133
17 137
17 138
17 139
17 142
17 144
17 147
17 148
17 150
17 152
17 153
17 154
17 155
17 156
17 157
17 158
17 163
17 166
17 167
17 170
17 171
17 172
17 178
17 181
17 182
17 183
17 184
17 187
18 20
18 21
18 22
18 25
18 27
18 29
18 30
18 32
18 33
18 35
18 36
18 37
18 38
18 39
18 42
18 43
18 45
18 46
18 49
18 51
18 52
18 53
18 54
18 58
18 59
18 60
18 61
18 62
18 65
18 66
18 67
18 68
18 69
18 70
18 71
18 74
18 75
18 78
18 81
18 82
18 83
18 84
18 85
18 86
18 90
18 91
18 94
18 95
18 96
18 97
18 98
18 99
18 101
18 102
18 104
18 105
18 106
18 109
18 110
18 111
18 115
18 116
18 117
18 118
18 119
18 120
18 121
18 122
18 123
18 125
18 126
18 127
18 130
18 133
18 134
18 137
18 138
18 140
18 141
18 144
18 145
18 147
18 150
18 151
18 152
18 153
18 156
18 159
18 162
18 163
18 170
18 172
18 173
18 174
18 178
18 179
18 180
18 181
18 182
18 185
18 187
19 20
19 21
19 22
19 23
19 26
19 31
19 34
19 35
19 38
19 39
19 41
19 42
19 43
19 45
19 46
19 47
19 49
19 51
19 52
19 53
19 55
19 57
19 59
19 60
19 61
19 63
19 64
19 65
19 66
19 67
19 69
19 70
19 71
19 76
19 77
19 79
19 80
19 82
19 84
19 85
19 88
19 89
19 91
19 92
19 93
19 94
19 95
19 96
19 98
19 99
19 101
19 102
19 105
19 106
19 107
19 108
19 113
19 116
19 118
19 119
19 120
19 121
19 122
19 123
19 124
19 125
19 126
19 128
19 130
19 131
19 132
19 133
19 135
19 136
19 139
19 140
19 141
19 143
19 146
19 147
19 148
19 150
19 161
19 162
19 163
19 168
19 171
19 173
19 174
19 180
19 182
19 183
19 184
19 186
20 21
20 24
20 27
20 30
20 32
20 34
20 36
20 37
20 38
20 40
20 41
20 43
20 44
20 46
20 47
20 48
20 49
20 50
20 51
20 53
20 54
20 56
20 57
20 59
20 60
20 61
20 63
20 64
20 66
20 68
20 69
20 71
20 72
20 73
20 74
20 76
20 79
20 81
20 84
20 85
20 86
20 89
20 91
20 93
20 94
20 95
20 97
20 98
20 99
20 100
20 101
20 102
20 103
20 104
20 107
20 108
20 110
20 111
20 113
20 114
20 116
20 120
20 123
20 124
20 128
20 130
20 131
20 134
20 137
20 140
20 141
20 143
20 144
20 146
20 147
20 149
20 150
20 151
20 152
20 154
20 155
20 158
20 159
20 160
20 162
20 166
20 168
20 169
20 170
20 174
20 175
20 176
20 180
20 181
20 182
20 184
20 186
20 187
21 24
21 25
21 26
21 27
21 28
21 29
21 30
21 31
21 33
21 34
21 35
21 36
21 41
21 44
21 46
21 47
21 48
21 49
21 50
21 52
21 54
21 55
21 56
21 58
21 59
21 60
21 63
21 65
21 66
21 67
21 69
21 70
21 72
21 73
21 76
21 78
21 81
21 84
21 86
21 88
21 89
21 91
21 93
21 96
21 101
21 106
21 107
21 108
21 110
21 113
21 116
21 118
21 119
21 124
21 129
21 130
21 132
21 134
21 135
21 136
21 137
21 139
21 140
21 142
21 143
21 144
21 146
21 147
21 148
21 151
21 152
21 158
21 160
21 161
21 162
21 163
21 168
21 170
21 172
21 177
21 178
21 182
21 184
21 186
21 187
22 24
22 25
22 27
22 29
22 31
22 32
22 33
22 36
22 37
22 38
22 42
22 43
22 47
22 48
22 51
22 52
22 53
22 54
22 55
22 56
22 57
22 58
22 59
22 61
22 62
22 64
22 65
22 67
22 68
22 70
22 73
22 74
22 80
22 81
22 82
22 83
22 84
22 86
22 87
22 89
22 91
22 92
22 93
22 95
22 97
22 100
22 101
22 102
22 103
22 105
22 112
22 114
22 117
22 118
22 120
22 124
22 125
22 126
22 129
22 130
22 131
22 135
22 136
22 137
22 139
22 141
22 146
22 147
22 148
22 149
22 150
22 152
22 153
22 156
22 159
22 162
22 166
22 167
22 168
22 169
22 171
22 172
22 174
22 175
22 181
22 182
22 184
22 185
22 186
22 187
23 24
23 25
23 26
23 27
23 28
23 29
23 32
23 34
23 36
23 38
23 39
23 40
23 44
23 45
23 46
23 47
23 48
23 50
23 51
23 52
23 53
23 55
23 56
23 57
23 59
23 60
23 62
23 63
23 64
23 65
23 66
23 70
23 73
23 74
23 77
23 79
23 80
23 81
23 87
23 88
23 90
23 94
23 95
23 97
23 99
23 100
23 102
23 106
23 108
23 109
23 110
23 114
23 118
23 120
23 121
23 122
23 124
23 125
23 128
23 129
23 132
23 133
23 134
23 138
23 140
23 141
23 142
23 143
23 144
23 148
23 151
23 155
23 156
23 157
23 159
23 160
23 162
23 164
23 165
23 166
23 167
23 169
23 173
23 174
23 176
23 177
23 178
23 179
23 180
23 181
23 182
23 183
23 184
23 185
24 25
24 27
24 28
24 31
24 32
24 33
24 35
24 37
24 38
24 39
24 40
24 42
24 43
24 46
24 47
24 49
24 50
24 52
24 54
24 58
24 60
24 61
24 62
24 65
24 66
24 67
24 68
24 69
24 70
24 71
24 72
24 75
24 76
24 79
24 80
24 83
24 84
24 85
24 88
24 89
24 90
24 91
24 92
24 93
24 97
24 99
24 101
24 102
24 104
24 106
24 108
24 112
24 113
24 116
24 117
24 118
24 119
24 120
24 121
24 122
24 123
24 124
24 125
24 126
24 127
24 128
24 130
24 132
24 134
24 136
24 137
24 139
24 140
24 143
24 145
24 147
24 149
24 150
24 151
24 153
24 154
24 161
24 162
24 164
24 167
24 170
24 173
24 174
24 178
24 182
24 184
24 185
24 187
25 28
25 29
25 30
25 32
25 34
25 35
25 38
25 40
25 41
25 42
25 43
25 45
25 46
25 47
25 48
25 50
25 51
25 59
25 60
25 64
25 66
25 68
25 69
25 70
25 74
25 75
25 77
25 78
25 81
25 82
25 83
25 86
25 87
25 94
25 95
25 97
25 98
25 99
25 100
25 102
25 104
25 108
25 110
25 115
25 116
25 117
25 119
25 120
25 123
25 124
25 126
25 128
25 130
25 131
25 132
25 133
25 134
25 140
25 142
25 144
25 153
25 156
25 159
25 161
25 164
25 166
25 167
25 168
25 169
25 170
25 171
25 172
25 173
25 175
25 176
25 177
25 178
25 179
25 180
25 182
25 186
26 27
26 28
26 30
26 32
26 33
26 35
26 37
26 38
26 40
26 41
26 42
26 45
26 47
26 49
26 51
26 52
26 53
26 55
26 56
26 59
26 62
26 63
26 64
26 65
26 66
26 67
26 69
26 70
26 71
26 73
26 74
26 77
26 79
26 80
26 81
26 83
26 84
26 85
26 88
26 89
26 90
26 91
26 93
26 94
26 97
26 98
26 99
26 100
26 101
26 103
26 104
26 109
26 110
26 111
26 116
26 117
26 123
26 127
26 128
26 129
26 131
26 132
26 133
26 135
26 136
26 138
26 139
26 141
26 142
26 144
26 145
26 146
26 147
26 149
26 152
26 153
26 157
26 158
26 159
26 161
26 165
26 169
26 177
26 180
26 185
26 187
27 28
27 29
27 30
27 31
27 33
27 38
27 40
27 41
27 46
27 47
27 49
27 50
27 51
27 56
27 58
27 60
27 64
27 65
27 66
27 68
27 69
27 70
27 71
27 75
27 76
27 77
27 79
27 82
27 86
27 89
27 91
27 92
27 96
27 97
27 98
27 99
27 103
27 104
27 105
27 107
27 109
27 110
27 111
27 113
27 117
27 118
27 120
27 121
27 122
27 125
27 127
27 129
27 130
27 131
27 132
27 135
27 136
27 140
27 142
27 145
27 146
27 148
27 151
27 153
27 154
27 155
27 159
27 160
27 163
27 164
27 166
27 168
27 169
27 171
27 172
27 173
27 175
27 176
27 177
27 178
27 180
27 181
27 185
27 187
28 31
28 33
28 36
28 37
28 38
28 41
28 42
28 43
28 46
28 49
28 50
28 52
28 53
28 54
28 56
28 57
28 59
28 60
28 62
28 65
28 68
28 69
28 72
28 74
28 76
28 77
28 78
28 79
28 80
28 81
28 82
28 83
28 84
28 86
28 88
28 89
28 91
28 94
28 99
28 102
28 103
28 104
28 106
28 110
28 111
28 112
28 113
28 115
28 117
28 118
28 119
28 121
28 122
28 127
28 134
28 137
28 138
28 146
28 147
28 149
28 150
28 152
28 153
28 155
28 156
28 158
28 160
28 161
28 162
28 164
28 165
28 168
28 169
28 171
28 173
28 175
28 180
28 181
28 182
28 186
28 187
29 30
29 31
29 35
29 36
29 37
29 41
29 44
29 45
29 46
29 47
29 48
29 49
29 52
29 53
29 54
29 57
29 58
29 59
29 62
29 63
29 64
29 65
29 66
29 68
29 69
29 70
29 72
29 78
29 81
29 83
29 84
29 85
29 86
29 87
29 90
29 92
29 93
29 95
29 96
29 103
29 106
29 107
29 108
29 109
29 110
29 111
29 112
29 115
29 118
29 119
29 121
29 122
29 124
29 126
29 128
29 131
29 133
29 134
29 136
29 137
29 140
29 142
29 143
29 144
29 146
29 148
29 149
29 156
29 157
29 159
29 162
29 164
29 165
29 166
29 170
29 171
29 172
29 175
29 178
29 179
29 185
29 186
29 187
30 33
30 34
30 35
30 36
30 37
30 38
30 39
30 40
30 42
30 43
30 45
30 47
30 48
30 49
30 51
30 53
30 54
30 55
30 56
30 57
30 58
30 63
30 64
30 67
30 70
30 71
30 73
30 75
30 81
30 84
30 86
30 87
30 89
30 90
30 91
30 93
30 95
30 96
30 98
30 103
30 104
30 107
30 110
30 113
30 114
30 115
30 117
30 121
30 123
30 124
30 125
30 128
30 130
30 131
30 133
30 135
30 138
30 139
30 141
30 142
30 143
30 146
30 147
30 150
30 156
30 159
30 161
30 162
30 163
30 166
30 169
30 171
30 176
30 179
30 180
30 181
30 182
30 183
30 184
30 186
31 32
31 33
31 34
31 35
31 36
31 37
31 40
31 41
31 42
31 44
31 45
31 47
31 49
31 54
31 57
31 58
31 59
31 60
31 62
31 65
31 67
31 74
31 75
31 77
31 78
31 80
31 84
31 86
31 87
31 88
31 89
31 91
31 92
31 96
31 97
31 99
31 101
31 102
31 103
31 104
31 106
31 107
31 110
31 111
31 112
31 114
31 118
31 120
31 124
31 131
31 133
31 134
31 138
31 139
31 141
31 146
31 147
31 148
31 149
31 153
31 155
31 156
31 157
31 159
31 161
31 162
31 163
31 164
31 165
31 166
31 167
31 168
31 176
31 178
31 179
31 180
31 181
31 185
31 186
31 187
32 35
32 36
32 37
32 38
32 41
32 43
32 45
32 46
32 47
32 49
32 51
32 52
32 55
32 56
32 57
32 62
32 65
32 66
32 67
32 68
32 72
32 74
32 75
32 76
32 78
32 79
32 80
32 82
32 83
32 84
32 89
32 90
32 93
32 94
32 96
32 101
32 102
32 105
32 106
32 107
32 108
32 109
32 110
32 113
32 115
32 116
32 118
32 119
32 120
32 121
32 125
32 127
32 129
32 130
32 131
32 132
32 135
32 136
32 137
32 140
32 141
32 142
32 143
32 148
32 149
32 151
32 152
32 153
32 154
32 155
32 157
32 161
32 162
32 165
32 167
32 170
32 173
32 175
32 176
32 177
32 180
32 181
32 182
32 183
32 185
32 187
33 34
33 35
33 36
33 37
33 38
33 41
33 42
33 44
33 48
33 49
33 51
33 54
33 57
33 58
33 59
33 62
33 63
33 64
33 67
33 69
33 70
33 72
33 73
33 76
33 77
33 78
33 79
33 83
33 84
33 85
33 86
33 88
33 90
33 92
33 94
33 95
33 96
33 97
33 101
33 102
33 104
33 105
33 108
33 110
33 111
33 113
33 114
33 115
33 118
33 119
33 120
33 122
33 124
33 125
33 129
33 130
33 131
33 133
33 134
33 136
33 137
33 138
33 139
33 141
33 147
33 148
33 149
33 152
33 153
33 156
33 157
33 159
33 160
33 161
33 162
33 164
33 166
33 174
33 176
33 177
33 178
33 180
33 181
33 182
33 185
33 186
34 35
34 36
34 37
34 39
34 41
34 42
34 45
34 46
34 49
34 54
34 60
34 61
34 63
34 65
34 66
34 67
34 68
34 69
34 70
34 78
34 81
34 84
34 85
34 88
34 90
34 91
34 94
34 95
34 98
34 101
34 105
34 107
34 109
34 110
34 111
34 112
34 113
34 114
34 116
34 119
34 123
34 128
34 130
34 132
34 135
34 138
34 140
34 141
34 142
34 143
34 147
34 149
34 150
34 152
34 155
34 160
34 161
34 162
34 163
34 165
34 166
34 167
34 168
34 169
34 170
34 171
34 172
34 173
34 174
34 177
34 178
34 179
34 181
34 184
34 186
34 187
35 36
35 37
35 40
35 43
35 46
35 49
35 50
35 51
35 52
35 53
35 54
35 56
35 57
35 59
35 60
35 65
35 67
35 69
35 72
35 76
35 78
35 79
35 83
35 88
35 92
35 93
35 96
35 99
35 100
35 101
35 102
35 103
35 104
35 106
35 107
35 109
35 111
35 113
35 114
35 115
35 117
35 121
35 126
35 127
35 128
35 130
35 131
35 133
35 136
35 139
35 140
35 141
35 142
35 143
35 145
35 146
35 147
35 150
35 151
35 153
35 154
35 155
35 157
35 158
35 159
35 161
35 162
35 163
35 165
35 167
35 173
35 175
35 176
35 177
35 178
35 182
35 184
35 185
35 186
35 187
36 37
36 40
36 42
36 43
36 44
36 46
36 48
36 49
36 50
36 51
36 52
36 54
36 58
36 60
36 61
36 65
36 66
36 67
36 69
36 71
36 74
36 77
36 78
36 80
36 84
36 85
36 86
36 88
36 89
36 90
36 93
36 98
36 99
36 100
36 103
36 104
36 107
36 108
36 109
36 110
36 111
36 112
36 113
36 114
36 119
36 121
36 124
36 125
36 126
36 129
36 131
36 133
36 136
36 138
36 139
36 140
36 143
36 146
36 151
36 153
36 154
36 155
36 156
36 158
36 163
36 167
36 171
36 173
36 175
36 178
36 182
36 183
36 185
36 186
37 39
37 40
37 41
37 42
37 45
37 50
37 51
37 53
37 54
37 57
37 58
37 59
37 60
37 61
37 62
37 64
37 65
37 66
37 67
37 70
37 72
37 73
37 75
37 76
37 79
37 80
37 81
37 82
37 87
37 89
37 93
37 94
37 96
37 97
37 98
37 99
37 100
37 101
37 102
37 105
37 106
37 107
37 108
37 110
37 111
37 112
37 113
37 114
37 116
37 117
37 119
37 124
37 128
37 130
37 131
37 133
37 135
37 136
37 141
37 142
37 143
37 146
37 147
37 148
37 150
37 154
37 155
37 157
37 158
37 163
37 164
37 169
37 172
37 173
37 174
37 176
37 177
37 178
37 179
37 181
37 183
38 40
38 41
38 42
38 43
38 44
38 45
38 48
38 51
38 52
38 54
38 55
38 57
38 59
38 61
38 63
38 64
38 65
38 66
38 67
38 68
38 69
38 70
38 71
38 73
38 79
38 81
38 82
38 83
38 85
38 88
38 89
38 91
38 92
38 93
38 94
38 96
38 97
38 98
38 99
38 101
38 103
38 104
38 106
38 107
38 111
38 112
38 114
38 115
38 117
38 125
38 127
38 128
38 129
38 137
38 142
38 143
38 147
38 148
38 149
38 150
38 151
38 153
38 154
38 156
38 159
38 161
38 163
38 166
38 169
38 170
38 174
38 182
38 183
38 185
38 187
39 40
39 43
39 46
39 49
39 50
39 51
39 52
39 53
39 54
39 55
39 58
39 59
39 60
39 61
39 62
39 64
39 65
39 66
39 67
39 68
39 70
39 72
39 74
39 75
39 76
39 77
39 79
39 81
39 82
39 84
39 87
39 89
39 90
39 92
39 93
39 94
39 95
39 96
39 97
39 100
39 102
39 103
39 106
39 108
39 109
39 113
39 114
39 115
39 116
39 117
39 118
39 119
39 128
39 130
39 131
39 132
39 134
39 135
39 141
39 142
39 144
39 145
39 146
39 147
39 148
39 151
39 152
39 154
39 156
39 157
39 159
39 160
39 161
39 162
39 163
39 164
39 165
39 168
39 170
39 172
39 175
39 176
39 179
39 183
40 41
40 42
40 45
40 46
40 48
40 49
40 50
40 51
40 52
40 56
40 59
40 61
40 63
40 65
40 68
40 69
40 70
40 71
40 72
40 73
40 75
40 76
40 77
40 78
40 79
40 80
40 81
40 82
40 83
40 84
40 92
40 94
40 95
40 96
40 97
40 99
40 102
40 104
40 105
40 107
40 109
40 110
40 111
40 112
40 113
40 114
40 117
40 120
40 121
40 122
40 125
40 130
40 131
40 135
40 136
40 137
40 138
40 139
40 141
40 148
40 149
40 152
40 156
40 159
40 161
40 163
40 166
40 173
40 176
40 178
40 179
40 181
40 183
40 186
41 44
41 45
41 46
41 47
41 49
41 50
41 53
41 54
41 56
41 57
41 58
41 60
41 61
41 65
41 67
41 71
41 74
41 77
41 78
41 80
41 81
41 83
41 84
41 85
41 87
41 90
41 93
41 95
41 96
41 97
41 98
41 100
41 106
41 107
41 108
41 109
41 110
41 111
41 112
41 113
41 114
41 116
41 117
41 119
41 120
41 121
41 126
41 128
41 129
41 130
41 134
41 135
41 136
41 137
41 138
41 141
41 143
41 144
41 146
41 148
41 149
41 151
41 153
41 155
41 157
41 159
41 161
41 165
41 170
41 171
41 173
41 175
41 176
41 177
41 178
41 180
41 181
41 183
41 184
41 186
41 187
42 49
42 51
42 52
42 57
42 58
42 59
42 60
42 63
42 65
42 68
42 69
42 70
42 75
42 76
42 77
42 83
42 84
42 85
42 87
42 88
42 90
42 91
42 92
42 93
42 94
42 96
42 97
42 100
42 103
42 106
42 108
42 109
42 111
42 115
42 118
42 119
42 120
42 123
42 127
42 131
42 132
42 134
42 135
42 137
42 138
42 141
42 143
42 148
42 149
42 150
42 151
42 154
42 156
42 157
42 158
42 159
42 161
42 162
42 164
42 167
42 172
42 179
42 181
42 182
42 184
42 186
43 45
43 47
43 51
43 52
43 56
43 60
43 62
43 63
43 64
43 66
43 68
43 69
43 70
43 72
43 73
43 75
43 77
43 78
43 80
43 82
43 85
43 86
43 89
43 90
43 91
43 92
43 93
43 96
43 98
43 99
43 102
43 103
43 104
43 106
43 107
43 113
43 120
43 121
43 123
43 124
43 125
43 127
43 130
43 132
43 133
43 134
43 136
43 137
43 139
43 140
43 142
43 143
43 144
43 148
43 149
43 150
43 152
43 154
43 157
43 159
43 160
43 162
43 164
43 167
43 168
43 169
43 172
43 174
43 175
43 176
43 178
43 179
43 181
43 182
43 184
43 185
44 45
44 46
44 53
44 55
44 56
44 57
44 63
44 65
44 67
44 71
44 72
44 74
44 76
44 77
44 78
44 79
44 80
44 81
44 82
44 83
44 84
44 85
44 86
44 89
44 90
44 92
44 95
44 96
44 98
44 99
44 101
44 102
44 104
44 105
44 107
44 108
44 111
44 112
44 113
44 114
44 116
44 117
44 119
44 120
44 122
44 123
44 126
44 130
44 131
44 133
44 134
44 138
44 140
44 141
44 142
44 143
44 147
44 148
44 149
44 151
44 152
44 153
44 154
44 156
44 157
44 158
44 162
44 163
44 164
44 165
44 168
44 171
44 176
44 177
44 179
44 181
44 182
44 183
44 186
44 187
45 46
45 48
45 49
45 50
45 52
45 53
45 54
45 57
45 59
45 60
45 61
45 62
45 63
45 64
45 68
45 69
45 72
45 73
45 74
45 76
45 77
45 79
45 80
45 81
45 82
45 85
45 86
45 87
45 89
45 90
45 91
45 94
45 95
45 96
45 97
45 98
45 99
45 100
45 103
45 104
45 105
45 106
45 109
45 110
45 111
45 114
45 115
45 116
45 118
45 120
45 122
45 126
45 127
45 128
45 129
45 130
45 134
45 137
45 141
45 143
45 146
45 147
45 148
45 149
45 152
45 154
45 158
45 161
45 163
45 165
45 166
45 167
45 168
45 170
45 174
45 175
45 176
45 179
45 180
45 182
45 183
45 184
46 49
46 52
46 53
46 54
46 58
46 60
46 62
46 63
46 65
46 67
46 69
46 70
46 71
46 75
46 77
46 78
46 80
46 81
46 83
46 86
46 88
46 91
46 93
46 94
46 96
46 98
46 99
46 100
46 104
46 107
46 108
46 111
46 112
46 114
46 116
46 117
46 118
46 119
46 120
46 123
46 124
46 125
46 128
46 129
46 130
46 131
46 132
46 133
46 136
46 140
46 143
46 144
46 145
46 146
46 149
46 151
46 153
46 154
46 162
46 163
46 164
46 165
46 166
46 170
46 173
46 175
46 178
46 182
46 184
46 187
47 49
47 50
47 51
47 52
47 53
47 54
47 56
47 57
47 59
47 60
47 64
47 66
47 69
47 71
47 72
47 74
47 75
47 77
47 79
47 81
47 82
47 83
47 86
47 87
47 88
47 89
47 90
47 91
47 94
47 96
47 97
47 98
47 99
47 100
47 101
47 102
47 105
47 107
47 111
47 112
47 113
47 116
47 117
47 119
47 123
47 124
47 125
47 126
47 127
47 128
47 129
47 131
47 132
47 134
47 135
47 136
47 143
47 149
47 150
47 157
47 159
47 162
47 164
47 167
47 168
47 169
47 170
47 174
47 175
47 176
47 178
47 181
47 184
47 185
48 51
48 52
48 54
48 55
48 57
48 58
48 61
48 62
48 64
48 66
48 70
48 72
48 73
48 74
48 76
48 77
48 79
48 81
48 82
48 83
48 86
48 87
48 88
48 91
48 94
48 95
48 97
48 98
48 101
48 103
48 105
48 107
48 109
48 115
48 118
48 119
48 121
48 122
48 123
48 124
48 126
48 130
48 131
48 132
48 133
48 135
48 136
48 137
48 138
48 140
48 143
48 144
48 147
48 149
48 151
48 152
48 155
48 156
48 157
48 159
48 160
48 163
48 164
48 165
48 167
48 168
48 170
48 171
48 172
48 173
48 174
48 176
48 178
48 179
48 186
49 50
49 51
49 55
49 56
49 57
49 58
49 60
49 61
49 62
49 63
49 64
49 65
49 66
49 67
49 68
49 69
49 70
49 72
49 74
49 75
49 77
49 78
49 79
49 82
49 86
49 88
49 91
49 94
49 96
49 98
49 99
49 102
49 104
49 107
49 108
49 112
49 116
49 118
49 119
49 120
49 121
49 122
49 123
49 126
49 128
49 131
49 136
49 138
49 140
49 141
49 145
49 146
49 149
49 152
49 154
49 158
49 160
49 162
49 163
49 165
49 168
49 169
49 171
49 175
49 179
49 182
49 186
49 187
50 51
50 53
50 54
50 58
50 60
50 61
50 62
50 63
50 64
50 65
50 68
50 69
50 70
50 71
50 73
50 74
50 75
50 76
50 79
50 80
50 81
50 82
50 83
50 86
50 89
50 91
50 92
50 95
50 99
50 104
50 105
50 106
50 108
50 112
50 115
50 117
50 119
50 120
50 121
50 123
50 124
50 126
50 127
50 128
50 129
50 130
50 131
50 135
50 140
50 141
50 144
50 145
50 146
50 148
50 149
50 151
50 152
50 154
50 155
50 160
50 161
50 168
50 170
50 174
50 176
50 177
50 180
50 181
50 182
50 184
50 186
51 52
51 55
51 60
51 61
51 62
51 64
51 68
51 69
51 70
51 74
51 75
51 76
51 77
51 78
51 79
51 80
51 82
51 84
51 85
51 87
51 88
51 90
51 91
51 93
51 94
51 96
51 98
51 99
51 100
51 103
51 104
51 106
51 107
51 108
51 109
51 110
51 111
51 113
51 117
51 119
51 120
51 122
51 123
51 126
51 127
51 129
51 130
51 133
51 136
51 137
51 139
51 142
51 145
51 154
51 155
51 156
51 158
51 161
51 162
51 163
51 164
51 165
51 166
51 168
51 169
51 174
51 179
51 181
51 185
51 186
52 54
52 55
52 57
52 58
52 59
52 60
52 61
52 62
52 63
52 64
52 65
52 68
52 69
52 70
52 74
52 75
52 76
52 77
52 79
52 81
52 82
52 83
52 84
52 85
52 88
52 90
52 92
52 93
52 94
52 97
52 98
52 99
52 100
52 105
52 112
52 113
52 114
52 116
52 118
52 119
52 123
52 126
52 128
52 130
52 135
52 137
52 138
52 139
52 140
52 141
52 144
52 145
52 147
52 148
52 152
52 154
52 155
52 158
52 162
52 163
52 168
52 170
52 172
52 174
53 54
53 55
53 56
53 57
53 59
53 60
53 62
53 63
53 65
53 67
53 70
53 71
53 72
53 78
53 80
53 83
53 85
53 86
53 91
53 93
53 94
53 95
53 96
53 97
53 98
53 99
53 101
53 102
53 104
53 106
53 111
53 113
53 114
53 115
53 116
53 123
53 127
53 128
53 130
53 131
53 133
53 134
53 136
53 137
53 138
53 139
53 140
53 141
53 142
53 143
53 145
53 146
53 147
53 151
53 152
53 153
53 154
53 157
53 158
53 162
53 163
53 164
53 166
53 167
53 169
53 172
53 173
53 174
53 177
53 179
53 180
53 183
53 184
53 185
54 55
54 56
54 57
54 58
54 59
54 60
54 63
54 64
54 68
54 69
54 70
54 72
54 73
54 74
54 77
54 80
54 84
54 85
54 86
54 87
54 88
54 90
54 91
54 92
54 96
54 97
54 100
54 101
54 102
54 103
54 104
54 106
54 107
54 108
54 109
54 111
54 112
54 114
54 115
54 117
54 118
54 119
54 120
54 121
54 123
54 125
54 129
54 130
54 134
54 136
54 137
54 138
54 141
54 147
54 149
54 152
54 158
54 162
54 163
54 164
54 166
54 168
54 169
54 170
54 171
54 176
54 179
54 183
54 184
54 185
54 186
54 187
55 56
55 57
55 59
55 60
55 63
55 67
55 68
55 70
55 71
55 72
55 73
55 74
55 75
55 77
55 78
55 80
55 81
55 82
55 84
55 85
55 86
55 87
55 88
55 90
55 93
55 94
55 97
55 98
55 101
55 102
55 103
55 105
55 106
55 108
55 109
55 113
55 114
55 115
55 123
55 124
55 126
55 127
55 128
55 129
55 131
55 132
55 133
55 136
55 137
55 138
55 140
55 142
55 144
55 147
55 148
55 152
55 156
55 157
55 159
55 160
55 164
55 167
55 168
55 169
55 170
55 172
55 173
55 175
55 178
55 179
55 180
55 181
55 186
55 187
56 57
56 59
56 61
56 63
56 64
56 65
56 67
56 68
56 69
56 70
56 72
56 73
56 74
56 77
56 78
56 79
56 80
56 81
56 82
56 83
56 87
56 88
56 89
56 90
56 94
56 95
56 100
56 101
56 102
56 104
56 108
56 109
56 114
56 115
56 118
56 121
56 122
56 125
56 128
56 129
56 134
56 135
56 139
56 140
56 145
56 146
56 147
56 149
56 150
56 151
56 152
56 153
56 154
56 155
56 156
56 158
56 159
56 160
56 161
56 164
56 167
56 169
56 171
56 174
56 175
56 178
56 180
56 181
56 184
56 186
57 60
57 62
57 66
57 67
57 68
57 69
57 71
57 72
57 73
57 74
57 78
57 79
57 81
57 82
57 84
57 86
57 88
57 90
57 92
57 93
57 95
57 96
57 101
57 103
57 105
57 111
57 113
57 117
57 118
57 119
57 120
57 121
57 122
57 124
57 128
57 129
57 131
57 136
57 137
57 138
57 141
57 142
57 143
57 146
57 147
57 149
57 152
57 154
57 155
57 157
57 158
57 160
57 163
57 165
57 167
57 170
57 172
57 173
57 174
57 175
57 180
57 183
57 187
58 59
58 60
58 61
58 63
58 70
58 71
58 72
58 74
58 78
58 79
58 81
58 82
58 83
58 85
58 87
58 88
58 90
58 93
58 95
58 96
58 97
58 99
58 102
58 105
58 111
58 112
58 113
58 114
58 115
58 120
58 123
58 125
58 126
58 127
58 128
58 129
58 133
58 136
58 140
58 144
58 146
58 147
58 151
58 152
58 153
58 154
58 155
58 156
58 160
58 161
58 164
58 165
58 168
58 172
58 174
58 175
58 176
58 177
58 178
58 179
58 180
58 182
58 184
58 186
59 61
59 63
59 64
59 67
59 70
59 72
59 73
59 75
59 77
59 78
59 79
59 80
59 81
59 84
59 85
59 86
59 87
59 88
59 89
59 90
59 92
59 93
59 96
59 100
59 103
59 105
59 106
59 107
59 108
59 109
59 111
59 115
59 116
59 119
59 120
59 121
59 126
59 129
59 132
59 133
59 134
59 135
59 136
59 137
59 141
59 144
59 149
59 150
59 152
59 154
59 155
59 156
59 157
59 159
59 161
59 166
59 169
59 171
59 173
59 176
59 177
59 180
59 181
59 184
59 186
60 61
60 62
60 71
60 73
60 75
60 78
60 81
60 82
60 83
60 84
60 85
60 89
60 91
60 92
60 93
60 94
60 97
60 99
60 101
60 105
60 108
60 109
60 110
60 111
60 112
60 114
60 116
60 119
60 122
60 124
60 125
60 126
60 127
60 130
60 134
60 137
60 139
60 140
60 143
60 147
60 150
60 151
60 152
60 158
60 160
60 163
60 164
60 170
60 173
60 174
60 175
60 176
60 178
60 179
60 180
60 181
60 182
60 184
60 187
61 62
61 63
61 64
61 67
61 68
61 70
61 73
61 74
61 78
61 79
61 83
61 85
61 86
61 87
61 92
61 93
61 95
61 96
61 98
61 99
61 101
61 102
61 103
61 104
61 105
61 106
61 109
61 112
61 114
61 115
61 116
61 119
61 121
61 123
61 124
61 125
61 126
61 127
61 128
61 131
61 132
61 136
61 139
61 140
61 141
61 144
61 145
61 146
61 152
61 156
61 160
61 161
61 169
61 172
61 173
61 175
61 176
61 178
61 180
61 182
61 183
61 185
61 186
62 67
62 68
62 69
62 70
62 71
62 73
62 76
62 78
62 80
62 81
62 84
62 86
62 87
62 91
62 92
62 95
62 96
62 98
62 99
62 100
62 101
62 102
62 104
62 108
62 109
62 110
62 113
62 114
62 115
62 116
62 117
62 118
62 119
62 120
62 121
62 122
62 123
62 127
62 130
62 131
62 133
62 134
62 135
62 137
62 141
62 145
62 146
62 147
62 148
62 149
62 150
62 151
62 152
62 153
62 154
62 156
62 158
62 160
62 162
62 165
62 166
62 167
62 168
62 169
62 170
62 172
62 174
62 175
62 177
62 181
62 183
62 184
63 65
63 67
63 71
63 73
63 75
63 76
63 78
63 80
63 81
63 82
63 85
63 87
63 89
63 91
63 92
63 93
63 95
63 99
63 100
63 103
63 105
63 107
63 111
63 113
63 117
63 118
63 120
63 121
63 122
63 123
63 124
63 126
63 129
63 130
63 131
63 134
63 136
63 138
63 140
63 141
63 142
63 145
63 150
63 151
63 153
63 159
63 168
63 169
63 171
63 175
63 179
63 180
63 182
63 186
64 67
64 68
64 69
64 74
64 75
64 76
64 78
64 79
64 80
64 85
64 87
64 89
64 91
64 92
64 93
64 96
64 99
64 100
64 105
64 106
64 107
64 108
64 109
64 110
64 111
64 112
64 113
64 114
64 117
64 118
64 119
64 122
64 124
64 125
64 128
64 129
64 133
64 137
64 138
64 142
64 146
64 148
64 149
64 153
64 154
64 162
64 165
64 166
64 167
64 169
64 172
64 173
64 178
64 181
64 183
64 184
64 187
65 66
65 67
65 68
65 70
65 74
65 75
65 76
65 78
65 81
65 82
65 83
65 85
65 86
65 87
65 89
65 91
65 95
65 98
65 100
65 102
65 105
65 106
65 109
65 112
65 114
65 116
65 117
65 118
65 121
65 123
65 126
65 127
65 128
65 129
65 130
65 132
65 136
65 137
65 141
65 144
65 145
65 146
65 148
65 149
65 151
65 153
65 155
65 159
65 160
65 161
65 162
65 163
65 165
65 166
65 167
65 169
65 173
65 177
65 178
65 180
65 181
65 184
65 186
66 67
66 71
66 72
66 76
66 80
66 81
66 83
66 85
66 86
66 88
66 90
66 91
66 94
66 97
66 99
66 100
66 103
66 104
66 106
66 107
66 109
66 110
66 112
66 114
66 115
66 119
66 120
66 121
66 125
66 132
66 134
66 137
66 138
66 139
66 140
66 142
66 145
66 146
66 153
66 154
66 155
66 156
66 157
66 158
66 159
66 160
66 161
66 162
66 163
66 164
66 165
66 167
66 168
66 170
66 171
66 176
66 177
66 180
66 182
66 186
67 69
67 71
67 72
67 74
67 78
67 80
67 81
67 84
67 85
67 86
67 87
67 88
67 91
67 92
67 94
67 96
67 100
67 102
67 104
67 105
67 107
67 108
67 112
67 113
67 116
67 118
67 121
67 123
67 124
67 125
67 126
67 127
67 132
67 133
67 136
67 138
67 139
67 140
67 141
67 142
67 144
67 147
67 148
67 149
67 151
67 156
67 158
67 159
67 160
67 164
67 165
67 166
67 167
67 168
67 169
67 170
67 173
67 174
67 177
67 179
67 181
67 186
68 69
68 70
68 75
68 78
68 79
68 85
68 86
68 92
68 95
68 99
68 100
68 102
68 103
68 104
68 106
68 107
68 109
68 110
68 111
68 114
68 115
68 117
68 120
68 122
68 125
68 126
68 127
68 131
68 133
68 135
68 136
68 138
68 140
68 141
68 143
68 144
68 148
68 149
68 150
68 155
68 156
68 157
68 158
68 161
68 162
68 163
68 165
68 167
68 168
68 169
68 170
68 175
68 176
68 178
68 180
68 181
68 182
68 184
68 185
69 70
69 71
69 72
69 73
69 74
69 76
69 78
69 80
69 81
69 85
69 87
69 88
69 90
69 98
69 103
69 104
69 108
69 112
69 113
69 114
69 117
69 118
69 120
69 121
69 122
69 123
69 126
69 127
69 130
69 132
69 135
69 136
69 138
69 141
69 144
69 145
69 147
69 148
69 149
69 150
69 153
69 154
69 156
69 157
69 160
69 161
69 165
69 167
69 168
69 169
69 171
69 172
69 175
69 176
69 179
69 184
69 186
70 72
70 74
70 75
70 76
70 79
70 87
70 92
70 93
70 94
70 95
70 97
70 98
70 99
70 100
70 101
70 103
70 104
70 106
70 107
70 111
70 113
70 114
70 116
70 117
70 118
70 121
70 129
70 131
70 132
70 134
70 138
70 139
70 140
70 142
70 143
70 144
70 146
70 147
70 148
70 151
70 152
70 153
70 154
70 157
70 158
70 161
70 163
70 165
70 167
70 169
70 170
70 174
70 175
70 178
70 181
71 73
71 76
71 79
71 82
71 83
71 85
71 87
71 88
71 89
71 93
71 94
71 95
71 96
71 97
71 98
71 99
71 100
71 102
71 103
71 106
71 107
71 109
71 110
71 113
71 116
71 119
71 120
71 121
71 125
71 130
71 131
71 132
71 133
71 140
71 141
71 142
71 144
71 145
71 147
71 149
71 151
71 152
71 153
71 157
71 160
71 166
71 168
71 174
71 175
71 176
71 177
71 178
71 181
71 184
71 185
71 186
72 73
72 75
72 76
72 77
72 83
72 87
72 90
72 91
72 92
72 93
72 94
72 97
72 98
72 100
72 101
72 105
72 108
72 110
72 116
72 119
72 120
72 121
72 122
72 125
72 126
72 128
72 131
72 133
72 134
72 135
72 137
72 140
72 142
72 146
72 148
72 149
72 150
72 153
72 154
72 156
72 161
72 162
72 164
72 168
72 171
72 173
72 175
72 182
72 185
73 74
73 75
73 76
73 77
73 80
73 81
73 82
73 84
73 86
73 87
73 92
73 97
73 98
73 101
73 103
73 106
73 108
73 110
73 111
73 114
73 120
73 122
73 123
73 124
73 126
73 132
73 133
73 134
73 135
73 136
73 137
73 138
73 140
73 141
73 142
73 143
73 144
73 145
73 147
73 150
73 151
73 152
73 154
73 157
73 160
73 161
73 162
73 167
73 170
73 172
73 174
73 175
73 176
73 177
73 178
73 184
73 185
73 186
73 187
74 76
74 77
74 78
74 79
74 80
74 82
74 84
74 85
74 86
74 87
74 88
74 90
74 91
74 92
74 93
74 94
74 95
74 96
74 98
74 101
74 102
74 103
74 105
74 107
74 110
74 113
74 114
74 115
74 116
74 118
74 120
74 121
74 122
74 124
74 125
74 129
74 135
74 138
74 140
74 141
74 144
74 145
74 146
74 147
74 148
74 150
74 151
74 152
74 158
74 160
74 162
74 163
74 167
74 168
74 170
74 171
74 172
74 174
74 176
74 178
74 183
74 186
74 187
75 76
75 79
75 81
75 82
75 83
75 85
75 86
75 87
75 88
75 89
75 91
75 93
75 94
75 95
75 96
75 97
75 98
75 99
75 100
75 102
75 105
75 107
75 109
75 111
75 112
75 114
75 116
75 118
75 119
75 122
75 128
75 129
75 131
75 137
75 141
75 142
75 145
75 146
75 150
75 151
75 152
75 153
75 154
75 159
75 162
75 163
75 166
75 173
75 174
75 175
75 177
75 181
75 183
75 186
75 187
76 79
76 80
76 82
76 84
76 86
76 89
76 91
76 92
76 94
76 96
76 97
76 99
76 100
76 102
76 105
76 107
76 109
76 111
76 112
76 114
76 115
76 116
76 117
76 120
76 121
76 122
76 123
76 127
76 131
76 134
76 138
76 139
76 142
76 144
76 148
76 149
76 150
76 153
76 155
76 156
76 158
76 166
76 167
76 168
76 169
76 173
76 174
76 176
76 179
76 180
76 183
76 185
76 187
77 79
77 80
77 81
77 84
77 90
77 91
77 95
77 96
77 97
77 102
77 105
77 106
77 110
77 111
77 113
77 114
77 116
77 118
77 120
77 123
77 125
77 127
77 130
77 131
77 133
77 135
77 137
77 138
77 139
77 140
77 141
77 142
77 143
77 144
77 145
77 146
77 151
77 155
77 158
77 161
77 162
77 165
77 167
77 168
77 169
77 170
77 172
77 174
77 175
77 178
77 184
77 185
78 82
78 83
78 84
78 85
78 87
78 89
78 93
78 95
78 96
78 97
78 100
78 102
78 103
78 105
78 108
78 109
78 111
78 113
78 118
78 119
78 121
78 122
78 125
78 129
78 132
78 133
78 135
78 136
78 139
78 143
78 144
78 145
78 151
78 153
78 155
78 157
78 158
78 160
78 162
78 163
78 171
78 173
78 178
78 182
78 183
78 187
79 82
79 84
79 85
79 88
79 92
79 93
79 94
79 95
79 96
79 97
79 98
79 99
79 101
79 103
79 105
79 106
79 109
79 110
79 113
79 115
79 116
79 117
79 119
79 121
79 122
79 124
79 126
79 132
79 134
79 135
79 136
79 144
79 145
79 147
79 148
79 149
79 153
79 157
79 158
79 159
79 161
79 167
79 168
79 171
79 174
79 177
79 183
79 184
80 83
80 84
80 85
80 86
80 87
80 88
80 90
80 91
80 92
80 93
80 94
80 96
80 97
80 98
80 99
80 103
80 104
80 105
80 106
80 110
80 111
80 112
80 115
80 117
80 118
80 119
80 122
80 123
80 128
80 132
80 133
80 135
80 136
80 139
80 145
80 146
80 149
80 153
80 154
80 155
80 160
80 162
80 169
80 176
80 178
80 179
80 181
80 186
81 82
81 90
81 91
81 94
81 97
81 103
81 107
81 109
81 111
81 112
81 114
81 119
81 120
81 121
81 123
81 127
81 129
81 132
81 133
81 134
81 135
81 136
81 137
81 140
81 144
81 145
81 148
81 149
81 150
81 154
81 158
81 159
81 160
81 166
81 167
81 170
81 175
81 176
81 177
81 178
81 181
81 182
81 184
81 186
82 83
82 88
82 89
82 90
82 93
82 94
82 95
82 96
82 98
82 99
82 103
82 104
82 105
82 106
82 107
82 110
82 114
82 115
82 117
82 123
82 124
82 126
82 127
82 128
82 134
82 137
82 138
82 139
82 144
82 145
82 146
82 148
82 149
82 150
82 152
82 153
82 155
82 156
82 157
82 159
82 160
82 161
82 164
82 169
82 171
82 175
82 176
82 177
82 178
82 179
82 181
82 186
82 187
83 85
83 86
83 88
83 89
83 90
83 91
83 92
83 94
83 96
83 100
83 101
83 104
83 105
83 110
83 111
83 113
83 114
83 115
83 118
83 120
83 122
83 123
83 124
83 125
83 126
83 127
83 128
83 129
83 130
83 132
83 133
83 135
83 136
83 139
83 142
83 148
83 149
83 153
83 155
83 157
83 158
83 159
83 161
83 165
83 166
83 167
83 173
83 177
83 178
83 179
83 180
83 185
83 187
84 88
84 89
84 91
84 93
84 95
84 97
84 100
84 101
84 104
84 105
84 108
84 109
84 111
84 112
84 113
84 119
84 121
84 123
84 124
84 125
84 126
84 128
84 130
84 131
84 137
84 141
84 144
84 147
84 149
84 150
84 151
84 152
84 153
84 154
84 155
84 157
84 158
84 159
84 160
84 162
84 163
84 165
84 166
84 168
84 171
84 175
84 176
84 178
84 179
84 182
84 183
84 184
84 186
85 87
85 90
85 92
85 94
85 97
85 98
85 99
85 100
85 102
85 104
85 107
85 108
85 110
85 113
85 120
85 122
85 128
85 129
85 130
85 131
85 132
85 133
85 134
85 137
85 138
85 139
85 140
85 142
85 150
85 151
85 152
85 153
85 154
85 155
85 156
85 157
85 160
85 161
85 164
85 165
85 166
85 167
85 169
85 171
85 173
85 177
85 178
85 180
86 90
86 92
86 93
86 98
86 99
86 101
86 102
86 104
86 107
86 108
86 110
86 113
86 115
86 118
86 121
86 123
86 125
86 126
86 129
86 131
86 134
86 136
86 139
86 140
86 141
86 142
86 144
86 145
86 146
86 147
86 149
86 150
86 155
86 158
86 159
86 162
86 164
86 167
86 169
86 172
86 174
86 176
86 178
86 179
86 180
86 181
86 184
86 185
87 89
87 90
87 91
87 93
87 94
87 95
87 98
87 99
87 100
87 101
87 102
87 103
87 104
87 105
87 107
87 108
87 109
87 111
87 112
87 113
87 114
87 115
87 117
87 118
87 119
87 121
87 122
87 123
87 124
87 126
87 130
87 131
87 136
87 137
87 138
87 141
87 143
87 145
87 147
87 152
87 155
87 156
87 158
87 163
87 164
87 168
87 169
87 172
87 176
87 177
87 180
87 181
87 182
87 184
88 89
88 90
88 91
88 95
88 96
88 99
88 100
88 102
88 105
88 107
88 109
88 110
88 111
88 112
88 113
88 114
88 116
88 117
88 118
88 119
88 121
88 122
88 123
88 129
88 130
88 132
88 134
88 135
88 136
88 137
88 138
88 143
88 144
88 146
88 148
88 154
88 155
88 156
88 157
88 158
88 164
88 166
88 168
88 169
88 170
88 171
88 172
88 173
88 176
88 178
88 186
89 90
89 92
89 93
89 97
89 98
89 102
89 103
89 104
89 105
89 107
89 112
89 113
89 115
89 116
89 119
89 120
89 124
89 128
89 129
89 132
89 135
89 136
89 138
89 139
89 141
89 142
89 143
89 144
89 145
89 146
89 148
89 151
89 154
89 157
89 160
89 162
89 165
89 166
89 168
89 174
89 178
89 179
89 181
89 183
89 184
90 91
90 92
90 94
90 102
90 103
90 104
90 106
90 107
90 110
90 111
90 112
90 115
90 116
90 119
90 122
90 124
90 127
90 128
90 129
90 130
90 131
90 132
90 134
90 135
90 138
90 139
90 140
90 142
90 147
90 149
90 155
90 157
90 158
90 159
90 161
90 168
90 170
90 181
90 183
90 185
90 186
90 187
91 92
91 98
91 99
91 100
91 104
91 105
91 106
91 107
91 110
91 120
91 121
91 123
91 125
91 126
91 127
91 129
91 130
91 135
91 139
91 141
91 142
91 143
91 144
91 145
91 147
91 148
91 150
91 154
91 155
91 157
91 158
91 165
91 178
91 179
91 180
91 181
92 93
92 95
92 97
92 101
92 105
92 106
92 108
92 111
92 113
92 115
92 119
92 123
92 125
92 128
92 129
92 130
92 131
92 135
92 137
92 138
92 139
92 140
92 143
92 144
92 147
92 149
92 150
92 151
92 153
92 154
92 155
92 157
92 160
92 161
92 162
92 167
92 169
92 170
92 173
92 183
92 185
93 94
93 95
93 96
93 97
93 98
93 100
93 102
93 103
93 107
93 109
93 119
93 120
93 125
93 126
93 128
93 129
93 130
93 131
93 133
93 134
93 137
93 140
93 141
93 145
93 146
93 148
93 155
93 165
93 167
93 168
93 169
93 171
93 172
93 175
93 176
93 178
93 179
93 182
93 183
93 186
94 95
94 96
94 97
94 98
94 101
94 103
94 105
94 106
94 107
94 114
94 115
94 116
94 118
94 125
94 130
94 135
94 139
94 140
94 141
94 142
94 143
94 146
94 147
94 150
94 151
94 153
94 154
94 157
94 160
94 161
94 165
94 170
94 171
94 172
94 176
94 177
94 178
94 179
94 180
94 183
94 186
95 96
95 98
95 99
95 101
95 109
95 110
95 111
95 113
95 115
95 117
95 120
95 121
95 123
95 127
95 133
95 134
95 136
95 138
95 139
95 142
95 143
95 145
95 146
95 147
95 148
95 149
95 150
95 152
95 155
95 163
95 164
95 172
95 173
95 175
95 176
95 179
95 180
95 182
95 184
95 187
96 97
96 102
96 104
96 106
96 108
96 109
96 110
96 111
96 112
96 115
96 116
96 120
96 122
96 126
96 127
96 128
96 130
96 131
96 132
96 134
96 135
96 137
96 141
96 142
96 148
96 151
96 152
96 158
96 159
96 162
96 163
96 165
96 169
96 174
96 175
96 177
96 178
96 182
96 183
96 184
97 98
97 101
97 102
97 103
97 105
97 108
97 109
97 111
97 119
97 121
97 125
97 126
97 129
97 131
97 135
97 138
97 139
97 140
97 141
97 143
97 149
97 154
97 158
97 161
97 163
97 165
97 168
97 171
97 172
97 176
97 179
97 180
97 181
97 184
98 107
98 108
98 111
98 116
98 117
98 118
98 123
98 126
98 127
98 132
98 133
98 135
98 136
98 137
98 139
98 140
98 141
98 143
98 145
98 149
98 150
98 152
98 156
98 158
98 159
98 163
98 166
98 167
98 169
98 170
98 171
98 172
98 174
98 177
98 180
98 183
98 186
98 187
99 102
99 107
99 109
99 118
99 120
99 124
99 125
99 126
99 128
99 130
99 134
99 136
99 138
99 141
99 142
99 146
99 147
99 150
99 154
99 155
99 156
99 157
99 161
99 162
99 165
99 167
99 168
99 170
99 173
99 175
99 176
99 177
99 183
99 184
99 186
99 187
100 101
100 104
100 106
100 107
100 110
100 119
100 120
100 124
100 126
100 128
100 130
100 133
100 134
100 138
100 139
100 140
100 141
100 143
100 144
100 145
100 147
100 148
100 149
100 151
100 152
100 153
100 155
100 156
100 157
100 159
100 160
100 162
100 163
100 164
100 166
100 167
100 175
100 181
100 183
100 184
100 185
100 186
101 103
101 106
101 108
101 109
101 113
101 114
101 115
101 116
101 117
101 120
101 122
101 124
101 126
101 127
101 128
101 129
101 133
101 135
101 137
101 143
101 145
101 146
101 149
101 157
101 159
101 165
101 169
101 170
101 171
101 172
101 173
101 175
101 176
101 179
101 185
101 187
102 105
102 108
102 109
102 113
102 114
102 116
102 118
102 119
102 120
102 122
102 126
102 127
102 128
102 129
102 130
102 131
102 132
102 142
102 143
102 145
102 147
102 149
102 150
102 152
102 156
102 157
102 158
102 161
102 163
102 164
102 165
102 166
102 168
102 173
102 174
102 179
102 180
102 183
103 104
103 105
103 107
103 110
103 116
103 117
103 118
103 119
103 120
103 121
103 123
103 124
103 125
103 126
103 127
103 128
103 131
103 133
103 134
103 137
103 138
103 140
103 141
103 143
103 144
103 146
103 147
103 149
103 152
103 153
103 156
103 157
103 158
103 159
103 168
103 171
103 173
103 174
103 177
103 180
103 181
103 185
103 186
104 108
104 110
104 112
104 113
104 114
104 115
104 116
104 119
104 122
104 124
104 126
104 128
104 130
104 134
104 136
104 137
104 138
104 142
104 145
104 146
104 147
104 148
104 152
104 157
104 158
104 159
104 161
104 167
104 169
104 170
104 171
104 172
104 173
104 176
104 177
104 179
104 180
104 181
104 183
104 184
104 185
104 187
105 112
105 113
105 114
105 115
105 116
105 119
105 120
105 123
105 124
105 126
105 128
105 129
105 130
105 138
105 141
105 142
105 143
105 144
105 147
105 150
105 152
105 155
105 156
105 159
105 160
105 161
105 163
105 165
105 170
105 172
105 173
105 175
105 181
105 182
105 185
105 187
106 107
106 108
106 112
106 113
106 115
106 116
106 118
106 121
106 122
106 123
106 124
106 125
106 127
106 129
106 131
106 132
106 133
106 139
106 140
106 145
106 147
106 148
106 155
106 159
106 161
106 163
106 164
106 165
106 166
106 167
106 169
106 172
106 174
106 175
106 177
106 182
106 186
106 187
107 108
107 110
107 117
107 118
107 120
107 121
107 122
107 123
107 134
107 135
107 140
107 142
107 143
107 144
107 145
107 147
107 152
107 153
107 154
107 156
107 159
107 160
107 161
107 166
107 170
107 171
107 172
107 175
107 176
107 177
107 178
107 184
107 185
108 109
108 115
108 116
108 121
108 123
108 124
108 126
108 127
108 128
108 129
108 131
108 132
108 137
108 139
108 143
108 148
108 150
108 151
108 153
108 155
108 157
108 159
108 160
108 161
108 167
108 169
108 170
108 172
108 174
108 176
108 178
108 184
108 185
109 113
109 116
109 117
109 118
109 120
109 121
109 125
109 126
109 127
109 129
109 131
109 133
109 134
109 135
109 136
109 138
109 140
109 144
109 145
109 146
109 150
109 151
109 153
109 154
109 156
109 158
109 163
109 167
109 168
109 173
109 174
109 175
109 176
109 179
109 181
109 186
109 187
110 113
110 114
110 116
110 120
110 123
110 124
110 129
110 131
110 132
110 134
110 135
110 136
110 137
110 138
110 139
110 140
110 141
110 142
110 145
110 150
110 151
110 152
110 156
110 160
110 165
110 167
110 169
110 170
110 177
110 180
110 181
110 185
110 186
110 187
111 112
111 115
111 116
111 117
111 118
111 119
111 120
111 123
111 126
111 130
111 135
111 137
111 139
111 142
111 143
111 146
111 150
111 151
111 157
111 160
111 162
111 163
111 166
111 168
111 172
111 173
111 174
111 175
111 176
111 180
111 181
111 182
111 185
111 187
112 113
112 114
112 115
112 117
112 120
112 122
112 123
112 124
112 125
112 126
112 127
112 130
112 131
112 133
112 134
112 135
112 138
112 139
112 145
112 149
112 154
112 156
112 157
112 158
112 163
112 164
112 166
112 170
112 172
112 174
112 176
112 177
112 184
112 185
112 187
113 114
113 121
113 124
113 125
113 127
113 129
113 132
113 135
113 143
113 145
113 146
113 150
113 152
113 157
113 158
113 159
113 163
113 168
113 169
113 171
113 174
113 175
113 176
113 179
113 186
113 187
114 115
114 118
114 120
114 123
114 125
114 131
114 132
114 133
114 136
114 137
114 139
114 141
114 142
114 143
114 147
114 151
114 157
114 158
114 160
114 163
114 165
114 166
114 173
114 175
114 177
114 178
114 180
114 182
115 119
115 121
115 122
115 123
115 124
115 125
115 127
115 128
115 131
115 132
115 133
115 135
115 143
115 150
115 151
115 152
115 153
115 154
115 155
115 159
115 161
115 167
115 169
115 170
115 172
115 175
115 176
115 184
115 187
116 117
116 118
116 120
116 121
116 123
116 124
116 125
116 128
116 130
116 136
116 139
116 146
116 147
116 148
116 149
116 150
116 151
116 152
116 153
116 155
116 156
116 157
116 158
116 163
116 164
116 166
116 170
116 171
116 172
116 173
116 174
116 177
116 180
116 182
116 183
116 184
116 186
116 187
117 120
117 121
117 125
117 126
117 129
117 133
117 134
117 139
117 141
117 144
117 148
117 149
117 150
117 152
117 155
117 156
117 159
117 160
117 164
117 166
117 168
117 169
117 170
117 173
117 177
117 178
117 180
117 181
117 184
118 119
118 120
118 121
118 122
118 125
118 129
118 130
118 135
118 137
118 141
118 144
118 152
118 154
118 156
118 159
118 161
118 162
118 163
118 164
118 165
118 166
118 167
118 170
118 175
118 176
118 177
118 180
119 123
119 127
119 131
119 138
119 145
119 148
119 149
119 150
119 151
119 152
119 154
119 160
119 161
119 164
119 165
119 166
119 172
119 174
119 179
119 181
120 121
120 122
120 126
120 131
120 132
120 137
120 138
120 141
120 142
120 144
120 145
120 146
120 152
120 154
120 156
120 159
120 160
120 161
120 164
120 165
120 171
120 176
120 178
120 180
120 182
120 183
120 185
121 123
121 124
121 125
121 126
121 127
121 129
121 134
121 136
121 137
121 138
121 140
121 142
121 143
121 144
121 152
121 153
121 154
121 159
121 163
121 164
121 166
121 169
121 171
121 172
121 173
121 177
121 181
121 184
121 185
122 124
122 125
122 127
122 128
122 134
122 136
122 137
122 138
122 139
122 142
122 145
122 146
122 147
122 151
122 152
122 153
122 155
122 156
122 159
122 163
122 171
122 173
122 174
122 176
122 177
122 179
122 181
122 182
122 183
122 184
122 186
123 124
123 127
123 130
123 131
123 132
123 134
123 135
123 138
123 140
123 141
123 144
123 153
123 155
123 157
123 162
123 164
123 171
123 181
123 182
123 185
123 186
124 127
124 129
124 130
124 131
124 132
124 135
124 136
124 138
124 140
124 142
124 144
124 146
124 149
124 155
124 158
124 159
124 166
124 167
124 168
124 169
124 170
124 172
124 175
124 176
124 177
124 179
124 183
124 184
124 185
125 129
125 132
125 133
125 134
125 138
125 139
125 140
125 146
125 149
125 151
125 153
125 155
125 157
125 158
125 159
125 162
125 164
125 166
125 167
125 168
125 169
125 172
125 174
125 177
125 180
125 181
125 185
126 128
126 129
126 132
126 135
126 136
126 137
126 141
126 142
126 144
126 145
126 151
126 154
126 160
126 161
126 162
126 163
126 164
126 165
126 172
126 173
126 174
126 176
126 177
126 178
126 179
126 181
126 182
127 128
127 129
127 132
127 133
127 134
127 136
127 139
127 140
127 147
127 149
127 150
127 151
127 153
127 159
127 160
127 161
127 162
127 165
127 166
127 169
127 170
127 172
127 173
127 174
127 176
127 180
127 182
127 183
127 185
127 186
128 129
128 130
128 132
128 134
128 141
128 142
128 144
128 149
128 150
128 153
128 155
128 158
128 159
128 161
128 165
128 167
128 174
128 181
128 182
128 183
128 185
129 130
129 132
129 133
129 136
129 137
129 139
129 142
129 144
129 145
129 147
129 148
129 149
129 150
129 153
129 154
129 156
129 159
129 160
129 162
129 169
129 171
129 172
129 174
129 180
129 182
129 183
129 184
129 186
130 134
130 135
130 144
130 149
130 150
130 154
130 156
130 158
130 159
130 163
130 164
130 166
130 168
130 177
130 179
130 181
130 187
131 132
131 133
131 137
131 138
131 146
131 148
131 150
131 156
131 162
131 171
131 174
131 180
131 182
131 184
131 185
131 187
132 136
132 137
132 142
132 145
132 152
132 153
132 155
132 158
132 159
132 160
132 166
132 168
132 172
132 173
132 175
132 176
132 177
132 178
132 180
132 183
133 134
133 137
133 138
133 140
133 142
133 144
133 146
133 149
133 150
133 153
133 154
133 155
133 156
133 158
133 159
133 165
133 167
133 168
133 169
133 171
133 172
133 176
133 179
133 183
134 138
134 139
134 143
134 145
134 148
134 154
134 155
134 156
134 162
134 163
134 164
134 167
134 170
134 178
134 179
134 181
134 183
134 184
135 136
135 139
135 145
135 148
135 149
135 150
135 151
135 153
135 155
135 162
135 164
135 165
135 167
135 169
135 170
135 171
135 172
135 174
135 175
135 177
135 179
135 181
135 184
136 139
136 141
136 143
136 147
136 148
136 149
136 151
136 154
136 158
136 159
136 161
136 163
136 168
136 170
136 172
136 176
136 179
136 181
136 184
136 185
137 143
137 144
137 149
137 154
137 156
137 161
137 168
137 173
137 177
137 178
137 183
137 184
137 185
138 139
138 144
138 145
138 147
138 150
138 156
138 157
138 159
138 160
138 164
138 166
138 177
138 178
138 182
138 187
139 142
139 143
139 144
139 146
139 151
139 155
139 159
139 160
139 162
139 163
139 167
139 169
139 172
139 173
139 175
139 176
139 183
139 187
140 141
140 142
140 143
140 145
140 147
140 148
140 150
140 154
140 155
140 157
140 159
140 160
140 164
140 166
140 168
140 170
140 174
140 177
140 178
140 183
141 144
141 145
141 148
141 151
141 154
141 157
141 160
141 161
141 162
141 163
141 165
141 166
141 169
141 171
141 172
141 173
141 176
141 177
141 183
141 185
141 186
142 143
142 144
142 145
142 147
142 150
142 151
142 154
142 156
142 157
142 159
142 161
142 163
142 164
142 165
142 167
142 168
142 169
142 172
142 180
142 187
143 144
143 147
143 154
143 157
143 159
143 160
143 161
143 162
143 166
143 169
143 170
143 171
143 172
143 176
143 177
143 178
143 180
143 181
143 182
143 186
144 146
144 147
144 161
144 164
144 165
144 166
144 174
144 176
144 181
144 182
144 187
145 146
145 147
145 149
145 152
145 153
145 157
145 158
145 159
145 163
145 168
145 169
145 170
145 171
145 173
145 178
145 180
145 183
145 186
146 148
146 151
146 152
146 153
146 154
146 155
146 156
146 157
146 161
146 171
146 175
146 176
146 178
146 179
146 187
147 149
147 157
147 160
147 166
147 168
147 169
147 173
147 175
147 178
147 183
147 187
148 152
148 156
148 158
148 159
148 163
148 164
148 165
148 166
148 168
148 170
148 173
148 177
148 181
148 184
148 185
148 187
149 152
149 157
149 162
149 167
149 168
149 170
149 173
149 176
149 183
150 151
150 154
150 159
150 164
150 165
150 166
150 167
150 170
150 171
150 172
150 176
150 179
150 180
150 182
150 183
150 184
151 152
151 153
151 155
151 157
151 159
151 161
151 162
151 163
151 164
151 166
151 167
151 171
151 172
151 174
151 183
151 187
152 158
152 160
152 161
152 168
152 169
152 173
152 176
152 178
152 184
152 185
152 186
152 187
153 155
153 156
153 160
153 163
153 164
153 167
153 169
153 170
153 174
153 178
153 179
153 180
153 181
153 185
153 186
154 158
154 163
154 166
154 167
154 169
154 176
154 178
154 179
154 180
154 183
154 184
154 186
155 156
155 177
155 184
155 186
156 163
156 164
156 169
156 171
156 172
156 174
156 175
156 178
156 179
156 182
156 183
156 185
157 158
157 160
157 164
157 166
157 170
157 171
157 174
157 177
157 180
157 185
158 159
158 161
158 164
158 167
158 169
158 171
158 174
158 177
158 178
158 179
158 185
158 187
159 160
159 161
159 162
159 175
159 187
160 162
160 164
160 166
160 168
160 169
160 170
160 171
160 172
160 173
160 174
160 175
160 177
160 180
160 182
160 186
160 187
161 179
161 182
161 185
161 187
162 165
162 166
162 171
162 172
162 174
162 178
162 180
162 181
162 182
162 183
163 165
163 169
163 173
163 174
163 175
163 176
163 177
163 186
164 167
164 169
164 171
164 173
164 175
164 177
164 181
164 187
165 167
165 170
165 171
165 174
165 178
165 182
165 183
165 185
165 186
165 187
166 170
166 173
166 176
166 177
166 179
166 180
166 184
167 168
167 171
167 172
167 174
167 177
167 179
167 182
167 183
167 186
167 187
168 169
168 171
168 173
168 175
168 182
168 183
168 186
169 171
169 172
169 175
169 183
170 173
170 175
170 182
170 183
170 184
170 187
171 172
171 173
171 174
171 180
171 185
171 186
172 175
172 179
172 182
172 183
172 185
173 175
173 176
173 179
174 177
174 179
174 182
174 185
174 187
175 180
175 181
175 183
175 185
175 186
175 187
176 184
177 179
177 184
177 185
178 181
178 183
178 184
178 185
178 186
178 187
179 182
179 183
180 183
180 185
180 186
181 182
181 183
181 186
182 184
183 185
184 185
185 187
186 187
