180
0 1
0 2
0 3
0 4
0 9
0 10
0 11
0 12
0 13
0 14
0 15
0 17
0 18
0 19
0 20
0 23
0 24
0 25
0 26
0 28
0 29
0 31
0 35
0 36
0 37
0 38
0 40
0 41
0 42
0 43
0 47
0 48
0 49
0 50
0 51
0 53
0 59
0 60
0 61
0 64
0 65
0 66
0 67
0 68
0 69
0 70
0 74
0 78
0 79
0 80
0 82
0 84
0 85
0 87
0 88
0 91
0 92
0 93
0 94
0 96
0 102
0 103
0 104
0 106
0 108
0 109
0 110
0 113
0 116
0 118
0 120
0 121
0 124
0 125
0 126
0 127
0 130
0 133
0 136
0 137
0 139
0 141
0 142
0 143
0 144
0 148
0 149
0 151
0 152
0 153
0 156
0 158
0 159
0 161
0 162
0 163
0 164
0 166
0 167
0 171
0 172
0 174
0 178
1 2
1 3
1 4
1 6
1 7
1 9
1 10
1 11
1 12
1 13
1 14
1 15
1 18
1 19
1 20
1 22
1 23
1 24
1 25
1 27
1 28
1 29
1 30
1 31
1 32
1 33
1 34
1 37
1 39
1 40
1 43
1 47
1 48
1 49
1 50
1 51
1 53
1 54
1 55
1 60
1 61
1 62
1 63
1 64
1 65
1 66
1 67
1 68
1 69
1 70
1 72
1 73
1 74
1 77
1 78
1 80
1 82
1 83
1 85
1 86
1 89
1 90
1 91
1 92
1 93
1 94
1 95
1 96
1 98
1 99
1 100
1 104
1 105
1 106
1 108
1 109
1 110
1 111
1 112
1 114
1 115
1 116
1 119
1 120
1 121
1 122
1 124
1 126
1 127
1 130
1 132
1 133
1 137
1 138
1 139
1 140
1 141
1 142
1 144
1 145
1 151
1 153
1 154
1 155
1 158
1 159
1 161
1 164
1 166
1 167
1 168
1 169
1 171
1 172
1 173
1 174
1 178
1 179
2 3
2 5
2 6
2 7
2 9
2 10
2 11
2 12
2 13
2 15
2 17
2 18
2 20
2 22
2 23
2 24
2 25
2 26
2 27
2 28
2 29
2 30
2 31
2 34
2 36
2 38
2 39
2 42
2 43
2 45
2 46
2 48
2 49
2 50
2 57
2 59
2 60
2 64
2 65
2 66
2 67
2 68
2 71
2 72
2 73
2 74
2 77
2 79
2 80
2 82
2 84
2 86
2 88
2 89
2 90
2 91
2 93
2 95
2 97
2 98
2 101
2 103
2 107
2 108
2 110
2 111
2 113
2 114
2 116
2 118
2 119
2 123
2 128
2 129
2 130
2 131
2 132
2 133
2 134
2 135
2 136
2 138
2 139
2 141
2 144
2 145
2 146
2 150
2 151
2 155
2 156
2 158
2 162
2 163
2 165
2 167
2 168
2 169
2 170
2 172
2 173
2 175
2 177
2 178
3 4
3 6
3 7
3 9
3 11
3 13
3 14
3 15
3 16
3 17
3 19
3 20
3 21
3 22
3 23
3 24
3 27
3 29
3 30
3 31
3 34
3 35
3 36
3 37
3 39
3 40
3 41
3 44
3 45
3 46
3 47
3 48
3 51
3 57
3 58
3 59
3 60
3 62
3 64
3 65
3 67
3 71
3 73
3 74
3 77
3 78
3 80
3 81
3 84
3 86
3 87
3 88
3 89
3 90
3 95
3 96
3 97
3 98
3 102
3 103
3 104
3 105
3 106
3 107
3 108
3 110
3 111
3 112
3 113
3 115
3 116
3 118
3 119
3 120
3 121
3 125
3 127
3 128
3 129
3 131
3 134
3 135
3 136
3 137
3 139
3 140
3 141
3 144
3 148
3 149
3 152
3 153
3 156
3 158
3 159
3 160
3 161
3 164
3 165
3 166
3 167
3 168
3 169
3 171
3 176
3 177
4 5
4 6
4 7
4 8
4 11
4 12
4 14
4 15
4 17
4 18
4 20
4 22
4 23
4 24
4 25
4 28
4 29
4 32
4 34
4 35
4 36
4 37
4 39
4 41
4 45
4 46
4 47
4 48
4 51
4 53
4 57
4 58
4 61
4 65
4 66
4 68
4 70
4 71
4 72
4 74
4 76
4 77
4 78
4 81
4 82
4 83
4 84
4 85
4 86
4 89
4 93
4 95
4 96
4 97
4 98
4 100
4 102
4 104
4 107
4 110
4 111
4 115
4 116
4 117
4 118
4 119
4 120
4 121
4 122
4 123
4 126
4 127
4 128
4 129
4 131
4 132
4 136
4 137
4 142
4 146
4 147
4 148
4 149
4 152
4 153
4 154
4 156
4 157
4 158
4 161
4 164
4 165
4 166
4 167
4 171
4 172
4 175
4 176
4 179
5 6
5 7
5 8
5 11
5 12
5 13
5 16
5 19
5 20
5 21
5 22
5 23
5 25
5 26
5 34
5 35
5 36
5 38
5 39
5 40
5 41
5 42
5 43
5 45
5 46
5 48
5 49
5 50
5 51
5 55
5 56
5 58
5 59
5 61
5 63
5 64
5 65
5 66
5 67
5 68
5 70
5 71
5 74
5 75
5 76
5 79
5 80
5 81
5 84
5 86
5 89
5 90
5 92
5 93
5 96
5 98
5 100
5 101
5 103
5 104
5 106
5 107
5 108
5 113
5 114
5 115
5 117
5 118
5 120
5 122
5 124
5 125
5 126
5 128
5 130
5 131
5 132
5 135
5 136
5 137
5 140
5 141
5 142
5 144
5 146
5 147
5 152
5 154
5 159
5 162
5 165
5 168
5 170
5 171
5 172
5 173
5 175
5 179
6 7
6 8
6 9
6 10
6 12
6 14
6 15
6 16
6 17
6 18
6 23
6 24
6 26
6 28
6 29
6 30
6 31
6 33
6 36
6 37
6 39
6 40
6 41
6 42
6 43
6 44
6 46
6 47
6 49
6 50
6 51
6 53
6 54
6 56
6 57
6 58
6 60
6 61
6 63
6 68
6 70
6 71
6 72
6 73
6 74
6 76
6 77
6 80
6 81
6 82
6 85
6 88
6 89
6 92
6 96
6 97
6 100
6 103
6 104
6 105
6 107
6 108
6 111
6 112
6 114
6 115
6 118
6 119
6 120
6 121
6 122
6 124
6 125
6 126
6 127
6 129
6 132
6 133
6 134
6 138
6 139
6 140
6 141
6 143
6 147
6 148
6 149
6 150
6 152
6 154
6 158
6 161
6 163
6 164
6 165
6 167
6 171
6 174
6 176
6 178
7 8
7 10
7 11
7 12
7 14
7 15
7 16
7 17
7 18
7 22
7 23
7 24
7 26
7 27
7 31
7 33
7 34
7 36
7 37
7 38
7 44
7 46
7 47
7 48
7 49
7 54
7 55
7 56
7 57
7 59
7 60
7 62
7 64
7 65
7 66
7 67
7 68
7 71
7 72
7 74
7 75
7 76
7 77
7 78
7 80
7 81
7 82
7 84
7 88
7 89
7 90
7 93
7 95
7 96
7 100
7 102
7 105
7 106
7 107
7 108
7 110
7 111
7 113
7 117
7 118
7 122
7 123
7 124
7 125
7 131
7 132
7 133
7 134
7 135
7 137
7 139
7 142
7 150
7 154
7 157
7 158
7 159
7 161
7 162
7 163
7 164
7 165
7 167
7 168
7 172
7 176
7 178
8 9
8 11
8 12
8 15
8 17
8 18
8 19
8 20
8 21
8 22
8 23
8 24
8 25
8 28
8 30
8 32
8 33
8 34
8 35
8 36
8 38
8 40
8 41
8 42
8 46
8 47
8 48
8 49
8 52
8 53
8 55
8 59
8 62
8 63
8 64
8 67
8 69
8 70
8 71
8 72
8 73
8 77
8 78
8 79
8 80
8 81
8 82
8 83
8 85
8 87
8 88
8 90
8 92
8 93
8 94
8 98
8 99
8 100
8 101
8 103
8 104
8 105
8 106
8 107
8 108
8 109
8 110
8 113
8 114
8 116
8 117
8 124
8 125
8 127
8 130
8 133
8 134
8 135
8 138
8 139
8 140
8 141
8 142
8 143
8 144
8 145
8 146
8 149
8 153
8 154
8 155
8 156
8 157
8 158
8 162
8 163
8 164
8 165
8 167
8 168
8 169
8 172
8 173
8 177
8 178
8 179
9 11
9 13
9 15
9 16
9 17
9 20
9 21
9 24
9 25
9 26
9 27
9 28
9 29
9 30
9 32
9 35
9 36
9 38
9 39
9 40
9 42
9 43
9 45
9 46
9 47
9 48
9 49
9 50
9 53
9 54
9 55
9 56
9 58
9 59
9 60
9 61
9 63
9 64
9 66
9 68
9 70
9 72
9 73
9 74
9 76
9 77
9 79
9 80
9 81
9 85
9 86
9 89
9 90
9 92
9 95
9 99
9 101
9 102
9 106
9 111
9 113
9 119
9 120
9 121
9 123
9 125
9 126
9 127
9 128
9 129
9 131
9 132
9 137
9 138
9 139
9 140
9 143
9 145
9 146
9 149
9 151
9 152
9 156
9 160
9 164
9 166
9 167
9 173
9 174
9 178
9 179
10 11
10 14
10 18
10 21
10 24
10 25
10 26
10 28
10 29
10 31
10 32
10 33
10 34
10 35
10 37
10 38
10 39
10 41
10 42
10 44
10 45
10 47
10 50
10 51
10 52
10 53
10 54
10 55
10 56
10 57
10 59
10 60
10 62
10 64
10 66
10 68
10 69
10 70
10 72
10 73
10 75
10 76
10 79
10 80
10 81
10 83
10 84
10 86
10 88
10 90
10 91
10 92
10 95
10 97
10 101
10 102
10 103
10 104
10 105
10 107
10 108
10 110
10 111
10 114
10 116
10 118
10 119
10 120
10 121
10 123
10 124
10 125
10 130
10 131
10 132
10 133
10 134
10 136
10 138
10 140
10 141
10 142
10 143
10 144
10 146
10 149
10 151
10 152
10 155
10 156
10 157
10 163
10 165
10 166
10 169
10 170
10 171
10 172
10 173
10 174
10 175
10 177
10 178
10 179
11 12
11 13
11 14
11 15
11 17
11 18
11 19
11 20
11 21
11 22
11 24
11 25
11 27
11 29
11 34
11 37
11 38
11 40
11 41
11 43
11 44
11 47
11 48
11 50
11 51
11 52
11 53
11 54
11 55
11 58
11 59
11 61
11 63
11 66
11 67
11 68
11 69
11 76
11 77
11 78
11 81
11 83
11 85
11 88
11 90
11 93
11 95
11 96
11 98
11 99
11 100
11 102
11 104
11 109
11 110
11 112
11 113
11 114
11 115
11 116
11 117
11 121
11 123
11 127
11 128
11 131
11 136
11 137
11 138
11 141
11 142
11 144
11 145
11 146
11 148
11 154
11 156
11 158
11 160
11 161
11 162
11 164
11 165
11 166
11 169
11 171
11 172
11 175
11 176
11 177
11 179
12 13
12 15
12 17
12 18
12 19
12 22
12 23
12 24
12 27
12 28
12 30
12 32
12 35
12 38
12 39
12 40
12 42
12 43
12 44
12 45
12 46
12 47
12 48
12 49
12 50
12 51
12 52
12 53
12 54
12 55
12 56
12 57
12 59
12 60
12 61
12 63
12 64
12 65
12 67
12 69
12 73
12 74
12 75
12 76
12 78
12 79
12 81
12 82
12 84
12 86
12 87
12 88
12 89
12 90
12 92
12 96
12 99
12 103
12 107
12 108
12 109
12 111
12 113
12 114
12 116
12 119
12 124
12 129
12 130
12 132
12 133
12 135
12 136
12 138
12 140
12 141
12 142
12 143
12 144
12 146
12 147
12 148
12 152
12 153
12 156
12 158
12 159
12 162
12 164
12 165
12 171
12 173
12 174
12 176
12 179
13 14
13 15
13 17
13 18
13 19
13 20
13 21
13 22
13 23
13 24
13 26
13 27
13 29
13 30
13 32
13 36
13 38
13 39
13 41
13 42
13 43
13 44
13 45
13 48
13 51
13 53
13 54
13 55
13 56
13 58
13 60
13 62
13 66
13 68
13 69
13 71
13 73
13 74
13 76
13 79
13 80
13 86
13 89
13 90
13 93
13 94
13 95
13 96
13 97
13 101
13 104
13 106
13 107
13 109
13 110
13 113
13 115
13 116
13 119
13 120
13 122
13 123
13 125
13 126
13 130
13 132
13 134
13 140
13 142
13 146
13 147
13 150
13 151
13 152
13 153
13 156
13 158
13 160
13 161
13 163
13 164
13 167
13 169
13 171
13 172
13 173
13 176
14 15
14 16
14 17
14 18
14 21
14 22
14 23
14 24
14 25
14 26
14 27
14 28
14 29
14 30
14 31
14 32
14 33
14 34
14 35
14 36
14 37
14 38
14 40
14 43
14 46
14 48
14 50
14 51
14 52
14 53
14 54
14 55
14 58
14 60
14 63
14 64
14 65
14 69
14 73
14 74
14 76
14 78
14 79
14 81
14 82
14 85
14 87
14 89
14 90
14 91
14 92
14 93
14 99
14 101
14 102
14 103
14 105
14 106
14 107
14 111
14 114
14 115
14 117
14 118
14 119
14 120
14 122
14 123
14 125
14 126
14 129
14 132
14 134
14 135
14 137
14 138
14 139
14 141
14 142
14 143
14 148
14 149
14 151
14 152
14 153
14 154
14 155
14 156
14 159
14 160
14 162
14 163
14 166
14 168
14 171
14 175
14 176
14 179
15 19
15 20
15 22
15 23
15 25
15 27
15 28
15 29
15 30
15 31
15 33
15 35
15 36
15 38
15 40
15 42
15 43
15 44
15 45
15 46
15 50
15 51
15 52
15 54
15 55
15 57
15 61
15 62
15 64
15 66
15 67
15 70
15 75
15 78
15 79
15 82
15 83
15 84
15 85
15 86
15 88
15 92
15 93
15 96
15 98
15 100
15 101
15 102
15 105
15 106
15 111
15 113
15 115
15 117
15 121
15 122
15 124
15 125
15 127
15 128
15 129
15 131
15 133
15 134
15 136
15 137
15 138
15 140
15 141
15 142
15 143
15 145
15 146
15 147
15 148
15 150
15 151
15 152
15 154
15 158
15 160
15 161
15 162
15 165
15 166
15 167
15 170
15 173
15 174
15 177
15 178
16 18
16 19
16 20
16 21
16 22
16 24
16 25
16 27
16 28
16 30
16 34
16 35
16 36
16 39
16 40
16 42
16 44
16 46
16 47
16 50
16 51
16 52
16 53
16 56
16 58
16 59
16 60
16 61
16 62
16 63
16 64
16 67
16 68
16 69
16 72
16 73
16 74
16 75
16 77
16 81
16 83
16 84
16 88
16 91
16 92
16 96
16 97
16 100
16 104
16 105
16 106
16 107
16 109
16 110
16 112
16 115
16 118
16 120
16 121
16 125
16 126
16 128
16 129
16 130
16 135
16 136
16 140
16 141
16 143
16 145
16 147
16 150
16 151
16 152
16 153
16 155
16 156
16 158
16 161
16 163
16 164
16 165
16 166
16 168
16 172
16 173
16 175
16 176
16 177
16 179
17 18
17 19
17 20
17 21
17 22
17 23
17 24
17 25
17 26
17 28
17 29
17 30
17 31
17 32
17 34
17 35
17 36
17 37
17 38
17 42
17 43
17 45
17 46
17 47
17 49
17 52
17 53
17 55
17 57
17 59
17 60
17 61
17 62
17 63
17 64
17 67
17 68
17 71
17 72
17 77
17 78
17 80
17 81
17 83
17 84
17 85
17 86
17 87
17 89
17 92
17 95
17 97
17 99
17 101
17 102
17 103
17 104
17 107
17 109
17 110
17 111
17 113
17 114
17 115
17 116
17 117
17 118
17 119
17 121
17 123
17 125
17 127
17 128
17 129
17 132
17 134
17 136
17 139
17 140
17 144
17 145
17 148
17 150
17 151
17 154
17 159
17 162
17 163
17 165
17 166
17 167
17 168
17 170
17 174
17 175
17 177
17 178
18 20
18 21
18 24
18 25
18 26
18 27
18 28
18 29
18 31
18 36
18 38
18 41
18 42
18 44
18 45
18 49
18 50
18 51
18 54
18 55
18 56
18 57
18 58
18 61
18 62
18 63
18 64
18 66
18 67
18 68
18 69
18 74
18 77
18 82
18 83
18 88
18 89
18 90
18 91
18 94
18 95
18 96
18 98
18 99
18 100
18 101
18 102
18 106
18 107
18 108
18 110
18 112
18 115
18 117
18 119
18 123
18 125
18 130
18 132
18 133
18 136
18 137
18 138
18 139
18 140
18 143
18 145
18 146
18 148
18 149
18 150
18 151
18 154
18 155
18 156
18 157
18 159
18 161
18 162
18 163
18 164
18 165
18 166
18 169
18 171
18 174
18 175
18 176
18 177
18 178
18 179
19 20
19 21
19 24
19 27
19 29
19 31
19 38
19 40
19 41
19 42
19 44
19 45
19 46
19 47
19 48
19 50
19 55
19 56
19 58
19 60
19 61
19 62
19 64
19 65
19 67
19 68
19 71
19 72
19 73
19 74
19 75
19 77
19 79
19 82
19 83
19 85
19 87
19 89
19 90
19 91
19 92
19 96
19 101
19 103
19 104
19 105
19 106
19 108
19 109
19 110
19 112
19 113
19 114
19 115
19 116
19 117
19 118
19 119
19 123
19 124
19 126
19 127
19 128
19 130
19 132
19 138
19 140
19 141
19 142
19 143
19 144
19 145
19 147
19 149
19 150
19 153
19 157
19 159
19 163
19 164
19 165
19 167
19 168
19 169
19 170
19 171
19 172
19 173
19 178
20 22
20 23
20 24
20 26
20 27
20 28
20 29
20 30
20 31
20 32
20 33
20 34
20 36
20 39
20 40
20 41
20 42
20 43
20 44
20 45
20 47
20 51
20 52
20 53
20 54
20 55
20 58
20 62
20 63
20 64
20 65
20 67
20 68
20 70
20 72
20 73
20 74
20 75
20 76
20 79
20 80
20 81
20 83
20 85
20 87
20 88
20 89
20 90
20 91
20 93
20 94
20 98
20 100
20 102
20 105
20 107
20 108
20 109
20 110
20 111
20 112
20 113
20 114
20 115
20 117
20 118
20 119
20 121
20 123
20 124
20 126
20 128
20 134
20 135
20 138
20 139
20 140
20 141
20 142
20 143
20 145
20 146
20 147
20 149
20 153
20 155
20 157
20 160
20 161
20 162
20 163
20 166
20 168
20 169
20 176
20 177
21 22
21 23
21 25
21 27
21 29
21 30
21 31
21 33
21 34
21 37
21 38
21 39
21 41
21 42
21 43
21 45
21 46
21 47
21 48
21 49
21 51
21 52
21 54
21 55
21 56
21 57
21 59
21 60
21 63
21 64
21 66
21 67
21 68
21 69
21 70
21 71
21 72
21 73
21 75
21 76
21 77
21 78
21 81
21 83
21 84
21 85
21 88
21 90
21 92
21 93
21 94
21 97
21 98
21 99
21 102
21 104
21 107
21 108
21 109
21 112
21 114
21 118
21 119
21 121
21 122
21 124
21 125
21 126
21 128
21 130
21 131
21 134
21 135
21 137
21 138
21 139
21 140
21 141
21 142
21 145
21 146
21 147
21 148
21 152
21 153
21 155
21 158
21 159
21 161
21 162
21 165
21 168
21 170
21 171
21 173
21 175
21 177
22 23
22 25
22 26
22 28
22 30
22 31
22 32
22 33
22 34
22 35
22 36
22 39
22 41
22 44
22 46
22 51
22 53
22 54
22 56
22 57
22 58
22 59
22 61
22 62
22 63
22 65
22 66
22 68
22 69
22 71
22 73
22 74
22 75
22 76
22 79
22 81
22 82
22 83
22 84
22 88
22 90
22 91
22 92
22 93
22 94
22 97
22 98
22 100
22 103
22 104
22 105
22 106
22 107
22 108
22 109
22 110
22 111
22 116
22 117
22 122
22 123
22 124
22 125
22 127
22 128
22 129
22 130
22 131
22 132
22 135
22 136
22 143
22 144
22 145
22 154
22 156
22 159
22 160
22 163
22 164
22 165
22 166
22 167
22 169
22 173
22 174
22 175
23 25
23 26
23 27
23 28
23 29
23 30
23 31
23 32
23 35
23 36
23 37
23 38
23 41
23 42
23 44
23 45
23 49
23 50
23 51
23 52
23 53
23 54
23 56
23 57
23 58
23 60
23 61
23 62
23 63
23 67
23 71
23 72
23 75
23 76
23 77
23 79
23 80
23 81
23 85
23 86
23 88
23 90
23 91
23 92
23 93
23 94
23 96
23 97
23 98
23 99
23 101
23 105
23 106
23 107
23 110
23 111
23 114
23 117
23 118
23 119
23 124
23 127
23 128
23 130
23 133
23 135
23 137
23 138
23 139
23 140
23 143
23 148
23 149
23 152
23 153
23 155
23 156
23 162
23 167
23 168
23 169
23 171
23 173
23 175
23 177
23 179
24 25
24 26
24 27
24 28
24 29
24 30
24 31
24 32
24 34
24 36
24 37
24 38
24 39
24 42
24 43
24 45
24 46
24 47
24 48
24 49
24 50
24 51
24 52
24 54
24 55
24 58
24 59
24 60
24 61
24 62
24 65
24 66
24 69
24 70
24 71
24 74
24 76
24 78
24 79
24 80
24 83
24 85
24 86
24 88
24 89
24 90
24 91
24 96
24 97
24 98
24 102
24 103
24 104
24 109
24 111
24 115
24 116
24 118
24 120
24 122
24 123
24 124
24 126
24 127
24 128
24 129
24 130
24 136
24 137
24 138
24 140
24 144
24 149
24 151
24 154
24 157
24 158
24 159
24 160
24 161
24 164
24 166
24 167
24 168
24 170
24 172
24 174
24 178
25 27
25 28
25 29
25 31
25 33
25 34
25 35
25 38
25 40
25 41
25 46
25 47
25 49
25 50
25 52
25 53
25 54
25 55
25 56
25 57
25 58
25 60
25 61
25 62
25 63
25 67
25 68
25 69
25 70
25 72
25 73
25 74
25 75
25 76
25 77
25 78
25 81
25 82
25 83
25 86
25 87
25 89
25 93
25 95
25 96
25 97
25 99
25 100
25 101
25 102
25 103
25 104
25 105
25 108
25 109
25 110
25 111
25 112
25 114
25 117
25 119
25 121
25 122
25 124
25 125
25 128
25 132
25 133
25 134
25 135
25 136
25 137
25 142
25 145
25 146
25 147
25 150
25 152
25 153
25 155
25 156
25 159
25 163
25 164
25 166
25 167
25 168
25 169
25 171
25 174
25 177
25 179
26 29
26 30
26 31
26 32
26 33
26 35
26 37
26 38
26 39
26 42
26 43
26 46
26 47
26 48
26 49
26 51
26 53
26 56
26 57
26 58
26 59
26 60
26 62
26 67
26 68
26 70
26 71
26 72
26 73
26 74
26 75
26 76
26 78
26 79
26 82
26 86
26 89
26 90
26 91
26 92
26 93
26 94
26 96
26 97
26 102
26 103
26 104
26 106
26 109
26 110
26 111
26 112
26 116
26 118
26 119
26 121
26 122
26 123
26 124
26 126
26 127
26 130
26 131
26 140
26 141
26 142
26 144
26 145
26 147
26 148
26 149
26 151
26 153
26 156
26 159
26 160
26 168
26 171
26 173
26 176
26 177
26 179
27 28
27 32
27 34
27 36
27 37
27 40
27 42
27 43
27 45
27 49
27 50
27 52
27 53
27 54
27 55
27 56
27 57
27 58
27 63
27 66
27 67
27 69
27 71
27 74
27 78
27 79
27 80
27 81
27 83
27 86
27 87
27 92
27 93
27 95
27 96
27 98
27 99
27 100
27 101
27 102
27 105
27 106
27 108
27 109
27 111
27 112
27 113
27 114
27 116
27 118
27 119
27 120
27 121
27 122
27 123
27 125
27 126
27 127
27 130
27 131
27 133
27 135
27 136
27 138
27 139
27 140
27 142
27 143
27 145
27 146
27 147
27 149
27 150
27 153
27 154
27 155
27 156
27 157
27 159
27 166
27 170
27 174
27 176
27 179
28 29
28 30
28 31
28 32
28 33
28 34
28 35
28 36
28 38
28 39
28 42
28 45
28 47
28 48
28 49
28 52
28 54
28 55
28 56
28 59
28 60
28 61
28 62
28 64
28 65
28 66
28 67
28 68
28 69
28 72
28 73
28 74
28 76
28 77
28 78
28 79
28 80
28 82
28 83
28 86
28 88
28 91
28 94
28 96
28 98
28 99
28 103
28 110
28 111
28 113
28 114
28 115
28 116
28 119
28 120
28 122
28 127
28 131
28 132
28 133
28 136
28 138
28 140
28 141
28 145
28 147
28 152
28 154
28 155
28 158
28 160
28 162
28 173
28 174
28 176
28 177
28 178
28 179
29 30
29 31
29 34
29 35
29 36
29 39
29 41
29 42
29 43
29 46
29 47
29 49
29 50
29 52
29 54
29 56
29 57
29 59
29 60
29 61
29 63
29 64
29 67
29 68
29 69
29 70
29 71
29 74
29 75
29 77
29 78
29 80
29 81
29 82
29 84
29 85
29 87
29 88
29 92
29 93
29 95
29 96
29 97
29 98
29 100
29 102
29 105
29 108
29 112
29 114
29 116
29 118
29 120
29 121
29 122
29 123
29 124
29 125
29 126
29 127
29 128
29 130
29 131
29 132
29 136
29 139
29 140
29 141
29 143
29 145
29 146
29 147
29 148
29 149
29 150
29 151
29 153
29 154
29 155
29 157
29 159
29 164
29 166
29 168
29 170
29 173
29 176
29 178
30 31
30 33
30 34
30 35
30 36
30 37
30 38
30 40
30 41
30 42
30 43
30 45
30 46
30 47
30 50
30 53
30 57
30 58
30 59
30 60
30 62
30 63
30 64
30 66
30 67
30 70
30 71
30 72
30 77
30 78
30 80
30 81
30 82
30 84
30 85
30 86
30 87
30 88
30 91
30 93
30 95
30 96
30 103
30 108
30 109
30 110
30 112
30 113
30 114
30 115
30 116
30 117
30 118
30 121
30 123
30 125
30 126
30 127
30 129
30 132
30 133
30 135
30 138
30 139
30 142
30 143
30 144
30 145
30 146
30 147
30 148
30 151
30 152
30 153
30 154
30 157
30 167
30 168
30 169
30 171
30 173
30 179
31 34
31 36
31 37
31 38
31 40
31 42
31 43
31 44
31 47
31 48
31 51
31 54
31 55
31 56
31 58
31 59
31 63
31 65
31 66
31 67
31 69
31 71
31 73
31 75
31 77
31 79
31 80
31 81
31 82
31 84
31 85
31 86
31 87
31 88
31 89
31 91
31 95
31 96
31 98
31 99
31 100
31 102
31 103
31 107
31 108
31 109
31 113
31 115
31 119
31 121
31 123
31 125
31 127
31 129
31 131
31 132
31 141
31 144
31 145
31 146
31 147
31 149
31 152
31 153
31 154
31 155
31 157
31 158
31 162
31 167
31 170
31 173
31 174
31 175
32 35
32 37
32 38
32 40
32 41
32 42
32 45
32 46
32 47
32 52
32 53
32 54
32 55
32 59
32 60
32 62
32 63
32 65
32 67
32 68
32 69
32 70
32 71
32 73
32 74
32 76
32 78
32 79
32 80
32 81
32 82
32 83
32 84
32 85
32 86
32 90
32 91
32 93
32 96
32 97
32 98
32 99
32 100
32 102
32 103
32 104
32 107
32 109
32 110
32 112
32 113
32 114
32 116
32 119
32 120
32 127
32 130
32 132
32 133
32 134
32 135
32 144
32 145
32 147
32 148
32 150
32 151
32 153
32 154
32 155
32 158
32 159
32 160
32 163
32 164
32 165
32 166
32 167
32 168
32 172
32 176
32 177
32 179
33 34
33 35
33 36
33 37
33 38
33 39
33 40
33 43
33 44
33 45
33 46
33 49
33 50
33 51
33 53
33 55
33 56
33 57
33 60
33 61
33 72
33 74
33 75
33 76
33 77
33 78
33 80
33 81
33 82
33 84
33 86
33 87
33 89
33 90
33 91
33 92
33 93
33 94
33 95
33 97
33 98
33 99
33 101
33 102
33 103
33 105
33 107
33 108
33 109
33 110
33 112
33 115
33 116
33 117
33 118
33 121
33 124
33 126
33 128
33 129
33 134
33 136
33 138
33 139
33 141
33 142
33 143
33 144
33 145
33 148
33 149
33 150
33 151
33 153
33 155
33 157
33 160
33 162
33 163
33 165
33 169
33 171
33 172
33 173
33 174
33 177
34 36
34 37
34 38
34 42
34 45
34 46
34 47
34 49
34 50
34 51
34 52
34 53
34 54
34 56
34 57
34 59
34 60
34 61
34 62
34 64
34 65
34 66
34 67
34 68
34 69
34 70
34 71
34 72
34 73
34 75
34 83
34 84
34 87
34 90
34 91
34 92
34 94
34 98
34 99
34 100
34 103
34 105
34 106
34 107
34 108
34 109
34 110
34 111
34 113
34 114
34 116
34 117
34 118
34 120
34 122
34 124
34 125
34 127
34 133
34 134
34 136
34 137
34 139
34 141
34 142
34 144
34 148
34 152
34 153
34 157
34 160
34 161
34 169
34 170
34 177
34 178
34 179
35 36
35 37
35 38
35 39
35 40
35 43
35 46
35 47
35 48
35 52
35 56
35 58
35 64
35 65
35 67
35 70
35 72
35 73
35 74
35 78
35 79
35 82
35 87
35 88
35 90
35 91
35 93
35 96
35 98
35 100
35 101
35 102
35 103
35 107
35 109
35 112
35 113
35 116
35 117
35 118
35 119
35 122
35 123
35 124
35 125
35 126
35 127
35 130
35 132
35 134
35 136
35 139
35 142
35 144
35 147
35 148
35 149
35 152
35 155
35 156
35 158
35 161
35 162
35 165
35 168
35 170
35 172
35 175
36 37
36 39
36 40
36 41
36 42
36 43
36 44
36 45
36 48
36 49
36 51
36 52
36 53
36 54
36 58
36 59
36 60
36 61
36 62
36 64
36 65
36 66
36 68
36 69
36 70
36 73
36 75
36 76
36 79
36 80
36 81
36 82
36 84
36 89
36 90
36 91
36 92
36 94
36 95
36 99
36 101
36 103
36 104
36 105
36 106
36 108
36 110
36 111
36 114
36 115
36 116
36 118
36 120
36 122
36 127
36 128
36 129
36 132
36 133
36 135
36 136
36 141
36 146
36 150
36 154
36 156
36 157
36 158
36 159
36 168
36 169
36 170
36 171
36 172
36 173
36 178
37 38
37 39
37 42
37 44
37 45
37 49
37 50
37 51
37 52
37 53
37 54
37 56
37 57
37 58
37 59
37 62
37 63
37 64
37 65
37 66
37 68
37 69
37 70
37 71
37 74
37 76
37 77
37 78
37 79
37 81
37 82
37 85
37 86
37 87
37 95
37 96
37 99
37 101
37 103
37 105
37 107
37 110
37 111
37 112
37 113
37 118
37 119
37 124
37 125
37 126
37 127
37 128
37 129
37 130
37 132
37 134
37 136
37 139
37 140
37 141
37 142
37 144
37 145
37 146
37 147
37 148
37 149
37 150
37 154
37 156
37 157
37 161
37 165
37 167
37 169
37 170
37 171
37 173
37 174
37 179
38 39
38 40
38 41
38 43
38 44
38 45
38 49
38 50
38 52
38 53
38 54
38 55
38 59
38 60
38 61
38 62
38 63
38 64
38 66
38 68
38 69
38 70
38 72
38 73
38 75
38 79
38 80
38 82
38 83
38 85
38 87
38 89
38 90
38 92
38 98
38 100
38 103
38 105
38 110
38 111
38 113
38 115
38 120
38 121
38 122
38 123
38 124
38 125
38 126
38 127
38 130
38 131
38 135
38 140
38 142
38 144
38 148
38 149
38 150
38 152
38 153
38 154
38 155
38 157
38 158
38 160
38 161
38 162
38 163
38 165
38 171
38 173
38 174
38 176
39 40
39 41
39 42
39 43
39 44
39 46
39 49
39 53
39 55
39 56
39 57
39 60
39 62
39 64
39 65
39 66
39 68
39 69
39 70
39 71
39 72
39 74
39 75
39 77
39 78
39 79
39 80
39 83
39 84
39 86
39 87
39 89
39 90
39 92
39 94
39 98
39 99
39 100
39 101
39 102
39 105
39 107
39 108
39 113
39 114
39 116
39 118
39 119
39 121
39 122
39 125
39 126
39 127
39 130
39 131
39 132
39 133
39 134
39 135
39 136
39 137
39 141
39 145
39 148
39 149
39 150
39 151
39 152
39 153
39 154
39 156
39 157
39 159
39 160
39 162
39 163
39 164
39 165
39 166
39 167
39 168
39 169
39 170
39 174
39 175
39 176
39 177
39 178
39 179
40 41
40 44
40 45
40 46
40 47
40 52
40 55
40 58
40 62
40 64
40 65
40 66
40 67
40 68
40 71
40 74
40 75
40 76
40 77
40 78
40 80
40 81
40 82
40 83
40 85
40 86
40 88
40 90
40 99
40 100
40 102
40 103
40 105
40 107
40 110
40 118
40 120
40 121
40 122
40 123
40 126
40 128
40 129
40 130
40 132
40 133
40 136
40 137
40 138
40 140
40 141
40 142
40 143
40 144
40 146
40 151
40 155
40 156
40 157
40 158
40 160
40 161
40 163
40 164
40 166
40 167
40 169
40 171
40 172
40 173
40 174
40 175
40 176
40 177
41 45
41 46
41 49
41 53
41 55
41 57
41 60
41 61
41 62
41 63
41 64
41 66
41 71
41 74
41 75
41 76
41 77
41 81
41 82
41 85
41 89
41 90
41 91
41 94
41 97
41 98
41 99
41 100
41 101
41 102
41 103
41 105
41 106
41 108
41 109
41 110
41 111
41 112
41 115
41 117
41 121
41 123
41 126
41 128
41 129
41 130
41 133
41 134
41 135
41 138
41 139
41 140
41 143
41 144
41 146
41 147
41 148
41 149
41 150
41 151
41 153
41 154
41 155
41 156
41 157
41 167
41 168
41 169
41 170
41 173
41 176
41 177
42 43
42 44
42 45
42 47
42 48
42 49
42 50
42 51
42 52
42 55
42 56
42 57
42 60
42 63
42 64
42 66
42 71
42 73
42 75
42 76
42 77
42 80
42 81
42 82
42 83
42 84
42 85
42 91
42 92
42 93
42 95
42 97
42 98
42 99
42 102
42 103
42 104
42 109
42 110
42 111
42 113
42 114
42 115
42 116
42 117
42 118
42 119
42 120
42 121
42 122
42 123
42 124
42 125
42 132
42 135
42 139
42 141
42 144
42 147
42 148
42 149
42 150
42 151
42 153
42 158
42 160
42 165
42 169
42 170
42 172
42 173
42 178
43 44
43 45
43 48
43 49
43 50
43 51
43 52
43 59
43 63
43 65
43 67
43 70
43 71
43 72
43 73
43 74
43 75
43 76
43 78
43 80
43 85
43 86
43 87
43 88
43 91
43 94
43 95
43 97
43 98
43 100
43 101
43 102
43 105
43 107
43 113
43 115
43 117
43 119
43 120
43 122
43 128
43 131
43 134
43 135
43 140
43 142
43 143
43 146
43 149
43 150
43 151
43 152
43 153
43 154
43 156
43 158
43 160
43 161
43 162
43 163
43 166
43 167
43 172
43 174
43 177
43 179
44 45
44 51
44 53
44 55
44 56
44 57
44 58
44 63
44 64
44 65
44 69
44 70
44 72
44 73
44 74
44 75
44 76
44 77
44 78
44 83
44 84
44 87
44 89
44 90
44 94
44 95
44 96
44 98
44 99
44 100
44 101
44 104
44 106
44 107
44 111
44 113
44 114
44 115
44 116
44 117
44 118
44 119
44 121
44 122
44 124
44 128
44 129
44 134
44 135
44 138
44 139
44 140
44 142
44 143
44 148
44 152
44 153
44 154
44 155
44 156
44 157
44 158
44 159
44 160
44 163
44 166
44 167
44 168
44 169
44 173
44 175
44 176
44 177
44 178
44 179
45 47
45 48
45 49
45 50
45 52
45 53
45 55
45 56
45 57
45 58
45 60
45 63
45 65
45 66
45 67
45 70
45 72
45 73
45 79
45 80
45 83
45 84
45 85
45 87
45 90
45 91
45 92
45 93
45 97
45 100
45 103
45 104
45 105
45 106
45 111
45 112
45 114
45 115
45 116
45 117
45 118
45 119
45 122
45 123
45 124
45 126
45 132
45 133
45 134
45 138
45 140
45 143
45 145
45 148
45 150
45 154
45 158
45 163
45 164
45 165
45 166
45 172
45 173
45 178
45 179
46 47
46 51
46 52
46 54
46 57
46 60
46 61
46 62
46 64
46 66
46 68
46 71
46 72
46 73
46 74
46 75
46 77
46 78
46 79
46 80
46 81
46 82
46 84
46 85
46 86
46 89
46 90
46 91
46 93
46 95
46 96
46 99
46 105
46 108
46 109
46 116
46 117
46 118
46 119
46 120
46 122
46 123
46 125
46 126
46 128
46 130
46 132
46 133
46 136
46 138
46 139
46 141
46 145
46 149
46 150
46 151
46 154
46 156
46 160
46 162
46 166
46 168
46 169
46 170
46 171
46 172
46 174
46 178
46 179
47 49
47 51
47 52
47 53
47 54
47 56
47 57
47 58
47 59
47 60
47 62
47 64
47 65
47 66
47 67
47 68
47 72
47 75
47 80
47 82
47 83
47 84
47 85
47 86
47 87
47 88
47 89
47 91
47 92
47 93
47 96
47 97
47 98
47 99
47 100
47 102
47 103
47 105
47 106
47 107
47 110
47 113
47 115
47 116
47 117
47 119
47 121
47 122
47 125
47 126
47 127
47 131
47 133
47 134
47 135
47 137
47 139
47 142
47 143
47 144
47 147
47 148
47 149
47 151
47 153
47 155
47 156
47 157
47 160
47 163
47 164
47 170
47 171
47 172
47 173
47 174
47 175
47 176
47 178
47 179
48 49
48 50
48 51
48 53
48 55
48 56
48 57
48 60
48 61
48 62
48 64
48 71
48 75
48 79
48 80
48 82
48 84
48 85
48 87
48 89
48 91
48 92
48 93
48 94
48 95
48 96
48 97
48 98
48 99
48 100
48 101
48 102
48 103
48 105
48 106
48 107
48 108
48 109
48 110
48 113
48 116
48 118
48 119
48 122
48 124
48 125
48 128
48 129
48 131
48 132
48 134
48 135
48 138
48 139
48 143
48 146
48 147
48 149
48 151
48 155
48 156
48 157
48 158
48 159
48 160
48 162
48 165
48 169
48 172
48 178
48 179
49 51
49 53
49 54
49 55
49 56
49 57
49 58
49 60
49 61
49 62
49 63
49 64
49 66
49 68
49 69
49 70
49 71
49 73
49 74
49 76
49 77
49 78
49 79
49 80
49 81
49 84
49 88
49 93
49 94
49 95
49 96
49 99
49 100
49 102
49 110
49 114
49 115
49 116
49 117
49 118
49 119
49 120
49 121
49 122
49 123
49 125
49 126
49 134
49 135
49 138
49 139
49 141
49 142
49 147
49 148
49 152
49 154
49 158
49 159
49 161
49 162
49 164
49 165
49 166
49 168
49 171
49 172
49 173
49 175
49 177
49 179
50 52
50 54
50 55
50 56
50 57
50 58
50 59
50 61
50 62
50 63
50 64
50 66
50 68
50 71
50 72
50 73
50 74
50 75
50 77
50 80
50 81
50 83
50 84
50 85
50 87
50 92
50 93
50 94
50 95
50 98
50 100
50 103
50 106
50 109
50 111
50 112
50 113
50 118
50 123
50 124
50 126
50 127
50 131
50 132
50 133
50 134
50 135
50 136
50 138
50 139
50 140
50 142
50 144
50 145
50 147
50 148
50 149
50 151
50 153
50 154
50 156
50 157
50 158
50 159
50 160
50 165
50 166
50 171
50 173
50 174
50 175
50 177
51 52
51 55
51 56
51 57
51 58
51 59
51 61
51 62
51 64
51 65
51 67
51 68
51 70
51 72
51 74
51 76
51 77
51 81
51 83
51 87
51 88
51 89
51 91
51 92
51 93
51 95
51 98
51 99
51 100
51 101
51 102
51 104
51 105
51 109
51 111
51 113
51 115
51 116
51 118
51 121
51 122
51 125
51 126
51 127
51 130
51 131
51 132
51 135
51 136
51 140
51 142
51 145
51 146
51 147
51 148
51 152
51 154
51 161
51 162
51 163
51 166
51 168
51 174
51 176
51 178
52 54
52 55
52 57
52 58
52 60
52 61
52 62
52 63
52 64
52 66
52 70
52 74
52 76
52 79
52 82
52 85
52 89
52 93
52 94
52 97
52 98
52 100
52 101
52 102
52 103
52 104
52 106
52 107
52 112
52 113
52 114
52 115
52 116
52 120
52 125
52 127
52 128
52 129
52 130
52 132
52 133
52 139
52 140
52 141
52 144
52 148
52 150
52 152
52 154
52 157
52 159
52 163
52 164
52 165
52 168
52 169
52 171
52 172
52 173
52 176
52 177
52 178
53 54
53 56
53 57
53 60
53 63
53 65
53 66
53 71
53 73
53 74
53 75
53 76
53 77
53 78
53 80
53 83
53 84
53 86
53 87
53 88
53 89
53 91
53 93
53 97
53 98
53 99
53 101
53 103
53 107
53 108
53 110
53 113
53 115
53 117
53 119
53 120
53 121
53 123
53 125
53 127
53 128
53 129
53 130
53 131
53 132
53 133
53 134
53 135
53 136
53 137
53 141
53 142
53 148
53 149
53 154
53 155
53 157
53 159
53 160
53 164
53 166
53 167
53 168
53 169
53 171
53 172
53 173
53 176
53 178
54 58
54 59
54 60
54 61
54 62
54 63
54 64
54 65
54 67
54 68
54 69
54 72
54 73
54 74
54 77
54 78
54 82
54 84
54 85
54 87
54 88
54 89
54 94
54 96
54 97
54 99
54 100
54 101
54 103
54 105
54 106
54 107
54 108
54 112
54 113
54 115
54 117
54 121
54 123
54 126
54 130
54 133
54 135
54 136
54 141
54 143
54 145
54 148
54 149
54 150
54 151
54 152
54 162
54 163
54 164
54 167
54 168
54 170
54 171
54 172
54 175
55 58
55 59
55 61
55 62
55 64
55 65
55 66
55 68
55 71
55 72
55 74
55 77
55 78
55 80
55 83
55 84
55 85
55 88
55 90
55 91
55 99
55 100
55 101
55 102
55 106
55 107
55 108
55 109
55 110
55 112
55 118
55 119
55 120
55 121
55 122
55 123
55 124
55 126
55 127
55 129
55 130
55 134
55 136
55 140
55 142
55 143
55 145
55 146
55 148
55 150
55 152
55 153
55 156
55 157
55 158
55 163
55 165
55 167
55 169
55 170
55 172
55 174
55 177
56 57
56 58
56 59
56 60
56 61
56 62
56 64
56 68
56 69
56 70
56 72
56 74
56 76
56 79
56 80
56 81
56 83
56 84
56 87
56 88
56 91
56 92
56 94
56 97
56 98
56 99
56 100
56 101
56 105
56 108
56 109
56 111
56 112
56 113
56 116
56 119
56 120
56 121
56 122
56 123
56 125
56 126
56 127
56 128
56 129
56 131
56 134
56 135
56 136
56 139
56 143
56 148
56 149
56 151
56 153
56 154
56 155
56 158
56 161
56 162
56 165
56 167
56 168
56 171
56 175
56 177
56 178
56 179
57 58
57 59
57 61
57 63
57 64
57 65
57 66
57 67
57 68
57 72
57 74
57 76
57 78
57 79
57 80
57 81
57 83
57 84
57 92
57 93
57 97
57 99
57 100
57 101
57 102
57 104
57 108
57 109
57 112
57 116
57 123
57 126
57 127
57 128
57 129
57 131
57 133
57 135
57 136
57 137
57 138
57 141
57 142
57 144
57 147
57 149
57 151
57 156
57 157
57 158
57 160
57 161
57 162
57 164
57 166
57 167
57 168
57 175
57 177
57 178
57 179
58 59
58 61
58 63
58 65
58 67
58 69
58 70
58 71
58 72
58 76
58 79
58 83
58 88
58 89
58 90
58 93
58 94
58 95
58 96
58 99
58 101
58 102
58 103
58 104
58 105
58 107
58 109
58 111
58 112
58 115
58 116
58 117
58 119
58 120
58 121
58 123
58 129
58 131
58 133
58 134
58 135
58 136
58 139
58 140
58 142
58 143
58 144
58 145
58 147
58 150
58 161
58 162
58 163
58 165
58 166
58 169
58 170
58 171
58 172
58 176
58 178
58 179
59 60
59 61
59 62
59 64
59 65
59 66
59 67
59 68
59 72
59 73
59 76
59 79
59 81
59 82
59 83
59 87
59 88
59 90
59 91
59 92
59 93
59 95
59 96
59 97
59 98
59 101
59 102
59 103
59 104
59 105
59 106
59 109
59 110
59 115
59 117
59 120
59 121
59 124
59 125
59 126
59 129
59 130
59 131
59 132
59 135
59 137
59 138
59 141
59 142
59 146
59 147
59 149
59 150
59 151
59 152
59 155
59 157
59 163
59 165
59 166
59 168
59 170
59 172
59 177
59 179
60 61
60 66
60 68
60 69
60 74
60 75
60 79
60 82
60 83
60 84
60 85
60 86
60 87
60 88
60 90
60 91
60 93
60 95
60 97
60 98
60 100
60 101
60 103
60 104
60 109
60 110
60 112
60 113
60 114
60 115
60 117
60 118
60 119
60 121
60 122
60 127
60 128
60 132
60 133
60 138
60 143
60 144
60 145
60 149
60 151
60 152
60 155
60 158
60 159
60 160
60 162
60 164
60 167
60 170
60 173
60 174
60 175
60 179
61 63
61 66
61 70
61 71
61 72
61 75
61 76
61 78
61 82
61 84
61 85
61 88
61 90
61 92
61 93
61 98
61 99
61 101
61 107
61 108
61 111
61 112
61 113
61 114
61 120
61 121
61 128
61 129
61 134
61 135
61 136
61 137
61 139
61 145
61 146
61 148
61 149
61 150
61 151
61 152
61 155
61 158
61 159
61 160
61 161
61 162
61 165
61 166
61 168
61 169
61 171
61 172
61 176
61 177
61 179
62 65
62 66
62 70
62 73
62 74
62 80
62 81
62 82
62 85
62 87
62 88
62 90
62 91
62 92
62 93
62 95
62 96
62 101
62 103
62 104
62 105
62 106
62 107
62 109
62 110
62 111
62 114
62 116
62 117
62 118
62 119
62 122
62 127
62 128
62 129
62 131
62 132
62 140
62 143
62 144
62 146
62 147
62 152
62 153
62 155
62 156
62 159
62 163
62 165
62 166
62 167
62 168
62 174
62 178
63 71
63 74
63 75
63 77
63 78
63 81
63 82
63 84
63 85
63 87
63 89
63 91
63 93
63 94
63 96
63 97
63 101
63 102
63 103
63 104
63 109
63 112
63 113
63 114
63 115
63 116
63 117
63 118
63 119
63 120
63 121
63 123
63 124
63 125
63 126
63 129
63 133
63 137
63 142
63 144
63 145
63 146
63 148
63 151
63 153
63 155
63 156
63 157
63 158
63 159
63 160
63 162
63 164
63 166
63 167
63 169
63 170
63 171
63 172
63 173
63 176
63 177
63 179
64 65
64 71
64 74
64 76
64 77
64 79
64 82
64 90
64 93
64 94
64 95
64 96
64 97
64 102
64 104
64 105
64 106
64 108
64 109
64 112
64 114
64 115
64 116
64 120
64 121
64 123
64 126
64 129
64 130
64 135
64 140
64 141
64 142
64 143
64 144
64 147
64 150
64 151
64 152
64 153
64 154
64 155
64 157
64 159
64 160
64 165
64 169
64 172
64 173
64 175
64 179
65 66
65 68
65 69
65 70
65 71
65 72
65 73
65 74
65 75
65 76
65 80
65 82
65 83
65 84
65 85
65 87
65 88
65 89
65 90
65 91
65 92
65 93
65 97
65 98
65 99
65 104
65 105
65 106
65 107
65 112
65 113
65 114
65 115
65 116
65 118
65 119
65 120
65 123
65 127
65 133
65 136
65 139
65 141
65 143
65 154
65 156
65 159
65 162
65 165
65 166
65 170
65 175
65 176
65 178
65 179
66 67
66 68
66 69
66 70
66 71
66 73
66 77
66 78
66 79
66 81
66 83
66 84
66 87
66 88
66 89
66 90
66 91
66 92
66 94
66 96
66 97
66 99
66 100
66 102
66 103
66 107
66 112
66 113
66 114
66 116
66 118
66 119
66 120
66 121
66 122
66 126
66 138
66 144
66 149
66 150
66 151
66 152
66 154
66 157
66 158
66 159
66 160
66 161
66 162
66 164
66 166
66 171
66 175
66 179
67 68
67 69
67 71
67 73
67 75
67 78
67 79
67 81
67 82
67 85
67 87
67 88
67 89
67 90
67 91
67 92
67 94
67 95
67 97
67 100
67 102
67 104
67 105
67 106
67 107
67 108
67 109
67 111
67 114
67 120
67 121
67 125
67 126
67 131
67 134
67 135
67 136
67 137
67 142
67 144
67 145
67 149
67 151
67 152
67 154
67 155
67 156
67 157
67 158
67 160
67 162
67 164
67 165
67 167
67 171
67 177
67 179
68 71
68 72
68 74
68 77
68 80
68 81
68 83
68 86
68 91
68 94
68 97
68 98
68 100
68 102
68 104
68 105
68 106
68 108
68 113
68 115
68 117
68 118
68 119
68 120
68 123
68 124
68 125
68 126
68 128
68 129
68 130
68 135
68 137
68 138
68 139
68 145
68 146
68 149
68 150
68 151
68 155
68 157
68 160
68 161
68 162
68 163
68 164
68 165
68 167
68 168
68 172
68 175
68 176
68 178
68 179
69 72
69 77
69 78
69 79
69 81
69 82
69 83
69 85
69 86
69 87
69 88
69 91
69 95
69 97
69 98
69 100
69 101
69 102
69 104
69 105
69 107
69 108
69 109
69 110
69 111
69 113
69 117
69 118
69 121
69 129
69 130
69 131
69 132
69 136
69 137
69 139
69 141
69 142
69 143
69 144
69 145
69 146
69 147
69 148
69 150
69 152
69 153
69 154
69 155
69 161
69 162
69 165
69 169
69 170
69 171
69 174
69 177
69 178
69 179
70 71
70 73
70 74
70 75
70 76
70 77
70 78
70 79
70 80
70 81
70 82
70 83
70 84
70 85
70 87
70 88
70 89
70 90
70 92
70 93
70 96
70 97
70 100
70 101
70 102
70 104
70 106
70 113
70 114
70 115
70 119
70 120
70 121
70 123
70 134
70 135
70 137
70 139
70 140
70 144
70 145
70 146
70 148
70 151
70 152
70 154
70 155
70 157
70 159
70 160
70 162
70 164
70 166
70 169
70 171
70 172
70 174
70 177
70 178
70 179
71 72
71 74
71 75
71 76
71 77
71 78
71 79
71 80
71 81
71 83
71 84
71 87
71 90
71 92
71 93
71 94
71 95
71 96
71 97
71 99
71 100
71 102
71 103
71 109
71 112
71 114
71 116
71 118
71 122
71 126
71 127
71 128
71 131
71 132
71 133
71 134
71 137
71 138
71 140
71 141
71 143
71 147
71 148
71 149
71 150
71 151
71 153
71 155
71 156
71 159
71 163
71 165
71 169
71 172
71 173
71 174
71 176
72 73
72 75
72 78
72 79
72 80
72 82
72 85
72 87
72 88
72 90
72 91
72 93
72 94
72 95
72 97
72 99
72 100
72 102
72 103
72 104
72 105
72 106
72 107
72 109
72 110
72 111
72 113
72 116
72 119
72 121
72 122
72 124
72 126
72 127
72 129
72 130
72 131
72 132
72 135
72 138
72 139
72 145
72 146
72 147
72 148
72 152
72 157
72 158
72 163
72 164
72 167
72 171
72 173
72 178
72 179
73 74
73 76
73 81
73 83
73 84
73 85
73 86
73 88
73 89
73 91
73 93
73 95
73 98
73 99
73 101
73 102
73 105
73 110
73 112
73 113
73 114
73 115
73 117
73 119
73 120
73 123
73 125
73 126
73 127
73 128
73 131
73 133
73 134
73 136
73 142
73 144
73 147
73 148
73 149
73 151
73 153
73 154
73 156
73 161
73 163
73 167
73 168
73 169
73 175
73 178
74 75
74 81
74 82
74 84
74 87
74 89
74 90
74 91
74 94
74 98
74 100
74 103
74 104
74 106
74 108
74 111
74 112
74 114
74 117
74 120
74 123
74 124
74 127
74 128
74 130
74 132
74 136
74 138
74 139
74 141
74 142
74 143
74 146
74 147
74 150
74 151
74 154
74 157
74 158
74 159
74 163
74 165
74 166
74 169
74 174
74 176
74 177
74 178
74 179
75 77
75 78
75 79
75 80
75 81
75 83
75 85
75 86
75 87
75 88
75 90
75 91
75 93
75 94
75 96
75 97
75 98
75 101
75 102
75 110
75 111
75 115
75 116
75 117
75 119
75 121
75 122
75 123
75 124
75 125
75 129
75 130
75 132
75 135
75 136
75 137
75 138
75 139
75 142
75 143
75 144
75 145
75 146
75 147
75 150
75 152
75 154
75 158
75 159
75 160
75 162
75 163
75 167
75 168
75 171
75 172
75 173
75 174
75 177
76 77
76 78
76 81
76 83
76 84
76 86
76 89
76 95
76 98
76 99
76 100
76 101
76 102
76 105
76 106
76 108
76 110
76 113
76 114
76 115
76 117
76 118
76 122
76 124
76 125
76 127
76 131
76 132
76 133
76 137
76 139
76 142
76 144
76 146
76 155
76 157
76 158
76 160
76 161
76 164
76 165
76 166
76 168
76 170
76 172
76 175
76 176
76 177
76 178
76 179
77 79
77 80
77 81
77 82
77 86
77 87
77 91
77 92
77 95
77 97
77 98
77 100
77 101
77 102
77 105
77 107
77 112
77 113
77 116
77 117
77 118
77 120
77 125
77 129
77 132
77 133
77 135
77 140
77 144
77 146
77 148
77 149
77 150
77 151
77 153
77 157
77 159
77 160
77 163
77 164
77 168
77 169
77 170
77 172
77 175
77 176
77 177
78 79
78 80
78 82
78 83
78 85
78 87
78 88
78 90
78 91
78 92
78 94
78 95
78 96
78 97
78 99
78 103
78 104
78 105
78 106
78 108
78 109
78 110
78 111
78 112
78 113
78 114
78 115
78 117
78 118
78 125
78 126
78 127
78 128
78 133
78 139
78 153
78 155
78 156
78 159
78 160
78 163
78 164
78 165
78 166
78 167
78 168
78 170
78 176
78 179
79 82
79 85
79 87
79 90
79 93
79 95
79 98
79 99
79 100
79 101
79 102
79 109
79 111
79 114
79 116
79 118
79 120
79 121
79 126
79 128
79 129
79 132
79 134
79 135
79 139
79 140
79 142
79 143
79 144
79 147
79 149
79 150
79 152
79 153
79 154
79 155
79 157
79 158
79 159
79 160
79 163
79 164
79 168
79 172
79 173
79 177
80 83
80 85
80 86
80 89
80 92
80 96
80 100
80 105
80 106
80 108
80 111
80 115
80 117
80 118
80 119
80 120
80 122
80 124
80 125
80 126
80 127
80 128
80 129
80 131
80 134
80 135
80 137
80 138
80 140
80 142
80 145
80 147
80 150
80 151
80 156
80 157
80 158
80 161
80 163
80 165
80 167
80 169
80 170
80 171
80 173
80 175
80 176
81 82
81 83
81 84
81 87
81 88
81 92
81 94
81 97
81 99
81 101
81 103
81 104
81 107
81 108
81 111
81 112
81 117
81 121
81 122
81 123
81 124
81 125
81 126
81 127
81 128
81 129
81 130
81 133
81 138
81 139
81 141
81 143
81 144
81 145
81 146
81 147
81 148
81 149
81 157
81 158
81 160
81 163
81 168
81 170
81 177
82 83
82 85
82 87
82 89
82 93
82 94
82 95
82 100
82 102
82 103
82 104
82 107
82 109
82 111
82 113
82 115
82 117
82 118
82 120
82 121
82 122
82 123
82 124
82 131
82 133
82 136
82 137
82 146
82 149
82 151
82 154
82 157
82 158
82 161
82 162
82 163
82 164
82 167
82 169
82 172
82 175
82 176
82 177
82 178
83 84
83 86
83 87
83 88
83 89
83 93
83 94
83 95
83 98
83 100
83 101
83 102
83 103
83 108
83 110
83 111
83 114
83 116
83 118
83 120
83 122
83 125
83 133
83 135
83 137
83 141
83 143
83 145
83 146
83 147
83 149
83 152
83 153
83 156
83 158
83 159
83 163
83 164
83 165
83 169
83 171
83 176
83 177
83 178
84 85
84 86
84 87
84 88
84 91
84 94
84 95
84 96
84 97
84 99
84 102
84 103
84 104
84 106
84 108
84 111
84 112
84 113
84 118
84 119
84 122
84 123
84 124
84 125
84 126
84 128
84 130
84 133
84 136
84 138
84 140
84 147
84 150
84 152
84 154
84 156
84 159
84 161
84 166
84 167
84 168
84 170
84 173
84 177
85 86
85 89
85 92
85 96
85 98
85 99
85 100
85 102
85 103
85 105
85 107
85 109
85 113
85 114
85 115
85 116
85 118
85 123
85 124
85 126
85 129
85 132
85 133
85 136
85 138
85 141
85 142
85 147
85 149
85 150
85 151
85 158
85 159
85 162
85 164
85 166
85 169
85 170
85 174
85 175
85 177
85 178
86 87
86 92
86 93
86 96
86 97
86 99
86 102
86 103
86 105
86 106
86 107
86 109
86 114
86 115
86 116
86 119
86 120
86 126
86 128
86 129
86 130
86 131
86 136
86 137
86 138
86 141
86 142
86 143
86 145
86 147
86 148
86 150
86 152
86 155
86 159
86 160
86 161
86 165
86 169
86 170
86 171
86 172
86 173
86 174
86 175
86 179
87 95
87 96
87 101
87 103
87 104
87 106
87 107
87 108
87 109
87 112
87 114
87 117
87 119
87 121
87 125
87 126
87 127
87 128
87 130
87 131
87 133
87 134
87 135
87 136
87 138
87 139
87 140
87 141
87 143
87 146
87 148
87 149
87 153
87 162
87 165
87 167
87 169
87 170
87 171
87 173
87 174
87 175
88 89
88 90
88 94
88 95
88 98
88 101
88 108
88 112
88 113
88 114
88 117
88 118
88 123
88 125
88 127
88 132
88 133
88 136
88 137
88 139
88 141
88 144
88 145
88 146
88 152
88 153
88 154
88 156
88 159
88 161
88 162
88 163
88 165
88 166
88 169
88 175
88 177
88 179
89 91
89 92
89 93
89 94
89 96
89 99
89 101
89 102
89 104
89 107
89 108
89 110
89 111
89 112
89 113
89 119
89 121
89 122
89 123
89 124
89 125
89 127
89 129
89 131
89 132
89 133
89 134
89 136
89 137
89 138
89 139
89 141
89 143
89 147
89 149
89 152
89 154
89 155
89 156
89 162
89 163
89 164
89 167
89 168
89 177
89 178
89 179
90 91
90 93
90 97
90 98
90 99
90 103
90 104
90 105
90 107
90 108
90 112
90 119
90 120
90 121
90 122
90 123
90 127
90 129
90 131
90 133
90 134
90 137
90 138
90 139
90 141
90 145
90 146
90 149
90 150
90 151
90 153
90 154
90 157
90 161
90 162
90 163
90 164
90 165
90 170
90 171
90 172
90 174
90 175
90 176
90 177
90 178
91 92
91 94
91 95
91 96
91 97
91 98
91 99
91 101
91 103
91 104
91 105
91 106
91 109
91 116
91 121
91 122
91 127
91 130
91 133
91 134
91 138
91 139
91 151
91 152
91 158
91 159
91 160
91 161
91 163
91 166
91 168
91 169
91 172
91 173
91 174
91 175
91 176
91 177
91 178
92 94
92 96
92 97
92 99
92 104
92 107
92 108
92 109
92 111
92 113
92 114
92 115
92 116
92 120
92 121
92 122
92 124
92 125
92 126
92 132
92 134
92 135
92 137
92 146
92 147
92 148
92 154
92 156
92 157
92 158
92 169
92 171
92 174
92 175
92 176
92 177
92 178
93 94
93 96
93 99
93 100
93 101
93 104
93 110
93 112
93 116
93 123
93 124
93 127
93 128
93 129
93 130
93 131
93 133
93 135
93 138
93 139
93 140
93 142
93 145
93 149
93 151
93 152
93 153
93 157
93 160
93 161
93 163
93 164
93 165
93 169
93 173
93 175
93 176
94 95
94 97
94 101
94 104
94 105
94 106
94 111
94 112
94 114
94 115
94 116
94 117
94 119
94 120
94 121
94 123
94 124
94 127
94 128
94 130
94 131
94 135
94 136
94 137
94 139
94 140
94 142
94 145
94 146
94 147
94 150
94 152
94 156
94 157
94 158
94 160
94 161
94 162
94 164
94 166
94 171
94 173
94 174
94 175
94 176
94 179
95 96
95 100
95 103
95 106
95 108
95 109
95 113
95 116
95 119
95 120
95 123
95 124
95 125
95 127
95 129
95 136
95 137
95 140
95 142
95 143
95 145
95 146
95 147
95 148
95 153
95 155
95 156
95 157
95 158
95 160
95 161
95 163
95 166
95 169
95 170
95 172
95 173
95 174
95 175
95 176
95 179
96 97
96 98
96 100
96 101
96 102
96 109
96 110
96 111
96 112
96 113
96 115
96 117
96 121
96 122
96 123
96 130
96 131
96 135
96 141
96 142
96 143
96 144
96 146
96 148
96 149
96 151
96 153
96 157
96 159
96 160
96 161
96 163
96 168
96 169
96 170
96 171
96 172
96 173
96 174
96 175
96 176
97 99
97 100
97 102
97 104
97 107
97 108
97 110
97 112
97 116
97 118
97 119
97 120
97 124
97 126
97 129
97 131
97 132
97 134
97 137
97 138
97 139
97 140
97 144
97 146
97 147
97 150
97 153
97 156
97 158
97 159
97 160
97 166
97 167
97 172
97 175
97 176
97 178
98 101
98 105
98 106
98 110
98 112
98 115
98 116
98 118
98 119
98 121
98 123
98 124
98 126
98 127
98 129
98 130
98 131
98 136
98 138
98 139
98 140
98 141
98 143
98 146
98 152
98 153
98 155
98 162
98 164
98 168
98 170
98 171
98 172
98 176
98 177
98 178
99 101
99 102
99 104
99 106
99 108
99 109
99 110
99 115
99 117
99 118
99 122
99 123
99 124
99 125
99 127
99 129
99 131
99 134
99 138
99 139
99 140
99 141
99 143
99 145
99 148
99 151
99 153
99 154
99 155
99 159
99 162
99 163
99 166
99 167
99 168
99 170
99 173
99 174
99 178
99 179
100 107
100 109
100 111
100 113
100 114
100 117
100 118
100 119
100 121
100 122
100 124
100 126
100 128
100 132
100 134
100 138
100 139
100 140
100 144
100 145
100 146
100 147
100 148
100 149
100 152
100 154
100 155
100 159
100 160
100 165
100 166
100 169
100 170
100 172
100 176
100 177
100 178
100 179
101 103
101 104
101 106
101 110
101 111
101 113
101 114
101 115
101 117
101 118
101 120
101 121
101 123
101 124
101 127
101 131
101 132
101 133
101 135
101 138
101 139
101 140
101 143
101 147
101 148
101 152
101 153
101 154
101 157
101 160
101 161
101 164
101 165
101 166
101 167
101 170
101 171
101 172
101 174
101 175
102 104
102 107
102 108
102 111
102 112
102 116
102 119
102 120
102 123
102 125
102 126
102 130
102 132
102 134
102 135
102 137
102 141
102 148
102 149
102 153
102 155
102 157
102 160
102 162
102 164
102 167
102 169
102 171
102 174
102 175
102 177
103 106
103 110
103 111
103 112
103 113
103 115
103 116
103 119
103 120
103 123
103 124
103 125
103 128
103 134
103 135
103 137
103 140
103 141
103 144
103 147
103 149
103 152
103 156
103 158
103 162
103 164
103 166
103 169
103 174
103 175
103 177
104 105
104 107
104 108
104 109
104 116
104 117
104 118
104 121
104 122
104 123
104 124
104 125
104 128
104 129
104 131
104 133
104 134
104 138
104 140
104 142
104 143
104 144
104 146
104 150
104 151
104 154
104 155
104 156
104 163
104 167
104 169
104 170
104 171
104 176
104 177
105 109
105 110
105 112
105 115
105 121
105 122
105 124
105 126
105 127
105 130
105 131
105 132
105 136
105 141
105 143
105 145
105 148
105 150
105 151
105 152
105 154
105 155
105 156
105 158
105 160
105 161
105 162
105 163
105 164
105 165
105 166
105 169
105 170
105 172
105 176
106 109
106 110
106 111
106 113
106 116
106 117
106 118
106 120
106 121
106 122
106 124
106 126
106 128
106 129
106 130
106 134
106 139
106 140
106 141
106 142
106 143
106 144
106 146
106 150
106 152
106 154
106 156
106 157
106 158
106 160
106 161
106 162
106 168
106 172
106 174
106 175
106 176
107 109
107 110
107 112
107 117
107 120
107 121
107 123
107 125
107 129
107 133
107 135
107 142
107 143
107 147
107 148
107 156
107 159
107 160
107 161
107 163
107 164
107 167
107 172
107 174
107 175
107 179
108 109
108 113
108 114
108 119
108 120
108 122
108 124
108 133
108 135
108 136
108 137
108 138
108 139
108 146
108 150
108 153
108 156
108 157
108 158
108 159
108 160
108 161
108 162
108 163
108 167
108 169
108 170
108 173
108 174
108 176
108 177
109 110
109 111
109 112
109 117
109 120
109 123
109 124
109 126
109 127
109 128
109 129
109 131
109 133
109 141
109 142
109 143
109 145
109 146
109 147
109 148
109 152
109 157
109 159
109 160
109 161
109 163
109 164
109 166
109 167
109 170
109 173
109 174
109 175
109 179
110 112
110 114
110 116
110 126
110 129
110 130
110 134
110 136
110 137
110 140
110 149
110 150
110 151
110 152
110 155
110 157
110 160
110 163
110 164
110 165
110 168
110 169
110 171
110 173
110 179
111 112
111 113
111 115
111 117
111 118
111 119
111 121
111 122
111 123
111 124
111 125
111 126
111 128
111 129
111 130
111 136
111 138
111 144
111 145
111 148
111 149
111 151
111 154
111 156
111 157
111 158
111 159
111 161
111 165
111 168
111 169
111 170
111 171
111 173
112 113
112 114
112 116
112 117
112 119
112 122
112 123
112 124
112 125
112 127
112 130
112 131
112 132
112 133
112 134
112 136
112 137
112 140
112 141
112 144
112 145
112 147
112 151
112 152
112 153
112 154
112 157
112 162
112 166
112 167
112 168
112 171
112 172
112 174
112 175
112 176
112 179
113 118
113 119
113 122
113 133
113 135
113 136
113 137
113 139
113 142
113 143
113 144
113 145
113 151
113 153
113 155
113 156
113 167
113 171
113 172
113 174
113 175
113 178
114 118
114 121
114 122
114 123
114 129
114 130
114 132
114 133
114 134
114 136
114 137
114 138
114 140
114 141
114 142
114 143
114 146
114 147
114 148
114 150
114 152
114 153
114 155
114 157
114 158
114 161
114 164
114 167
114 169
114 170
114 176
114 179
115 116
115 117
115 120
115 122
115 125
115 126
115 127
115 129
115 133
115 135
115 143
115 145
115 147
115 148
115 150
115 151
115 153
115 155
115 156
115 158
115 159
115 162
115 163
115 165
115 166
115 167
115 170
115 171
115 173
115 178
115 179
116 123
116 124
116 126
116 130
116 131
116 132
116 134
116 139
116 145
116 146
116 147
116 149
116 153
116 159
116 160
116 161
116 163
116 166
116 170
116 172
116 176
116 178
116 179
117 120
117 124
117 126
117 130
117 131
117 132
117 137
117 138
117 139
117 140
117 141
117 142
117 143
117 145
117 148
117 149
117 150
117 153
117 155
117 161
117 162
117 168
117 169
117 170
117 177
118 120
118 121
118 125
118 128
118 134
118 135
118 137
118 138
118 139
118 140
118 141
118 142
118 143
118 146
118 149
118 150
118 151
118 152
118 157
118 159
118 165
118 166
118 170
118 173
118 174
118 176
119 122
119 127
119 128
119 130
119 131
119 133
119 134
119 138
119 140
119 141
119 145
119 146
119 147
119 157
119 158
119 160
119 161
119 166
119 168
119 169
119 170
119 171
119 173
119 174
120 121
120 128
120 129
120 133
120 136
120 137
120 142
120 144
120 149
120 150
120 151
120 153
120 158
120 159
120 161
120 162
120 164
120 165
120 167
120 168
120 169
120 171
121 123
121 127
121 128
121 129
121 130
121 133
121 135
121 137
121 139
121 141
121 144
121 147
121 152
121 156
121 160
121 163
121 164
121 165
121 169
121 170
121 172
121 175
121 178
122 125
122 127
122 128
122 134
122 135
122 136
122 137
122 144
122 145
122 150
122 151
122 152
122 153
122 155
122 159
122 160
122 161
122 167
123 124
123 125
123 130
123 139
123 140
123 144
123 147
123 155
123 157
123 160
123 162
123 163
123 166
123 167
123 171
123 173
123 174
123 175
123 177
124 126
124 128
124 130
124 142
124 143
124 145
124 149
124 151
124 157
124 161
124 166
124 167
124 171
124 173
124 175
124 177
124 179
125 128
125 129
125 131
125 134
125 137
125 138
125 141
125 147
125 150
125 152
125 154
125 159
125 160
125 163
125 173
125 174
125 175
125 179
126 131
126 141
126 142
126 143
126 147
126 152
126 153
126 154
126 160
126 161
126 164
126 165
126 166
126 167
126 168
126 169
126 173
126 174
126 179
127 128
127 129
127 133
127 134
127 136
127 137
127 139
127 140
127 143
127 146
127 150
127 152
127 153
127 156
127 163
127 164
127 167
127 170
127 178
127 179
128 131
128 134
128 135
128 137
128 138
128 141
128 143
128 144
128 146
128 148
128 151
128 155
128 162
128 164
128 165
128 166
128 169
128 174
128 175
128 178
129 130
129 131
129 137
129 138
129 149
129 151
129 152
129 156
129 157
129 158
129 160
129 161
129 164
129 166
129 168
129 172
129 174
129 175
129 176
129 178
130 132
130 134
130 136
130 138
130 141
130 143
130 144
130 145
130 151
130 152
130 153
130 155
130 159
130 160
130 161
130 164
130 174
130 175
131 135
131 137
131 140
131 144
131 149
131 151
131 153
131 155
131 156
131 158
131 159
131 162
131 164
131 165
131 170
131 172
131 173
131 174
131 175
131 176
131 177
132 139
132 141
132 143
132 144
132 146
132 148
132 149
132 150
132 151
132 154
132 155
132 157
132 160
132 161
132 162
132 163
132 166
132 168
132 169
132 174
132 177
133 134
133 136
133 140
133 141
133 144
133 145
133 147
133 150
133 155
133 157
133 161
133 162
133 164
133 167
133 168
133 170
133 172
133 174
133 176
133 178
133 179
134 137
134 138
134 139
134 141
134 143
134 149
134 153
134 155
134 156
134 158
134 159
134 160
134 162
134 173
134 176
134 177
135 136
135 137
135 138
135 141
135 142
135 146
135 147
135 149
135 150
135 151
135 160
135 161
135 165
135 168
135 171
135 175
135 177
135 179
136 137
136 138
136 139
136 140
136 141
136 145
136 147
136 148
136 150
136 152
136 156
136 157
136 161
136 163
136 164
136 165
136 166
136 170
137 141
137 143
137 144
137 146
137 148
137 149
137 150
137 151
137 152
137 154
137 155
137 156
137 158
137 161
137 163
137 165
137 166
137 169
137 172
137 176
137 177
138 139
138 140
138 142
138 144
138 146
138 149
138 150
138 151
138 156
138 158
138 160
138 161
138 165
138 166
138 167
138 168
138 170
138 172
138 176
138 179
139 143
139 146
139 147
139 151
139 153
139 155
139 159
139 161
139 167
139 168
139 170
139 175
139 178
140 145
140 150
140 151
140 153
140 154
140 157
140 160
140 161
140 167
140 168
140 169
140 170
140 172
140 174
140 178
141 154
141 155
141 156
141 159
141 160
141 162
141 170
141 172
141 174
142 143
142 146
142 147
142 148
142 149
142 153
142 155
142 156
142 157
142 158
142 163
142 165
142 168
142 171
142 173
142 174
142 176
143 144
143 145
143 146
143 148
143 149
143 152
143 155
143 158
143 159
143 162
143 163
143 176
144 145
144 146
144 148
144 155
144 157
144 159
144 160
144 168
144 171
144 173
144 174
144 175
144 176
144 177
145 146
145 147
145 151
145 152
145 155
145 157
145 160
145 162
145 171
145 178
146 150
146 151
146 157
146 161
146 163
146 165
146 167
146 170
146 173
146 175
146 177
146 179
147 148
147 149
147 152
147 154
147 159
147 162
147 163
147 164
147 167
147 171
147 177
147 178
148 150
148 151
148 153
148 154
148 156
148 157
148 161
148 162
148 164
148 167
148 170
148 173
148 175
148 176
148 177
148 179
149 162
149 167
149 169
149 170
149 173
149 177
149 178
150 154
150 158
150 162
150 166
150 172
150 174
150 176
150 177
150 178
151 153
151 154
151 156
151 157
151 159
151 164
151 166
151 168
151 178
152 153
152 154
152 162
152 168
152 170
152 172
152 173
152 179
153 160
153 166
153 175
153 178
154 155
154 156
154 160
154 163
154 164
154 166
154 168
154 175
154 176
154 177
155 158
155 159
155 163
155 164
155 167
155 168
155 170
155 171
155 176
155 178
156 159
156 160
156 166
156 167
156 169
156 170
156 171
156 172
156 175
157 158
157 159
157 161
157 164
157 170
158 159
158 161
158 163
158 168
158 171
158 174
158 175
159 165
159 166
159 169
159 170
159 172
159 174
159 176
159 179
160 162
161 163
161 170
161 173
161 174
161 175
162 164
162 168
162 172
162 174
163 169
163 172
163 177
163 178
164 165
164 166
164 167
164 169
164 170
164 171
164 173
164 174
164 175
164 178
164 179
165 166
165 167
165 168
165 170
165 173
165 176
165 177
165 179
166 168
166 171
166 173
166 175
166 177
166 178
166 179
167 169
167 171
167 172
167 174
167 175
167 176
167 178
168 169
168 172
168 178
168 179
170 172
170 173
170 177
171 172
171 174
171 175
171 179
172 174
172 175
172 178
173 178
173 179
174 176
174 178
175 176
175 177
