180
0 1
0 7
0 11
0 12
0 28
0 33
0 38
0 83
1 2
1 4
1 6
1 10
1 107
2 3
2 32
2 54
2 93
2 143
3 119
3 152
3 171
4 5
4 20
4 27
4 45
5 8
5 18
5 31
6 29
6 32
6 48
6 73
6 107
7 9
7 14
7 88
8 91
8 92
8 98
8 170
9 35
9 37
9 40
9 109
9 136
9 169
10 13
10 21
10 36
11 22
11 154
12 28
12 42
12 43
12 52
12 76
12 133
12 154
13 19
13 127
13 178
14 15
14 17
14 58
15 16
15 24
15 55
15 91
16 26
16 39
16 68
16 99
17 104
17 144
17 150
17 160
18 85
18 134
18 138
19 23
19 63
19 97
20 64
20 72
20 101
21 25
21 30
21 34
21 59
21 139
21 168
22 47
22 61
22 84
22 151
22 166
22 169
23 48
23 64
23 67
23 104
23 159
25 66
25 81
25 126
25 151
26 40
26 123
26 129
27 176
28 31
28 61
28 86
29 49
29 57
29 72
29 95
30 163
30 178
31 62
31 67
31 104
31 150
32 41
32 80
32 106
33 44
33 67
33 82
33 90
33 101
33 149
34 96
34 110
34 111
34 140
35 46
35 51
35 96
36 101
36 124
36 125
37 70
37 119
38 69
38 89
38 142
39 114
40 50
40 56
40 71
40 152
41 51
41 77
41 108
41 110
41 127
42 116
42 150
42 179
43 126
43 160
44 53
44 108
44 164
45 87
45 115
45 129
46 112
46 132
46 143
47 60
47 74
47 117
48 65
48 153
48 165
49 94
49 154
50 104
50 135
51 82
51 116
51 148
53 65
53 80
54 106
54 118
54 119
55 75
55 87
56 101
57 147
57 172
58 70
58 79
59 120
60 71
60 130
60 156
61 86
61 97
61 105
63 121
63 141
63 145
64 121
65 100
65 144
65 145
65 167
66 73
66 143
67 89
67 145
67 146
69 78
69 106
69 176
70 89
71 75
71 93
71 99
71 149
71 177
72 135
72 168
72 178
73 78
73 97
73 125
74 103
74 138
74 158
76 123
76 155
77 79
77 154
78 126
78 129
78 150
79 122
80 82
81 121
82 121
82 157
83 112
83 136
84 128
84 137
84 141
85 100
88 146
89 113
90 102
90 116
90 131
91 117
91 142
91 153
92 167
93 179
94 98
95 109
95 141
95 162
95 168
96 127
96 155
96 171
97 139
98 111
98 118
99 134
99 159
102 157
102 165
103 162
105 151
105 152
105 158
106 138
107 131
107 175
108 149
108 174
109 111
109 130
110 144
110 156
110 160
112 170
113 128
113 144
113 146
114 166
115 119
115 163
116 153
118 143
120 148
121 123
122 165
122 173
124 169
124 175
127 162
128 161
129 159
129 174
131 148
133 140
134 163
135 151
137 156
141 172
147 164
147 172
149 158
152 163
154 178
157 164
157 169
158 160
162 167
164 171
165 171
166 177
176 179
