180
0 1
0 14
0 21
0 38
0 45
1 2
1 3
1 4
1 7
1 30
1 33
1 70
1 85
1 93
1 140
1 142
2 5
2 18
2 22
2 91
3 6
3 15
3 19
3 29
3 35
3 39
3 41
3 58
3 88
4 20
4 82
4 125
5 26
5 100
5 104
5 137
6 9
6 149
6 178
7 8
7 10
7 16
7 17
7 59
7 101
8 11
8 12
8 32
8 99
8 166
9 65
9 113
9 131
10 47
10 63
10 113
11 61
11 65
11 88
11 92
11 95
12 13
12 23
12 42
12 49
12 101
12 138
13 167
14 21
14 34
14 117
14 132
14 142
15 43
15 44
15 64
15 107
15 172
16 27
16 127
16 175
17 110
17 116
17 148
17 151
17 159
18 24
18 98
19 67
19 74
19 85
19 170
20 40
20 58
20 68
20 111
20 169
21 37
21 120
22 25
22 28
22 29
22 162
23 31
23 57
23 71
23 114
23 122
23 143
24 42
24 143
25 26
25 51
25 159
26 28
26 46
26 60
27 31
27 88
27 110
28 36
28 48
28 86
28 93
29 56
29 63
29 81
29 118
29 128
29 175
30 40
30 53
30 56
30 139
31 43
31 117
31 119
31 121
31 130
31 137
32 52
32 54
32 55
32 144
33 61
33 64
33 107
34 84
34 94
34 120
35 61
35 87
35 124
35 137
35 160
36 38
36 45
36 70
36 95
37 50
37 51
37 62
37 128
37 129
37 135
37 173
38 92
38 97
39 54
39 78
39 79
39 152
39 156
39 163
40 62
40 103
40 126
40 137
41 44
41 89
41 109
42 48
42 77
42 109
43 126
43 143
43 149
44 47
44 156
45 106
45 133
45 150
46 49
46 156
47 72
47 82
48 119
48 125
48 128
48 173
49 72
49 78
49 83
49 94
49 161
50 51
50 103
50 104
50 167
50 178
51 82
51 110
51 147
52 115
52 168
53 68
53 73
53 126
53 148
53 173
54 60
54 63
54 83
54 112
55 64
55 65
55 68
55 105
56 77
56 99
57 96
57 101
57 135
57 147
57 154
58 157
59 72
59 77
59 94
59 159
60 66
60 155
61 76
62 134
63 86
63 142
64 108
64 165
64 169
65 73
65 107
66 69
66 91
66 98
66 144
66 154
67 74
67 174
68 70
68 74
68 121
69 177
70 75
70 85
70 154
71 97
71 141
72 161
74 109
74 145
75 90
76 105
76 167
76 172
77 80
77 91
77 117
77 147
77 172
78 83
78 97
78 105
78 118
78 145
79 116
79 178
80 89
80 96
80 158
80 163
81 123
81 160
81 176
82 87
82 145
82 149
82 169
84 105
84 108
85 90
85 138
86 105
86 106
86 116
86 119
86 130
86 150
87 90
87 132
87 134
88 94
88 95
89 102
89 113
89 141
89 157
90 93
90 106
90 116
90 153
90 172
91 172
92 114
93 111
93 127
93 174
94 123
95 118
95 139
96 122
97 154
97 175
98 144
98 146
100 130
100 165
100 169
101 129
101 170
102 162
103 140
103 174
104 117
104 138
106 118
106 121
107 137
108 110
108 135
110 174
110 178
111 125
111 163
112 155
113 155
115 123
115 153
116 142
116 173
117 173
118 160
119 121
119 131
119 156
121 141
121 143
121 179
122 144
122 149
122 152
123 148
123 177
124 161
124 164
124 168
125 166
125 171
126 147
126 166
126 179
127 136
127 154
128 161
129 140
129 156
129 157
129 176
130 136
131 135
131 155
131 179
132 152
132 157
133 145
134 159
135 167
136 164
138 146
142 158
143 158
144 159
148 152
148 153
151 164
157 164
161 179
166 174
167 171
