180
0 1
0 2
0 3
0 11
0 38
0 43
0 47
0 101
0 171
1 9
1 14
1 93
1 94
1 126
1 157
2 7
2 120
3 4
3 6
3 100
3 146
3 162
4 5
4 8
4 18
4 23
4 24
4 48
5 21
5 55
5 71
6 10
6 12
6 13
6 34
6 36
6 168
7 16
7 73
7 108
7 132
7 154
8 17
8 27
8 29
8 37
8 53
8 121
9 25
9 33
9 57
10 17
10 32
10 34
10 41
10 105
11 15
11 31
11 158
12 32
12 153
12 164
13 15
13 137
14 20
14 56
14 177
15 82
15 84
15 93
15 123
16 51
16 66
16 86
16 130
17 80
17 136
18 19
18 28
18 96
19 22
19 29
19 94
19 109
19 118
19 126
19 179
20 61
20 173
21 47
21 52
21 109
21 142
22 52
22 72
22 104
23 30
23 92
23 176
24 26
24 76
24 135
24 154
25 49
25 59
25 70
25 168
26 39
26 67
26 91
26 106
26 153
26 168
27 68
27 70
28 33
28 35
29 44
29 51
29 62
29 152
30 42
30 45
30 142
31 46
31 78
33 64
33 167
33 169
34 60
34 81
35 125
35 130
36 136
37 133
37 138
37 161
38 40
38 59
39 62
39 66
39 74
39 87
39 91
39 174
40 83
40 90
40 105
40 112
40 173
40 175
41 50
41 67
42 69
42 89
43 102
43 134
44 117
44 118
44 162
45 121
45 155
46 58
46 159
47 51
47 52
47 72
47 79
48 63
48 113
48 164
49 85
49 119
50 56
50 142
50 145
50 160
51 58
51 166
52 89
53 54
53 125
53 129
54 85
55 97
55 116
56 112
56 140
56 175
57 65
57 70
57 88
57 131
57 147
58 68
58 138
58 144
58 172
59 117
60 61
60 79
60 158
60 170
61 73
61 107
61 124
62 90
62 161
63 93
63 141
63 143
64 75
64 122
64 124
65 167
67 99
67 174
68 71
68 87
68 179
69 112
71 77
71 106
72 106
74 87
74 151
75 92
75 132
75 170
76 148
78 79
78 159
78 178
80 138
80 160
80 165
80 171
81 110
81 118
81 144
82 139
83 150
84 109
84 115
84 161
85 128
85 148
87 94
88 103
88 158
89 95
90 141
93 119
93 123
93 127
94 115
95 149
96 98
96 144
96 166
97 143
97 172
99 120
100 105
100 152
101 133
101 135
102 130
103 114
103 161
103 166
103 178
104 107
104 110
104 149
105 150
106 145
107 111
107 125
107 136
108 110
108 146
111 146
111 163
116 123
116 172
116 177
118 168
119 156
119 173
121 125
121 140
122 156
123 135
127 174
127 175
128 154
128 172
129 132
129 156
132 138
133 134
133 159
135 148
137 166
139 151
139 155
143 148
144 150
145 169
147 159
149 162
149 164
150 171
152 177
153 155
154 178
155 165
155 178
156 174
157 170
159 177
