180
0 1
0 2
0 3
0 6
0 7
0 8
0 10
0 11
0 13
0 14
0 15
0 16
0 17
0 21
0 23
0 27
0 28
0 29
0 30
0 31
0 32
0 34
0 35
0 36
0 39
0 43
0 45
0 46
0 47
0 48
0 51
0 53
0 54
0 55
0 57
0 60
0 61
0 62
0 63
0 65
0 66
0 67
0 68
0 73
0 75
0 76
0 77
0 78
0 80
0 81
0 82
0 83
0 84
0 86
0 88
0 89
0 91
0 92
0 93
0 95
0 101
0 105
0 106
0 107
0 108
0 114
0 116
0 117
0 119
0 121
0 123
0 124
0 125
0 126
0 127
0 129
0 130
0 133
0 134
0 135
0 141
0 144
0 145
0 146
0 150
0 151
0 153
0 159
0 162
0 165
0 166
0 167
0 169
0 173
0 175
0 176
0 177
0 178
1 2
1 3
1 5
1 6
1 7
1 9
1 10
1 11
1 13
1 15
1 17
1 19
1 20
1 21
1 23
1 25
1 27
1 28
1 30
1 31
1 33
1 34
1 36
1 37
1 39
1 40
1 41
1 43
1 44
1 45
1 47
1 48
1 51
1 52
1 55
1 57
1 58
1 59
1 62
1 63
1 64
1 65
1 66
1 68
1 71
1 72
1 73
1 76
1 78
1 80
1 86
1 88
1 89
1 90
1 91
1 94
1 97
1 99
1 100
1 101
1 102
1 103
1 105
1 108
1 109
1 112
1 113
1 115
1 118
1 119
1 120
1 122
1 123
1 125
1 127
1 129
1 130
1 131
1 132
1 133
1 134
1 140
1 141
1 143
1 147
1 148
1 150
1 151
1 152
1 153
1 157
1 158
1 159
1 161
1 162
1 167
1 168
1 169
1 170
1 171
1 172
1 174
1 175
2 3
2 4
2 5
2 6
2 7
2 8
2 10
2 12
2 13
2 15
2 17
2 18
2 19
2 20
2 22
2 24
2 27
2 29
2 30
2 32
2 38
2 39
2 40
2 43
2 45
2 46
2 48
2 49
2 50
2 52
2 54
2 55
2 57
2 58
2 59
2 60
2 62
2 63
2 65
2 66
2 67
2 68
2 71
2 73
2 74
2 75
2 76
2 77
2 79
2 81
2 82
2 84
2 90
2 91
2 93
2 94
2 95
2 96
2 97
2 100
2 101
2 102
2 103
2 105
2 106
2 107
2 109
2 111
2 112
2 116
2 117
2 118
2 122
2 125
2 129
2 130
2 131
2 134
2 136
2 139
2 140
2 141
2 148
2 149
2 150
2 151
2 152
2 154
2 155
2 156
2 159
2 160
2 161
2 163
2 165
2 166
2 167
2 169
2 172
2 176
2 179
3 5
3 6
3 7
3 8
3 9
3 10
3 13
3 17
3 19
3 20
3 21
3 23
3 25
3 26
3 28
3 29
3 31
3 32
3 33
3 34
3 37
3 38
3 39
3 40
3 42
3 43
3 44
3 45
3 46
3 47
3 49
3 50
3 53
3 54
3 55
3 58
3 62
3 63
3 65
3 66
3 67
3 68
3 70
3 71
3 72
3 73
3 75
3 76
3 78
3 79
3 80
3 81
3 82
3 84
3 85
3 89
3 91
3 92
3 95
3 96
3 98
3 99
3 100
3 101
3 102
3 105
3 107
3 110
3 113
3 115
3 119
3 120
3 122
3 127
3 129
3 132
3 133
3 135
3 136
3 137
3 138
3 140
3 142
3 146
3 147
3 149
3 151
3 153
3 154
3 155
3 156
3 158
3 159
3 160
3 161
3 162
3 164
3 165
3 166
3 174
3 175
3 176
4 5
4 6
4 7
4 8
4 9
4 12
4 13
4 15
4 16
4 18
4 19
4 20
4 21
4 22
4 24
4 25
4 26
4 28
4 29
4 31
4 32
4 33
4 34
4 35
4 37
4 39
4 41
4 42
4 43
4 44
4 45
4 46
4 49
4 52
4 53
4 55
4 56
4 59
4 60
4 62
4 64
4 65
4 68
4 69
4 70
4 74
4 75
4 78
4 80
4 81
4 82
4 83
4 84
4 86
4 90
4 91
4 92
4 97
4 98
4 99
4 101
4 102
4 103
4 104
4 105
4 106
4 111
4 112
4 116
4 117
4 118
4 119
4 120
4 122
4 123
4 124
4 126
4 127
4 128
4 129
4 131
4 132
4 135
4 137
4 138
4 140
4 141
4 142
4 143
4 144
4 146
4 147
4 148
4 152
4 153
4 154
4 156
4 157
4 158
4 161
4 162
4 163
4 164
4 165
4 166
4 167
4 170
4 171
4 174
4 175
4 176
4 177
4 178
5 6
5 7
5 8
5 10
5 11
5 12
5 13
5 14
5 15
5 16
5 17
5 18
5 20
5 22
5 23
5 25
5 26
5 27
5 28
5 29
5 30
5 31
5 33
5 35
5 37
5 38
5 39
5 41
5 44
5 45
5 47
5 48
5 49
5 50
5 51
5 52
5 53
5 56
5 58
5 59
5 60
5 63
5 68
5 69
5 70
5 71
5 72
5 73
5 74
5 80
5 83
5 84
5 85
5 86
5 89
5 90
5 91
5 92
5 97
5 98
5 100
5 101
5 104
5 108
5 114
5 116
5 117
5 121
5 122
5 123
5 125
5 128
5 129
5 130
5 132
5 136
5 138
5 139
5 140
5 141
5 142
5 143
5 145
5 146
5 148
5 149
5 152
5 154
5 156
5 160
5 163
5 168
5 169
5 171
5 172
5 175
5 176
5 177
5 178
5 179
6 7
6 8
6 10
6 11
6 13
6 14
6 15
6 16
6 17
6 18
6 19
6 21
6 24
6 25
6 28
6 29
6 30
6 31
6 32
6 33
6 35
6 37
6 38
6 41
6 42
6 43
6 44
6 45
6 47
6 48
6 49
6 50
6 51
6 52
6 53
6 54
6 55
6 58
6 61
6 64
6 65
6 66
6 72
6 74
6 76
6 77
6 78
6 79
6 80
6 84
6 85
6 86
6 87
6 88
6 89
6 90
6 91
6 95
6 96
6 97
6 98
6 99
6 100
6 101
6 102
6 103
6 105
6 106
6 109
6 110
6 111
6 114
6 119
6 122
6 123
6 124
6 125
6 126
6 130
6 131
6 135
6 136
6 137
6 138
6 143
6 144
6 146
6 147
6 148
6 150
6 153
6 155
6 156
6 159
6 161
6 162
6 167
6 168
6 169
6 170
6 171
6 172
6 173
6 174
6 177
7 11
7 12
7 13
7 14
7 15
7 17
7 18
7 19
7 20
7 21
7 22
7 25
7 28
7 31
7 34
7 35
7 37
7 39
7 40
7 41
7 42
7 43
7 45
7 47
7 49
7 53
7 54
7 56
7 57
7 58
7 59
7 61
7 62
7 64
7 66
7 67
7 70
7 71
7 72
7 73
7 74
7 76
7 77
7 78
7 81
7 83
7 85
7 89
7 90
7 91
7 93
7 96
7 97
7 98
7 99
7 100
7 101
7 102
7 104
7 106
7 107
7 108
7 110
7 111
7 112
7 116
7 117
7 120
7 123
7 124
7 125
7 131
7 133
7 134
7 136
7 137
7 138
7 139
7 141
7 143
7 145
7 147
7 148
7 151
7 155
7 156
7 157
7 158
7 159
7 160
7 162
7 164
7 166
7 172
7 173
7 176
7 177
8 10
8 12
8 15
8 16
8 17
8 20
8 22
8 23
8 24
8 25
8 26
8 27
8 28
8 29
8 30
8 32
8 33
8 34
8 36
8 40
8 44
8 46
8 47
8 50
8 53
8 54
8 55
8 56
8 58
8 61
8 64
8 69
8 71
8 72
8 73
8 75
8 78
8 79
8 81
8 83
8 85
8 86
8 87
8 88
8 90
8 93
8 96
8 102
8 103
8 104
8 105
8 107
8 108
8 109
8 111
8 112
8 113
8 114
8 115
8 116
8 117
8 119
8 120
8 121
8 122
8 125
8 126
8 127
8 128
8 129
8 130
8 133
8 134
8 135
8 136
8 137
8 138
8 145
8 146
8 148
8 150
8 151
8 153
8 154
8 161
8 164
8 166
8 168
8 169
8 172
8 175
8 176
8 178
8 179
9 10
9 11
9 13
9 15
9 16
9 17
9 18
9 20
9 21
9 24
9 25
9 26
9 28
9 29
9 30
9 31
9 34
9 35
9 37
9 38
9 41
9 43
9 45
9 46
9 47
9 48
9 49
9 50
9 52
9 54
9 55
9 56
9 57
9 58
9 59
9 60
9 62
9 64
9 66
9 69
9 70
9 72
9 75
9 78
9 79
9 80
9 81
9 84
9 85
9 86
9 87
9 93
9 94
9 95
9 97
9 98
9 101
9 104
9 105
9 108
9 113
9 114
9 115
9 117
9 118
9 121
9 124
9 126
9 128
9 129
9 131
9 132
9 133
9 134
9 135
9 136
9 138
9 139
9 142
9 145
9 146
9 147
9 148
9 149
9 151
9 153
9 154
9 158
9 159
9 160
9 162
9 164
9 165
9 167
9 168
9 169
9 170
9 171
9 173
9 174
9 178
10 11
10 13
10 14
10 15
10 16
10 17
10 18
10 19
10 20
10 21
10 22
10 23
10 24
10 26
10 27
10 28
10 29
10 30
10 31
10 32
10 33
10 34
10 35
10 39
10 41
10 42
10 43
10 44
10 45
10 48
10 49
10 50
10 54
10 55
10 58
10 60
10 63
10 65
10 66
10 69
10 71
10 72
10 73
10 74
10 75
10 77
10 80
10 82
10 83
10 84
10 87
10 89
10 93
10 97
10 102
10 104
10 105
10 112
10 113
10 115
10 117
10 118
10 121
10 124
10 125
10 126
10 127
10 128
10 129
10 130
10 134
10 136
10 137
10 139
10 141
10 143
10 144
10 145
10 147
10 149
10 152
10 153
10 158
10 159
10 161
10 164
10 167
10 168
10 169
10 170
10 171
10 173
10 174
10 175
10 176
10 177
10 179
11 12
11 16
11 18
11 20
11 22
11 24
11 25
11 26
11 28
11 30
11 32
11 33
11 34
11 35
11 37
11 39
11 40
11 42
11 43
11 46
11 48
11 50
11 51
11 52
11 53
11 54
11 55
11 56
11 58
11 59
11 60
11 61
11 63
11 66
11 67
11 69
11 70
11 71
11 73
11 74
11 76
11 77
11 80
11 83
11 86
11 88
11 91
11 92
11 93
11 94
11 95
11 102
11 104
11 105
11 107
11 108
11 112
11 113
11 114
11 115
11 117
11 118
11 119
11 120
11 121
11 122
11 124
11 129
11 130
11 131
11 132
11 133
11 136
11 137
11 138
11 139
11 141
11 143
11 145
11 146
11 147
11 150
11 151
11 155
11 156
11 157
11 168
11 169
11 170
11 176
11 178
11 179
12 13
12 14
12 15
12 18
12 19
12 21
12 22
12 24
12 26
12 31
12 33
12 34
12 35
12 36
12 37
12 38
12 39
12 42
12 43
12 44
12 45
12 46
12 47
12 48
12 50
12 51
12 52
12 53
12 54
12 55
12 57
12 60
12 61
12 65
12 66
12 67
12 69
12 70
12 73
12 74
12 75
12 76
12 77
12 78
12 79
12 82
12 83
12 85
12 86
12 87
12 88
12 89
12 90
12 91
12 92
12 94
12 95
12 97
12 100
12 101
12 102
12 105
12 106
12 112
12 113
12 116
12 118
12 119
12 120
12 121
12 122
12 123
12 124
12 125
12 126
12 127
12 132
12 133
12 134
12 136
12 140
12 145
12 148
12 149
12 151
12 153
12 154
12 155
12 156
12 157
12 158
12 159
12 161
12 162
12 166
12 167
12 168
12 171
12 172
12 173
12 177
12 179
13 14
13 16
13 17
13 18
13 19
13 20
13 21
13 22
13 23
13 24
13 26
13 27
13 29
13 30
13 34
13 35
13 36
13 41
13 43
13 44
13 45
13 46
13 47
13 51
13 53
13 56
13 58
13 60
13 61
13 63
13 64
13 65
13 67
13 68
13 72
13 75
13 80
13 82
13 84
13 86
13 89
13 90
13 91
13 92
13 93
13 98
13 100
13 101
13 102
13 103
13 104
13 105
13 106
13 107
13 108
13 109
13 112
13 113
13 115
13 117
13 118
13 120
13 121
13 123
13 125
13 127
13 128
13 132
13 134
13 137
13 138
13 139
13 140
13 141
13 142
13 143
13 144
13 145
13 150
13 152
13 153
13 154
13 155
13 157
13 158
13 159
13 162
13 163
13 164
13 165
13 170
13 171
13 172
13 174
13 175
13 177
14 16
14 17
14 18
14 19
14 22
14 23
14 24
14 25
14 26
14 29
14 30
14 31
14 32
14 34
14 36
14 39
14 40
14 41
14 44
14 45
14 46
14 48
14 50
14 51
14 52
14 54
14 56
14 57
14 59
14 61
14 62
14 63
14 64
14 65
14 67
14 68
14 69
14 70
14 71
14 72
14 73
14 74
14 75
14 76
14 77
14 80
14 81
14 83
14 84
14 85
14 89
14 91
14 93
14 94
14 95
14 97
14 98
14 99
14 100
14 101
14 104
14 106
14 107
14 108
14 110
14 111
14 112
14 113
14 115
14 116
14 118
14 122
14 124
14 125
14 128
14 131
14 132
14 134
14 135
14 136
14 137
14 138
14 139
14 143
14 144
14 146
14 148
14 149
14 153
14 155
14 156
14 157
14 158
14 159
14 162
14 165
14 166
14 169
14 170
14 171
14 172
14 173
14 175
14 176
14 178
15 16
15 17
15 18
15 20
15 21
15 22
15 23
15 24
15 25
15 26
15 27
15 28
15 29
15 33
15 34
15 36
15 40
15 41
15 43
15 44
15 46
15 47
15 50
15 51
15 53
15 55
15 58
15 59
15 60
15 61
15 63
15 64
15 65
15 66
15 67
15 69
15 73
15 74
15 75
15 77
15 78
15 79
15 81
15 82
15 86
15 88
15 89
15 93
15 94
15 95
15 96
15 97
15 100
15 101
15 102
15 109
15 110
15 111
15 114
15 117
15 120
15 123
15 124
15 128
15 130
15 131
15 132
15 134
15 135
15 136
15 138
15 143
15 147
15 150
15 151
15 152
15 153
15 154
15 155
15 156
15 157
15 160
15 161
15 162
15 166
15 167
15 168
15 169
15 170
15 173
15 174
15 175
15 176
15 177
16 17
16 19
16 20
16 21
16 24
16 25
16 27
16 28
16 29
16 30
16 31
16 33
16 36
16 37
16 38
16 42
16 43
16 44
16 45
16 46
16 48
16 49
16 50
16 51
16 52
16 54
16 55
16 58
16 59
16 61
16 64
16 67
16 68
16 69
16 70
16 71
16 72
16 75
16 77
16 80
16 81
16 84
16 85
16 86
16 87
16 88
16 89
16 90
16 91
16 93
16 95
16 96
16 97
16 98
16 102
16 104
16 106
16 108
16 109
16 119
16 121
16 122
16 124
16 125
16 128
16 129
16 130
16 132
16 135
16 139
16 140
16 141
16 142
16 146
16 148
16 149
16 152
16 153
16 155
16 156
16 157
16 159
16 162
16 164
16 165
16 166
16 168
16 169
16 170
16 171
16 173
16 174
16 175
16 177
16 178
16 179
17 18
17 19
17 22
17 23
17 27
17 28
17 29
17 31
17 32
17 34
17 36
17 37
17 39
17 41
17 42
17 43
17 44
17 45
17 46
17 47
17 48
17 49
17 50
17 51
17 54
17 55
17 56
17 57
17 59
17 62
17 66
17 67
17 68
17 69
17 70
17 75
17 76
17 78
17 79
17 80
17 81
17 82
17 83
17 85
17 87
17 88
17 89
17 90
17 91
17 93
17 95
17 96
17 97
17 101
17 102
17 103
17 106
17 109
17 111
17 112
17 114
17 115
17 117
17 118
17 119
17 120
17 121
17 122
17 124
17 129
17 131
17 132
17 135
17 139
17 140
17 142
17 144
17 146
17 147
17 148
17 156
17 157
17 158
17 160
17 162
17 166
17 168
17 170
17 171
17 172
17 173
17 175
17 177
18 19
18 20
18 22
18 25
18 27
18 28
18 30
18 32
18 33
18 35
18 36
18 38
18 41
18 42
18 43
18 44
18 45
18 46
18 47
18 48
18 49
18 53
18 54
18 55
18 57
18 58
18 60
18 61
18 62
18 65
18 66
18 67
18 68
18 69
18 70
18 71
18 72
18 73
18 78
18 79
18 81
18 83
18 84
18 86
18 89
18 90
18 93
18 98
18 100
18 102
18 106
18 107
18 109
18 111
18 113
18 115
18 117
18 118
18 119
18 120
18 121
18 123
18 124
18 127
18 128
18 130
18 132
18 134
18 135
18 138
18 139
18 141
18 143
18 145
18 146
18 151
18 153
18 154
18 155
18 156
18 157
18 158
18 159
18 161
18 162
18 163
18 165
18 168
18 170
18 173
18 174
18 178
19 21
19 23
19 25
19 27
19 29
19 30
19 31
19 33
19 34
19 35
19 36
19 37
19 38
19 39
19 40
19 41
19 42
19 43
19 45
19 47
19 48
19 49
19 50
19 52
19 53
19 57
19 58
19 64
19 65
19 66
19 69
19 70
19 72
19 74
19 78
19 80
19 82
19 83
19 84
19 85
19 89
19 91
19 92
19 94
19 98
19 101
19 102
19 103
19 105
19 106
19 108
19 111
19 114
19 115
19 117
19 118
19 120
19 122
19 123
19 126
19 127
19 129
19 130
19 132
19 133
19 135
19 136
19 138
19 139
19 141
19 142
19 143
19 144
19 145
19 146
19 147
19 150
19 151
19 152
19 154
19 155
19 156
19 157
19 159
19 160
19 161
19 162
19 170
19 171
19 172
19 174
19 175
19 178
19 179
20 21
20 22
20 24
20 27
20 30
20 33
20 35
20 37
20 38
20 39
20 40
20 41
20 48
20 50
20 51
20 52
20 55
20 61
20 62
20 65
20 66
20 67
20 68
20 71
20 73
20 75
20 77
20 78
20 79
20 81
20 82
20 84
20 85
20 87
20 88
20 89
20 91
20 93
20 96
20 97
20 98
20 99
20 100
20 102
20 104
20 105
20 107
20 108
20 110
20 113
20 115
20 118
20 120
20 122
20 123
20 124
20 125
20 127
20 131
20 133
20 134
20 136
20 137
20 141
20 144
20 145
20 146
20 148
20 150
20 151
20 154
20 155
20 156
20 160
20 162
20 163
20 165
20 168
20 169
20 171
20 172
20 173
20 178
20 179
21 23
21 24
21 26
21 28
21 29
21 30
21 31
21 33
21 36
21 37
21 39
21 40
21 42
21 44
21 45
21 47
21 49
21 50
21 52
21 54
21 55
21 58
21 59
21 61
21 62
21 63
21 64
21 66
21 68
21 69
21 71
21 72
21 74
21 75
21 76
21 77
21 79
21 80
21 82
21 84
21 85
21 89
21 90
21 91
21 92
21 93
21 95
21 98
21 99
21 103
21 106
21 108
21 110
21 111
21 112
21 113
21 115
21 116
21 117
21 118
21 119
21 124
21 125
21 126
21 127
21 131
21 132
21 133
21 134
21 136
21 138
21 139
21 141
21 145
21 147
21 148
21 150
21 151
21 152
21 153
21 154
21 155
21 156
21 158
21 159
21 160
21 164
21 167
21 168
21 172
21 173
21 176
21 177
21 178
21 179
22 23
22 26
22 27
22 31
22 32
22 33
22 34
22 35
22 39
22 40
22 41
22 43
22 47
22 48
22 50
22 51
22 54
22 55
22 58
22 60
22 63
22 65
22 67
22 68
22 69
22 72
22 74
22 75
22 76
22 77
22 78
22 79
22 81
22 83
22 84
22 85
22 87
22 92
22 94
22 95
22 96
22 97
22 100
22 101
22 102
22 104
22 105
22 106
22 112
22 114
22 115
22 116
22 117
22 119
22 121
22 122
22 123
22 124
22 127
22 128
22 130
22 134
22 135
22 139
22 141
22 142
22 143
22 144
22 149
22 150
22 151
22 152
22 154
22 155
22 156
22 160
22 161
22 162
22 164
22 166
22 167
22 171
22 173
22 174
22 176
22 177
23 26
23 27
23 28
23 33
23 34
23 36
23 38
23 39
23 40
23 42
23 44
23 45
23 46
23 47
23 48
23 49
23 50
23 52
23 53
23 55
23 57
23 58
23 59
23 60
23 61
23 62
23 63
23 66
23 69
23 70
23 71
23 72
23 73
23 75
23 76
23 79
23 80
23 81
23 85
23 87
23 88
23 89
23 90
23 91
23 92
23 94
23 95
23 96
23 97
23 101
23 102
23 106
23 108
23 110
23 114
23 116
23 117
23 119
23 120
23 122
23 124
23 125
23 126
23 127
23 128
23 130
23 132
23 133
23 134
23 135
23 136
23 137
23 138
23 140
23 144
23 146
23 148
23 149
23 152
23 153
23 154
23 156
23 159
23 164
23 166
23 167
23 168
23 172
23 175
23 176
24 25
24 26
24 27
24 29
24 30
24 31
24 33
24 36
24 38
24 39
24 41
24 42
24 43
24 44
24 45
24 46
24 47
24 48
24 49
24 52
24 56
24 57
24 58
24 59
24 62
24 63
24 66
24 70
24 71
24 72
24 73
24 75
24 77
24 80
24 82
24 83
24 84
24 85
24 86
24 89
24 92
24 94
24 95
24 96
24 97
24 98
24 99
24 101
24 102
24 104
24 105
24 106
24 107
24 108
24 110
24 111
24 113
24 114
24 116
24 117
24 118
24 120
24 121
24 123
24 124
24 126
24 131
24 136
24 137
24 140
24 141
24 143
24 145
24 146
24 147
24 150
24 151
24 152
24 153
24 155
24 158
24 163
24 165
24 167
24 170
24 173
25 26
25 27
25 29
25 31
25 34
25 37
25 39
25 41
25 43
25 44
25 45
25 46
25 47
25 48
25 50
25 52
25 53
25 54
25 55
25 56
25 61
25 63
25 64
25 65
25 67
25 68
25 70
25 72
25 73
25 74
25 75
25 77
25 78
25 81
25 84
25 88
25 90
25 91
25 92
25 94
25 95
25 97
25 98
25 100
25 102
25 103
25 104
25 106
25 107
25 108
25 109
25 113
25 114
25 115
25 117
25 118
25 120
25 121
25 122
25 123
25 124
25 125
25 128
25 132
25 134
25 135
25 136
25 137
25 138
25 139
25 140
25 141
25 144
25 146
25 147
25 149
25 153
25 157
25 158
25 159
25 160
25 163
25 164
25 165
25 166
25 171
25 173
25 174
25 175
25 179
26 27
26 28
26 29
26 33
26 34
26 36
26 37
26 38
26 40
26 41
26 43
26 45
26 47
26 50
26 52
26 53
26 55
26 57
26 59
26 60
26 61
26 62
26 63
26 65
26 69
26 71
26 72
26 73
26 74
26 75
26 76
26 82
26 85
26 86
26 87
26 90
26 92
26 96
26 98
26 99
26 100
26 102
26 103
26 106
26 107
26 108
26 110
26 114
26 115
26 116
26 122
26 123
26 124
26 125
26 126
26 128
26 129
26 133
26 135
26 136
26 137
26 138
26 141
26 142
26 145
26 146
26 148
26 149
26 151
26 152
26 154
26 157
26 162
26 164
26 166
26 168
26 169
26 170
26 171
26 172
26 173
26 174
26 176
26 178
26 179
27 28
27 29
27 30
27 31
27 33
27 35
27 37
27 38
27 39
27 41
27 42
27 46
27 47
27 48
27 49
27 50
27 51
27 52
27 54
27 55
27 56
27 57
27 59
27 60
27 66
27 67
27 68
27 69
27 71
27 74
27 76
27 77
27 78
27 82
27 85
27 87
27 90
27 92
27 93
27 94
27 95
27 97
27 99
27 102
27 103
27 104
27 106
27 107
27 110
27 112
27 116
27 119
27 121
27 122
27 123
27 126
27 127
27 130
27 131
27 132
27 135
27 136
27 138
27 140
27 141
27 142
27 143
27 146
27 147
27 149
27 151
27 152
27 153
27 156
27 157
27 159
27 161
27 163
27 164
27 165
27 167
27 169
27 173
27 179
28 29
28 30
28 31
28 32
28 33
28 34
28 35
28 36
28 37
28 38
28 40
28 43
28 44
28 46
28 48
28 49
28 50
28 52
28 53
28 54
28 55
28 60
28 61
28 62
28 67
28 68
28 69
28 75
28 76
28 77
28 80
28 83
28 86
28 88
28 90
28 91
28 92
28 98
28 99
28 101
28 103
28 104
28 105
28 106
28 109
28 111
28 113
28 114
28 115
28 116
28 119
28 120
28 121
28 122
28 123
28 125
28 127
28 128
28 130
28 132
28 133
28 136
28 138
28 141
28 142
28 144
28 145
28 146
28 147
28 149
28 151
28 152
28 154
28 158
28 159
28 160
28 161
28 165
28 166
28 167
28 168
28 169
28 175
28 176
28 177
28 178
29 30
29 33
29 36
29 37
29 39
29 40
29 41
29 42
29 43
29 46
29 47
29 48
29 49
29 51
29 57
29 59
29 60
29 61
29 62
29 65
29 66
29 75
29 78
29 79
29 80
29 81
29 85
29 86
29 89
29 90
29 91
29 94
29 95
29 96
29 99
29 102
29 107
29 110
29 111
29 112
29 114
29 116
29 117
29 120
29 121
29 122
29 123
29 127
29 129
29 130
29 132
29 134
29 135
29 137
29 142
29 143
29 144
29 145
29 146
29 149
29 150
29 154
29 156
29 163
29 165
29 166
29 167
29 168
29 169
29 170
29 171
29 175
29 178
30 32
30 33
30 34
30 37
30 41
30 43
30 44
30 45
30 46
30 47
30 51
30 52
30 53
30 55
30 56
30 57
30 59
30 60
30 61
30 62
30 63
30 64
30 66
30 67
30 68
30 70
30 72
30 73
30 74
30 75
30 77
30 78
30 80
30 82
30 83
30 84
30 85
30 86
30 89
30 90
30 93
30 94
30 95
30 96
30 97
30 98
30 101
30 106
30 109
30 110
30 111
30 112
30 114
30 115
30 116
30 118
30 125
30 126
30 127
30 128
30 130
30 133
30 135
30 137
30 146
30 147
30 148
30 151
30 153
30 154
30 156
30 158
30 165
30 166
30 167
30 169
30 170
30 171
30 173
30 174
30 175
30 176
30 178
31 33
31 35
31 38
31 39
31 41
31 45
31 48
31 52
31 54
31 55
31 57
31 58
31 59
31 61
31 62
31 63
31 64
31 67
31 68
31 69
31 70
31 71
31 73
31 74
31 76
31 77
31 79
31 80
31 82
31 83
31 84
31 85
31 88
31 89
31 93
31 94
31 95
31 99
31 104
31 105
31 106
31 107
31 108
31 109
31 112
31 113
31 119
31 120
31 123
31 125
31 128
31 129
31 130
31 132
31 134
31 136
31 137
31 138
31 139
31 140
31 141
31 142
31 143
31 144
31 146
31 149
31 150
31 153
31 154
31 155
31 160
31 163
31 164
31 165
31 168
31 169
31 170
31 171
31 176
31 179
32 34
32 35
32 36
32 39
32 40
32 42
32 43
32 44
32 45
32 46
32 47
32 49
32 52
32 53
32 54
32 56
32 58
32 59
32 60
32 61
32 63
32 64
32 65
32 66
32 69
32 70
32 71
32 72
32 73
32 74
32 77
32 78
32 81
32 82
32 83
32 84
32 86
32 87
32 88
32 89
32 92
32 93
32 94
32 96
32 98
32 99
32 100
32 102
32 105
32 108
32 109
32 110
32 112
32 114
32 115
32 117
32 119
32 120
32 122
32 124
32 125
32 126
32 127
32 128
32 130
32 131
32 132
32 133
32 134
32 137
32 138
32 139
32 142
32 144
32 146
32 148
32 149
32 154
32 156
32 159
32 160
32 163
32 164
32 166
32 169
32 171
32 175
32 176
32 179
33 34
33 35
33 37
33 38
33 39
33 41
33 42
33 44
33 46
33 52
33 55
33 56
33 59
33 60
33 62
33 64
33 65
33 66
33 67
33 68
33 72
33 74
33 79
33 81
33 83
33 84
33 85
33 86
33 88
33 89
33 90
33 91
33 93
33 96
33 99
33 101
33 104
33 106
33 107
33 108
33 109
33 110
33 112
33 113
33 116
33 117
33 119
33 120
33 122
33 123
33 127
33 128
33 129
33 130
33 131
33 135
33 137
33 138
33 140
33 141
33 147
33 150
33 151
33 152
33 154
33 156
33 157
33 160
33 161
33 163
33 164
33 165
33 166
33 169
33 172
33 173
33 175
33 176
33 177
33 178
34 35
34 37
34 38
34 39
34 41
34 43
34 44
34 45
34 46
34 48
34 51
34 52
34 55
34 56
34 58
34 60
34 61
34 63
34 64
34 65
34 66
34 67
34 68
34 69
34 70
34 71
34 74
34 75
34 76
34 77
34 79
34 80
34 81
34 82
34 85
34 86
34 87
34 88
34 91
34 93
34 96
34 97
34 101
34 102
34 103
34 104
34 105
34 108
34 110
34 111
34 115
34 116
34 117
34 123
34 125
34 126
34 128
34 130
34 131
34 140
34 141
34 142
34 143
34 144
34 145
34 155
34 156
34 158
34 159
34 160
34 163
34 165
34 166
34 167
34 169
34 171
34 173
34 178
35 36
35 38
35 40
35 41
35 42
35 45
35 46
35 47
35 50
35 52
35 53
35 54
35 55
35 56
35 58
35 59
35 61
35 62
35 65
35 66
35 67
35 68
35 70
35 72
35 73
35 74
35 76
35 78
35 79
35 81
35 83
35 87
35 88
35 90
35 94
35 98
35 100
35 101
35 105
35 106
35 108
35 109
35 110
35 111
35 114
35 116
35 117
35 118
35 119
35 121
35 124
35 129
35 130
35 133
35 135
35 136
35 137
35 138
35 139
35 140
35 142
35 144
35 145
35 148
35 149
35 155
35 156
35 158
35 163
35 167
35 170
35 171
35 172
35 173
35 175
35 177
35 179
36 37
36 38
36 40
36 41
36 43
36 44
36 45
36 46
36 47
36 48
36 51
36 53
36 55
36 56
36 57
36 58
36 59
36 61
36 65
36 68
36 70
36 71
36 73
36 75
36 77
36 81
36 82
36 83
36 84
36 85
36 86
36 87
36 88
36 89
36 90
36 91
36 92
36 97
36 100
36 101
36 103
36 104
36 107
36 108
36 109
36 110
36 113
36 115
36 116
36 117
36 119
36 120
36 123
36 125
36 126
36 127
36 128
36 129
36 130
36 131
36 132
36 134
36 136
36 139
36 143
36 145
36 146
36 148
36 149
36 153
36 155
36 156
36 158
36 159
36 161
36 163
36 165
36 166
36 167
36 171
36 174
36 175
36 176
36 177
36 178
37 38
37 40
37 41
37 44
37 45
37 47
37 49
37 50
37 51
37 53
37 55
37 56
37 57
37 59
37 60
37 61
37 62
37 63
37 64
37 65
37 68
37 71
37 73
37 74
37 76
37 77
37 78
37 79
37 81
37 84
37 87
37 89
37 90
37 91
37 92
37 94
37 96
37 98
37 100
37 101
37 103
37 106
37 107
37 109
37 110
37 111
37 113
37 116
37 117
37 119
37 122
37 125
37 127
37 130
37 132
37 133
37 134
37 135
37 137
37 138
37 139
37 140
37 141
37 142
37 144
37 145
37 146
37 147
37 149
37 154
37 156
37 160
37 162
37 163
37 167
37 168
37 169
37 172
37 177
38 39
38 43
38 44
38 48
38 50
38 51
38 52
38 54
38 55
38 57
38 58
38 59
38 62
38 63
38 64
38 66
38 67
38 72
38 73
38 78
38 79
38 82
38 83
38 84
38 88
38 89
38 91
38 92
38 94
38 96
38 97
38 101
38 105
38 106
38 108
38 109
38 110
38 112
38 113
38 114
38 116
38 118
38 119
38 120
38 121
38 123
38 124
38 126
38 127
38 128
38 129
38 130
38 133
38 137
38 138
38 139
38 141
38 144
38 148
38 150
38 151
38 154
38 156
38 159
38 160
38 162
38 163
38 166
38 167
38 169
38 171
38 172
38 174
38 175
38 176
38 177
38 179
39 41
39 44
39 46
39 47
39 48
39 51
39 55
39 57
39 58
39 60
39 62
39 63
39 64
39 67
39 68
39 69
39 70
39 73
39 75
39 77
39 79
39 80
39 81
39 82
39 84
39 85
39 86
39 87
39 88
39 89
39 90
39 93
39 95
39 96
39 97
39 99
39 100
39 101
39 102
39 109
39 110
39 111
39 112
39 113
39 114
39 116
39 118
39 121
39 122
39 125
39 128
39 130
39 134
39 135
39 138
39 144
39 148
39 150
39 152
39 154
39 155
39 157
39 160
39 161
39 162
39 163
39 164
39 166
39 167
39 168
39 169
39 174
39 176
39 177
40 41
40 42
40 43
40 44
40 45
40 47
40 48
40 49
40 51
40 52
40 53
40 54
40 55
40 59
40 60
40 63
40 67
40 68
40 69
40 70
40 71
40 73
40 74
40 75
40 76
40 77
40 78
40 79
40 80
40 82
40 86
40 88
40 90
40 92
40 95
40 96
40 99
40 102
40 107
40 108
40 109
40 110
40 112
40 117
40 119
40 120
40 121
40 125
40 128
40 130
40 131
40 133
40 135
40 136
40 139
40 140
40 142
40 143
40 144
40 146
40 147
40 149
40 150
40 152
40 154
40 157
40 158
40 160
40 162
40 163
40 165
40 166
40 167
40 168
40 170
40 171
40 173
40 174
40 175
40 178
40 179
41 42
41 44
41 45
41 46
41 48
41 49
41 50
41 54
41 55
41 58
41 59
41 60
41 64
41 65
41 67
41 68
41 70
41 71
41 75
41 77
41 78
41 79
41 82
41 83
41 85
41 86
41 87
41 88
41 90
41 91
41 92
41 93
41 94
41 97
41 98
41 99
41 100
41 101
41 102
41 103
41 106
41 109
41 110
41 115
41 119
41 129
41 131
41 133
41 136
41 137
41 140
41 141
41 143
41 145
41 146
41 147
41 148
41 151
41 153
41 154
41 155
41 156
41 159
41 160
41 163
41 167
41 170
41 175
41 176
41 177
41 178
41 179
42 43
42 46
42 48
42 50
42 58
42 59
42 60
42 62
42 63
42 64
42 65
42 67
42 68
42 69
42 71
42 72
42 73
42 75
42 76
42 78
42 79
42 80
42 81
42 83
42 85
42 87
42 88
42 89
42 92
42 94
42 98
42 99
42 100
42 102
42 103
42 104
42 105
42 107
42 109
42 111
42 112
42 113
42 115
42 118
42 120
42 121
42 122
42 125
42 129
42 130
42 131
42 132
42 133
42 134
42 135
42 136
42 137
42 139
42 140
42 142
42 144
42 148
42 149
42 152
42 155
42 156
42 159
42 161
42 162
42 163
42 165
42 166
42 168
42 169
42 171
42 177
42 178
43 45
43 46
43 48
43 50
43 52
43 53
43 55
43 56
43 57
43 59
43 61
43 62
43 65
43 66
43 67
43 68
43 70
43 71
43 72
43 73
43 76
43 79
43 80
43 82
43 83
43 86
43 87
43 88
43 89
43 91
43 93
43 94
43 96
43 97
43 98
43 99
43 100
43 101
43 104
43 105
43 107
43 110
43 115
43 118
43 124
43 126
43 129
43 130
43 132
43 134
43 140
43 144
43 145
43 146
43 147
43 148
43 150
43 151
43 155
43 159
43 161
43 164
43 165
43 169
43 170
43 171
43 172
43 173
43 174
43 175
43 177
44 45
44 47
44 48
44 50
44 52
44 53
44 54
44 55
44 56
44 57
44 58
44 60
44 62
44 63
44 64
44 65
44 67
44 72
44 74
44 78
44 81
44 82
44 83
44 85
44 86
44 87
44 88
44 89
44 91
44 92
44 93
44 94
44 95
44 96
44 102
44 103
44 104
44 105
44 107
44 108
44 111
44 112
44 114
44 115
44 116
44 117
44 119
44 120
44 122
44 125
44 126
44 127
44 132
44 137
44 143
44 144
44 145
44 146
44 147
44 150
44 158
44 163
44 166
44 174
44 176
44 177
44 179
45 48
45 50
45 51
45 53
45 54
45 56
45 57
45 58
45 61
45 62
45 64
45 66
45 67
45 68
45 72
45 73
45 74
45 76
45 77
45 78
45 84
45 86
45 87
45 92
45 93
45 94
45 95
45 97
45 98
45 101
45 104
45 106
45 108
45 109
45 111
45 112
45 113
45 114
45 115
45 117
45 118
45 119
45 121
45 122
45 124
45 125
45 131
45 133
45 136
45 137
45 139
45 140
45 141
45 143
45 144
45 145
45 146
45 148
45 151
45 154
45 157
45 160
45 163
45 165
45 166
45 168
45 172
45 173
45 174
45 178
45 179
46 47
46 49
46 51
46 55
46 56
46 57
46 58
46 62
46 64
46 65
46 67
46 69
46 71
46 72
46 74
46 75
46 76
46 79
46 80
46 81
46 82
46 85
46 87
46 90
46 91
46 94
46 96
46 100
46 101
46 103
46 107
46 108
46 110
46 112
46 113
46 114
46 115
46 116
46 117
46 120
46 125
46 126
46 127
46 129
46 135
46 136
46 138
46 139
46 142
46 144
46 145
46 148
46 149
46 150
46 159
46 163
46 165
46 168
46 169
46 170
46 171
46 172
46 174
46 176
46 177
46 178
47 51
47 52
47 54
47 56
47 57
47 58
47 59
47 60
47 61
47 62
47 64
47 67
47 69
47 70
47 71
47 72
47 75
47 77
47 78
47 79
47 81
47 82
47 83
47 85
47 86
47 87
47 91
47 93
47 94
47 95
47 98
47 100
47 104
47 107
47 109
47 111
47 112
47 117
47 118
47 119
47 122
47 125
47 127
47 129
47 130
47 131
47 132
47 135
47 136
47 137
47 138
47 140
47 141
47 142
47 143
47 151
47 153
47 154
47 155
47 156
47 159
47 160
47 161
47 162
47 167
47 169
47 172
47 173
47 174
47 175
47 176
47 178
48 52
48 53
48 54
48 55
48 57
48 60
48 61
48 63
48 66
48 67
48 70
48 74
48 75
48 79
48 80
48 81
48 82
48 83
48 84
48 87
48 88
48 89
48 90
48 93
48 96
48 97
48 99
48 100
48 102
48 104
48 105
48 106
48 107
48 109
48 110
48 111
48 113
48 115
48 116
48 118
48 120
48 123
48 126
48 127
48 129
48 131
48 136
48 137
48 138
48 139
48 141
48 144
48 145
48 146
48 147
48 148
48 149
48 150
48 152
48 157
48 158
48 161
48 164
48 165
48 168
48 170
48 172
48 174
48 176
48 179
49 50
49 52
49 53
49 54
49 55
49 56
49 57
49 59
49 60
49 61
49 62
49 66
49 67
49 68
49 78
49 79
49 81
49 82
49 85
49 86
49 88
49 92
49 95
49 97
49 98
49 99
49 100
49 101
49 102
49 104
49 105
49 106
49 107
49 108
49 109
49 114
49 117
49 118
49 119
49 120
49 126
49 127
49 128
49 131
49 133
49 134
49 135
49 137
49 140
49 143
49 145
49 147
49 148
49 150
49 152
49 155
49 157
49 158
49 159
49 160
49 161
49 165
49 166
49 168
49 169
49 173
49 175
49 179
50 51
50 52
50 53
50 56
50 60
50 61
50 65
50 66
50 69
50 73
50 74
50 75
50 76
50 77
50 78
50 83
50 86
50 87
50 89
50 91
50 93
50 95
50 97
50 98
50 100
50 101
50 103
50 105
50 106
50 107
50 109
50 110
50 111
50 112
50 114
50 115
50 118
50 119
50 120
50 121
50 125
50 129
50 130
50 133
50 135
50 138
50 145
50 146
50 147
50 149
50 155
50 159
50 160
50 162
50 164
50 168
50 171
50 174
50 175
50 176
51 52
51 53
51 54
51 56
51 59
51 61
51 62
51 63
51 64
51 65
51 66
51 67
51 68
51 69
51 70
51 74
51 75
51 77
51 80
51 81
51 83
51 85
51 88
51 89
51 90
51 94
51 95
51 99
51 100
51 101
51 102
51 104
51 106
51 107
51 108
51 109
51 110
51 112
51 114
51 116
51 117
51 118
51 120
51 121
51 123
51 126
51 132
51 134
51 135
51 138
51 139
51 140
51 142
51 143
51 144
51 145
51 149
51 151
51 153
51 154
51 155
51 157
51 158
51 160
51 161
51 164
51 165
51 166
51 167
51 169
51 172
51 174
51 175
51 178
52 54
52 57
52 60
52 61
52 62
52 64
52 65
52 66
52 67
52 68
52 69
52 70
52 71
52 73
52 76
52 84
52 85
52 86
52 87
52 89
52 90
52 91
52 92
52 94
52 95
52 96
52 97
52 98
52 99
52 105
52 107
52 110
52 113
52 115
52 116
52 117
52 118
52 119
52 121
52 123
52 124
52 126
52 127
52 128
52 129
52 133
52 134
52 136
52 137
52 138
52 139
52 141
52 142
52 147
52 149
52 150
52 153
52 159
52 160
52 162
52 163
52 168
52 170
52 173
52 174
52 175
53 54
53 55
53 56
53 57
53 58
53 59
53 61
53 62
53 63
53 65
53 66
53 67
53 68
53 69
53 70
53 72
53 75
53 77
53 81
53 82
53 83
53 84
53 87
53 89
53 91
53 92
53 93
53 95
53 96
53 97
53 99
53 100
53 101
53 103
53 106
53 108
53 109
53 111
53 112
53 116
53 118
53 119
53 120
53 121
53 125
53 126
53 127
53 131
53 132
53 133
53 135
53 136
53 139
53 144
53 146
53 149
53 150
53 152
53 155
53 160
53 163
53 164
53 165
53 166
53 167
53 168
53 170
53 171
53 172
53 173
53 175
53 176
53 178
54 55
54 57
54 59
54 60
54 62
54 66
54 68
54 70
54 71
54 72
54 74
54 75
54 76
54 78
54 79
54 84
54 88
54 94
54 95
54 97
54 98
54 103
54 104
54 108
54 109
54 110
54 111
54 112
54 113
54 114
54 115
54 117
54 122
54 124
54 126
54 127
54 130
54 134
54 137
54 138
54 140
54 142
54 143
54 146
54 148
54 149
54 150
54 156
54 157
54 158
54 159
54 161
54 162
54 163
54 164
54 165
54 166
54 169
54 171
54 172
54 173
54 174
54 176
55 57
55 58
55 60
55 61
55 63
55 64
55 65
55 67
55 68
55 70
55 71
55 72
55 73
55 74
55 82
55 83
55 85
55 86
55 87
55 90
55 91
55 98
55 99
55 100
55 101
55 103
55 104
55 105
55 106
55 108
55 109
55 110
55 113
55 114
55 115
55 118
55 119
55 120
55 121
55 123
55 125
55 127
55 135
55 137
55 138
55 139
55 140
55 142
55 146
55 147
55 148
55 157
55 163
55 164
55 165
55 170
55 178
56 58
56 59
56 60
56 61
56 63
56 65
56 67
56 72
56 74
56 76
56 77
56 79
56 80
56 81
56 82
56 83
56 84
56 85
56 86
56 87
56 89
56 90
56 94
56 96
56 99
56 101
56 102
56 103
56 104
56 108
56 110
56 111
56 115
56 116
56 119
56 120
56 121
56 122
56 123
56 124
56 125
56 126
56 127
56 128
56 129
56 131
56 133
56 135
56 138
56 141
56 142
56 145
56 153
56 157
56 158
56 159
56 161
56 162
56 163
56 164
56 165
56 166
56 170
56 173
56 176
56 177
56 178
56 179
57 58
57 59
57 60
57 61
57 63
57 65
57 66
57 67
57 72
57 73
57 74
57 75
57 77
57 80
57 81
57 82
57 85
57 86
57 87
57 90
57 93
57 95
57 97
57 98
57 99
57 101
57 108
57 109
57 113
57 116
57 117
57 120
57 121
57 123
57 128
57 129
57 131
57 132
57 134
57 138
57 139
57 140
57 141
57 142
57 143
57 144
57 145
57 150
57 151
57 152
57 153
57 154
57 155
57 159
57 163
57 166
57 169
57 173
57 174
57 176
57 177
57 178
58 59
58 64
58 65
58 66
58 67
58 71
58 73
58 77
58 78
58 80
58 81
58 82
58 83
58 85
58 90
58 91
58 92
58 93
58 95
58 96
58 97
58 98
58 102
58 104
58 106
58 107
58 109
58 110
58 111
58 112
58 114
58 116
58 117
58 118
58 119
58 123
58 125
58 126
58 128
58 129
58 130
58 131
58 132
58 137
58 141
58 144
58 145
58 146
58 148
58 150
58 152
58 153
58 156
58 157
58 158
58 161
58 162
58 164
58 165
58 168
58 173
58 174
58 176
58 178
59 60
59 63
59 64
59 65
59 66
59 70
59 71
59 73
59 74
59 75
59 76
59 79
59 80
59 81
59 84
59 85
59 86
59 87
59 88
59 89
59 91
59 98
59 99
59 100
59 101
59 102
59 103
59 108
59 110
59 111
59 115
59 117
59 118
59 119
59 121
59 122
59 123
59 128
59 130
59 133
59 134
59 139
59 140
59 141
59 143
59 145
59 147
59 148
59 149
59 152
59 156
59 158
59 165
59 167
59 171
59 172
59 173
59 174
59 177
60 61
60 62
60 63
60 64
60 65
60 67
60 69
60 70
60 72
60 76
60 78
60 80
60 81
60 83
60 84
60 86
60 88
60 91
60 92
60 93
60 94
60 96
60 97
60 103
60 106
60 108
60 114
60 115
60 116
60 120
60 123
60 125
60 126
60 127
60 128
60 129
60 131
60 132
60 133
60 135
60 136
60 141
60 142
60 143
60 148
60 151
60 154
60 155
60 160
60 162
60 163
60 164
60 166
60 167
60 169
60 171
60 172
60 175
60 176
61 62
61 63
61 67
61 69
61 71
61 72
61 73
61 74
61 75
61 77
61 78
61 80
61 81
61 83
61 84
61 88
61 89
61 91
61 94
61 95
61 98
61 99
61 100
61 104
61 108
61 109
61 111
61 112
61 113
61 116
61 119
61 124
61 126
61 127
61 130
61 132
61 133
61 134
61 136
61 138
61 143
61 145
61 147
61 148
61 149
61 151
61 154
61 155
61 157
61 158
61 160
61 161
61 164
61 169
61 170
61 172
61 173
61 177
61 178
61 179
62 65
62 66
62 67
62 68
62 69
62 70
62 71
62 72
62 73
62 77
62 80
62 82
62 83
62 84
62 85
62 86
62 87
62 90
62 91
62 94
62 98
62 100
62 102
62 107
62 108
62 109
62 111
62 112
62 117
62 118
62 119
62 120
62 121
62 122
62 125
62 126
62 127
62 130
62 131
62 133
62 136
62 140
62 143
62 144
62 145
62 149
62 153
62 154
62 155
62 158
62 159
62 160
62 162
62 164
62 168
62 169
62 170
62 175
62 176
62 179
63 64
63 66
63 67
63 68
63 70
63 72
63 75
63 76
63 78
63 80
63 83
63 85
63 86
63 92
63 93
63 95
63 98
63 99
63 100
63 101
63 103
63 104
63 106
63 107
63 109
63 110
63 111
63 112
63 114
63 117
63 118
63 119
63 120
63 121
63 124
63 127
63 128
63 129
63 134
63 140
63 142
63 145
63 147
63 149
63 151
63 152
63 153
63 156
63 158
63 159
63 162
63 163
63 165
63 169
63 171
63 172
63 173
63 176
63 178
64 66
64 68
64 69
64 71
64 72
64 74
64 75
64 77
64 84
64 86
64 87
64 88
64 90
64 92
64 93
64 94
64 95
64 100
64 101
64 102
64 103
64 104
64 106
64 112
64 113
64 114
64 116
64 118
64 120
64 121
64 122
64 124
64 128
64 130
64 131
64 132
64 135
64 140
64 142
64 143
64 145
64 148
64 152
64 154
64 156
64 158
64 163
64 164
64 165
64 166
64 167
64 169
64 170
64 172
64 173
64 176
64 177
64 179
65 66
65 67
65 68
65 69
65 71
65 72
65 73
65 74
65 75
65 76
65 77
65 80
65 81
65 82
65 83
65 87
65 89
65 90
65 91
65 93
65 94
65 95
65 98
65 103
65 104
65 105
65 110
65 114
65 115
65 116
65 118
65 119
65 123
65 125
65 127
65 129
65 131
65 133
65 134
65 135
65 137
65 143
65 152
65 153
65 154
65 155
65 156
65 157
65 158
65 163
65 168
65 169
65 171
65 176
65 179
66 70
66 72
66 74
66 75
66 76
66 77
66 79
66 81
66 82
66 85
66 86
66 87
66 88
66 89
66 90
66 95
66 96
66 100
66 101
66 102
66 103
66 105
66 106
66 107
66 113
66 115
66 119
66 121
66 123
66 128
66 131
66 134
66 135
66 136
66 137
66 141
66 143
66 144
66 145
66 146
66 150
66 151
66 154
66 155
66 156
66 157
66 165
66 168
66 170
66 171
66 172
66 177
67 68
67 69
67 70
67 72
67 73
67 76
67 79
67 80
67 82
67 85
67 86
67 91
67 92
67 98
67 99
67 100
67 101
67 105
67 107
67 109
67 112
67 113
67 114
67 122
67 123
67 124
67 125
67 128
67 130
67 131
67 132
67 133
67 137
67 139
67 143
67 147
67 149
67 150
67 152
67 153
67 154
67 157
67 158
67 159
67 163
67 168
67 171
67 172
67 176
68 69
68 71
68 74
68 76
68 77
68 79
68 82
68 86
68 87
68 90
68 93
68 98
68 100
68 103
68 107
68 109
68 110
68 112
68 113
68 114
68 115
68 119
68 120
68 122
68 123
68 124
68 126
68 128
68 129
68 132
68 133
68 135
68 136
68 138
68 141
68 143
68 146
68 147
68 150
68 151
68 153
68 156
68 160
68 161
68 163
68 164
68 166
68 167
68 168
68 169
68 172
68 174
68 175
68 178
68 179
69 70
69 71
69 72
69 73
69 76
69 78
69 80
69 81
69 82
69 85
69 87
69 88
69 94
69 97
69 98
69 104
69 108
69 109
69 111
69 112
69 114
69 116
69 117
69 122
69 126
69 129
69 131
69 132
69 133
69 139
69 140
69 141
69 143
69 148
69 149
69 153
69 154
69 155
69 156
69 157
69 158
69 161
69 162
69 166
69 170
69 171
69 173
69 175
69 176
69 178
70 71
70 72
70 74
70 76
70 77
70 82
70 83
70 84
70 87
70 88
70 89
70 92
70 94
70 95
70 96
70 97
70 99
70 101
70 102
70 103
70 105
70 108
70 109
70 114
70 118
70 120
70 121
70 124
70 125
70 131
70 132
70 133
70 134
70 135
70 136
70 141
70 144
70 147
70 148
70 149
70 152
70 154
70 156
70 157
70 162
70 163
70 165
70 166
70 167
70 168
70 169
70 170
70 171
70 173
70 175
70 178
70 179
71 72
71 75
71 76
71 77
71 79
71 80
71 81
71 82
71 83
71 84
71 85
71 86
71 88
71 89
71 90
71 92
71 93
71 94
71 99
71 100
71 102
71 104
71 105
71 106
71 107
71 108
71 110
71 111
71 113
71 114
71 115
71 118
71 120
71 122
71 124
71 125
71 126
71 127
71 131
71 137
71 140
71 141
71 142
71 146
71 150
71 151
71 155
71 156
71 158
71 160
71 162
71 163
71 166
71 168
71 170
71 172
72 74
72 75
72 76
72 81
72 82
72 84
72 85
72 86
72 87
72 88
72 89
72 90
72 91
72 92
72 95
72 97
72 98
72 99
72 100
72 102
72 105
72 106
72 109
72 110
72 112
72 113
72 114
72 115
72 116
72 120
72 121
72 122
72 128
72 129
72 136
72 137
72 139
72 142
72 145
72 147
72 151
72 166
72 173
72 174
72 177
72 178
73 77
73 78
73 79
73 80
73 82
73 84
73 85
73 86
73 87
73 88
73 89
73 93
73 98
73 101
73 102
73 103
73 104
73 105
73 109
73 110
73 111
73 113
73 115
73 116
73 120
73 123
73 124
73 126
73 131
73 132
73 133
73 138
73 140
73 143
73 144
73 145
73 147
73 148
73 149
73 151
73 152
73 153
73 154
73 158
73 159
73 160
73 161
73 164
73 167
73 168
73 169
73 170
73 172
73 173
73 175
73 178
73 179
74 75
74 76
74 78
74 79
74 82
74 83
74 84
74 86
74 87
74 89
74 90
74 92
74 94
74 95
74 96
74 97
74 98
74 99
74 100
74 101
74 103
74 104
74 106
74 111
74 112
74 113
74 114
74 115
74 118
74 122
74 123
74 124
74 125
74 126
74 129
74 131
74 132
74 135
74 137
74 139
74 143
74 148
74 149
74 150
74 151
74 152
74 154
74 155
74 156
74 160
74 161
74 162
74 166
74 167
74 170
74 171
74 173
74 175
75 76
75 77
75 80
75 81
75 84
75 85
75 87
75 88
75 90
75 91
75 92
75 93
75 95
75 96
75 100
75 105
75 107
75 108
75 110
75 111
75 114
75 115
75 121
75 122
75 123
75 127
75 129
75 131
75 133
75 137
75 139
75 140
75 141
75 143
75 144
75 145
75 146
75 148
75 149
75 150
75 151
75 154
75 156
75 157
75 158
75 160
75 161
75 164
75 175
75 177
76 77
76 78
76 79
76 83
76 85
76 87
76 88
76 90
76 93
76 94
76 95
76 99
76 100
76 102
76 104
76 105
76 107
76 108
76 115
76 116
76 118
76 120
76 121
76 125
76 126
76 128
76 129
76 131
76 132
76 134
76 138
76 139
76 141
76 144
76 148
76 150
76 152
76 153
76 156
76 160
76 161
76 162
76 166
76 167
76 169
76 173
76 175
76 177
76 179
77 79
77 80
77 82
77 85
77 86
77 88
77 90
77 93
77 95
77 96
77 98
77 99
77 100
77 101
77 103
77 106
77 107
77 109
77 111
77 112
77 113
77 116
77 120
77 122
77 123
77 124
77 125
77 126
77 128
77 129
77 133
77 135
77 139
77 140
77 143
77 144
77 146
77 147
77 149
77 150
77 152
77 153
77 158
77 161
77 163
77 168
77 169
77 173
77 177
78 79
78 80
78 82
78 83
78 85
78 87
78 88
78 89
78 90
78 92
78 93
78 96
78 97
78 98
78 100
78 103
78 107
78 112
78 113
78 116
78 117
78 118
78 119
78 122
78 123
78 124
78 125
78 126
78 127
78 129
78 137
78 140
78 143
78 144
78 145
78 147
78 151
78 152
78 153
78 154
78 157
78 158
78 159
78 162
78 164
78 165
78 167
78 170
78 174
78 176
78 179
79 80
79 81
79 82
79 83
79 84
79 90
79 91
79 92
79 93
79 94
79 102
79 103
79 104
79 105
79 110
79 112
79 113
79 115
79 116
79 118
79 121
79 122
79 123
79 124
79 126
79 128
79 129
79 130
79 131
79 132
79 134
79 137
79 138
79 139
79 141
79 147
79 148
79 149
79 156
79 160
79 162
79 163
79 164
79 167
79 168
79 169
79 171
79 176
79 177
80 81
80 84
80 90
80 93
80 95
80 99
80 100
80 101
80 102
80 105
80 106
80 107
80 109
80 113
80 116
80 118
80 123
80 125
80 127
80 128
80 129
80 130
80 131
80 136
80 137
80 138
80 139
80 140
80 142
80 143
80 146
80 151
80 152
80 153
80 155
80 156
80 157
80 158
80 159
80 160
80 163
80 164
80 165
80 167
80 171
80 172
80 174
80 175
80 179
81 83
81 84
81 92
81 94
81 95
81 96
81 97
81 100
81 101
81 103
81 106
81 107
81 108
81 111
81 113
81 114
81 117
81 121
81 122
81 124
81 126
81 127
81 131
81 132
81 134
81 137
81 139
81 140
81 142
81 143
81 144
81 146
81 147
81 150
81 156
81 158
81 159
81 160
81 161
81 166
81 172
81 175
81 179
82 84
82 85
82 89
82 90
82 91
82 92
82 93
82 95
82 96
82 99
82 100
82 103
82 104
82 105
82 106
82 108
82 110
82 111
82 113
82 117
82 118
82 120
82 121
82 123
82 124
82 126
82 139
82 140
82 144
82 145
82 148
82 149
82 151
82 155
82 157
82 158
82 160
82 162
82 163
82 167
82 169
82 171
82 172
83 85
83 90
83 93
83 97
83 99
83 100
83 102
83 103
83 104
83 106
83 107
83 109
83 111
83 112
83 113
83 116
83 119
83 121
83 124
83 125
83 131
83 132
83 134
83 136
83 138
83 139
83 142
83 143
83 145
83 146
83 149
83 150
83 151
83 152
83 153
83 154
83 159
83 162
83 163
83 165
83 166
83 167
83 168
83 173
83 174
83 175
83 176
83 178
84 85
84 87
84 89
84 90
84 92
84 94
84 96
84 97
84 99
84 100
84 106
84 108
84 109
84 111
84 112
84 113
84 114
84 117
84 118
84 119
84 122
84 123
84 124
84 126
84 127
84 129
84 135
84 136
84 137
84 138
84 140
84 142
84 145
84 146
84 147
84 148
84 149
84 154
84 155
84 156
84 158
84 160
84 162
84 163
84 164
84 167
84 168
84 171
84 172
84 178
84 179
85 88
85 89
85 93
85 94
85 95
85 96
85 99
85 100
85 103
85 106
85 107
85 109
85 112
85 115
85 117
85 121
85 123
85 124
85 127
85 134
85 136
85 137
85 141
85 142
85 143
85 144
85 147
85 148
85 150
85 151
85 152
85 153
85 157
85 158
85 167
85 169
85 172
85 177
85 179
86 87
86 90
86 92
86 93
86 94
86 97
86 98
86 99
86 102
86 103
86 106
86 113
86 114
86 115
86 117
86 120
86 121
86 123
86 124
86 125
86 126
86 127
86 131
86 132
86 136
86 137
86 139
86 140
86 141
86 142
86 144
86 145
86 147
86 150
86 154
86 156
86 158
86 159
86 160
86 161
86 163
86 165
86 167
86 170
86 171
87 88
87 89
87 91
87 92
87 95
87 97
87 100
87 103
87 104
87 105
87 106
87 109
87 113
87 115
87 117
87 118
87 121
87 124
87 125
87 126
87 131
87 132
87 133
87 136
87 137
87 139
87 143
87 145
87 147
87 148
87 149
87 150
87 157
87 160
87 164
87 167
87 168
87 171
87 172
87 175
87 176
87 177
87 179
88 89
88 90
88 91
88 93
88 94
88 95
88 99
88 100
88 101
88 102
88 103
88 104
88 107
88 108
88 109
88 110
88 111
88 112
88 114
88 115
88 121
88 125
88 126
88 128
88 130
88 134
88 135
88 136
88 137
88 143
88 148
88 149
88 151
88 153
88 154
88 155
88 158
88 159
88 161
88 163
88 164
88 171
88 172
88 173
88 174
88 179
89 90
89 92
89 95
89 96
89 97
89 102
89 103
89 104
89 105
89 106
89 108
89 111
89 123
89 124
89 126
89 129
89 131
89 133
89 136
89 137
89 139
89 143
89 148
89 149
89 151
89 152
89 157
89 158
89 160
89 162
89 163
89 165
89 170
89 173
89 175
90 92
90 93
90 94
90 96
90 98
90 99
90 101
90 102
90 104
90 108
90 110
90 111
90 112
90 113
90 115
90 118
90 121
90 122
90 124
90 125
90 126
90 127
90 128
90 133
90 134
90 137
90 138
90 139
90 143
90 148
90 149
90 153
90 155
90 157
90 161
90 162
90 164
90 165
90 166
90 174
90 177
90 178
91 92
91 93
91 97
91 98
91 99
91 103
91 108
91 109
91 110
91 111
91 113
91 114
91 115
91 116
91 118
91 119
91 121
91 123
91 126
91 127
91 129
91 131
91 135
91 136
91 137
91 138
91 139
91 140
91 142
91 144
91 145
91 148
91 149
91 152
91 153
91 155
91 158
91 163
91 166
91 167
91 169
91 170
91 171
91 175
91 178
92 96
92 97
92 98
92 99
92 104
92 105
92 109
92 110
92 111
92 113
92 114
92 115
92 118
92 119
92 120
92 126
92 127
92 128
92 131
92 133
92 134
92 138
92 140
92 142
92 143
92 144
92 145
92 148
92 151
92 152
92 153
92 156
92 159
92 161
92 171
92 173
92 174
92 178
93 94
93 95
93 96
93 97
93 98
93 102
93 103
93 105
93 106
93 107
93 109
93 111
93 121
93 126
93 128
93 130
93 132
93 133
93 135
93 136
93 137
93 141
93 142
93 143
93 150
93 151
93 152
93 154
93 156
93 158
93 159
93 163
93 166
93 167
93 168
93 170
93 171
93 172
93 175
93 176
93 179
94 97
94 100
94 101
94 103
94 106
94 110
94 111
94 112
94 113
94 115
94 117
94 118
94 119
94 121
94 123
94 126
94 129
94 130
94 131
94 133
94 134
94 135
94 137
94 145
94 146
94 147
94 149
94 150
94 152
94 156
94 158
94 160
94 163
94 169
94 174
94 175
94 176
94 178
94 179
95 98
95 101
95 102
95 103
95 110
95 113
95 118
95 119
95 125
95 126
95 127
95 128
95 132
95 135
95 138
95 140
95 141
95 143
95 150
95 153
95 155
95 157
95 158
95 159
95 160
95 161
95 162
95 163
95 166
95 168
95 171
95 173
95 174
96 98
96 99
96 100
96 101
96 102
96 104
96 111
96 114
96 115
96 118
96 119
96 120
96 121
96 131
96 132
96 133
96 134
96 135
96 136
96 138
96 139
96 140
96 146
96 147
96 149
96 151
96 152
96 154
96 155
96 157
96 159
96 160
96 162
96 164
96 167
96 169
96 171
96 174
96 175
97 98
97 102
97 103
97 104
97 105
97 106
97 107
97 109
97 110
97 111
97 114
97 118
97 119
97 120
97 122
97 123
97 125
97 126
97 127
97 129
97 130
97 133
97 135
97 138
97 139
97 140
97 142
97 144
97 145
97 146
97 147
97 148
97 151
97 152
97 157
97 161
97 162
97 166
97 168
97 170
97 173
97 175
97 176
98 101
98 104
98 107
98 108
98 112
98 116
98 117
98 118
98 119
98 120
98 121
98 123
98 124
98 127
98 129
98 130
98 131
98 133
98 134
98 139
98 142
98 143
98 146
98 147
98 148
98 149
98 152
98 153
98 154
98 157
98 158
98 159
98 161
98 167
98 171
98 178
99 104
99 108
99 110
99 111
99 113
99 115
99 116
99 117
99 121
99 124
99 125
99 126
99 127
99 130
99 132
99 135
99 136
99 139
99 140
99 141
99 142
99 143
99 144
99 148
99 150
99 151
99 153
99 154
99 158
99 163
99 165
99 168
99 174
99 175
99 176
100 104
100 105
100 106
100 107
100 109
100 115
100 116
100 118
100 119
100 120
100 123
100 124
100 126
100 127
100 131
100 132
100 133
100 136
100 141
100 142
100 151
100 153
100 156
100 158
100 159
100 160
100 161
100 162
100 164
100 168
100 174
100 175
100 177
100 178
101 103
101 104
101 107
101 110
101 112
101 113
101 116
101 121
101 124
101 126
101 128
101 129
101 130
101 131
101 132
101 136
101 139
101 140
101 142
101 145
101 149
101 150
101 151
101 153
101 154
101 155
101 156
101 157
101 159
101 162
101 163
101 164
101 165
101 169
101 171
101 173
101 179
102 103
102 105
102 106
102 107
102 108
102 109
102 112
102 114
102 117
102 121
102 123
102 124
102 125
102 128
102 129
102 131
102 136
102 138
102 147
102 148
102 152
102 153
102 154
102 157
102 162
102 165
102 167
102 171
102 173
102 174
102 176
102 178
103 111
103 114
103 118
103 126
103 127
103 128
103 135
103 137
103 140
103 141
103 143
103 145
103 146
103 147
103 148
103 153
103 154
103 155
103 156
103 158
103 160
103 161
103 164
103 165
103 167
103 168
103 170
103 172
103 176
103 177
103 178
103 179
104 105
104 106
104 108
104 112
104 115
104 117
104 118
104 120
104 121
104 123
104 125
104 127
104 130
104 133
104 134
104 141
104 142
104 143
104 146
104 149
104 151
104 163
104 166
104 168
104 169
104 170
104 172
104 173
104 174
104 176
104 178
104 179
105 106
105 110
105 111
105 112
105 113
105 114
105 120
105 122
105 123
105 126
105 134
105 136
105 138
105 141
105 144
105 145
105 146
105 149
105 156
105 157
105 158
105 160
105 166
105 167
105 170
105 172
105 173
105 177
105 179
106 107
106 109
106 112
106 114
106 115
106 116
106 118
106 119
106 120
106 121
106 127
106 130
106 131
106 133
106 135
106 137
106 150
106 152
106 153
106 154
106 155
106 158
106 161
106 162
106 164
106 166
106 168
106 173
106 174
106 176
106 177
107 108
107 114
107 117
107 118
107 120
107 121
107 124
107 125
107 126
107 127
107 128
107 130
107 131
107 132
107 133
107 134
107 139
107 140
107 142
107 143
107 144
107 147
107 148
107 149
107 152
107 155
107 161
107 162
107 163
107 168
107 170
107 171
107 174
107 178
108 110
108 111
108 113
108 115
108 118
108 119
108 120
108 124
108 126
108 132
108 133
108 135
108 137
108 139
108 141
108 142
108 144
108 145
108 146
108 149
108 150
108 151
108 152
108 155
108 159
108 162
108 164
108 165
108 168
108 169
108 175
108 176
108 177
109 110
109 112
109 116
109 120
109 122
109 123
109 124
109 128
109 129
109 134
109 136
109 139
109 140
109 142
109 143
109 145
109 146
109 147
109 150
109 151
109 154
109 161
109 163
109 164
109 169
109 173
109 174
109 177
109 178
110 113
110 114
110 115
110 119
110 120
110 121
110 123
110 124
110 125
110 130
110 132
110 135
110 136
110 140
110 141
110 143
110 144
110 146
110 148
110 150
110 151
110 152
110 157
110 158
110 159
110 162
110 168
110 171
110 172
110 176
110 178
111 112
111 114
111 116
111 121
111 123
111 126
111 128
111 130
111 132
111 134
111 136
111 137
111 138
111 139
111 142
111 143
111 145
111 147
111 149
111 152
111 159
111 160
111 165
111 169
111 170
111 172
111 174
111 175
111 176
111 178
112 116
112 117
112 118
112 119
112 121
112 122
112 123
112 124
112 125
112 129
112 131
112 133
112 134
112 137
112 138
112 139
112 140
112 142
112 149
112 151
112 152
112 160
112 162
112 163
112 165
112 170
112 172
112 177
112 178
112 179
113 114
113 117
113 122
113 126
113 128
113 129
113 136
113 137
113 142
113 145
113 146
113 147
113 149
113 151
113 152
113 156
113 157
113 159
113 164
113 165
113 166
113 172
113 179
114 115
114 116
114 120
114 121
114 122
114 123
114 124
114 128
114 129
114 137
114 139
114 148
114 149
114 151
114 152
114 154
114 155
114 156
114 159
114 160
114 162
114 163
114 166
114 167
114 168
114 170
114 171
114 176
115 116
115 118
115 125
115 126
115 127
115 128
115 131
115 138
115 144
115 145
115 149
115 152
115 154
115 155
115 156
115 157
115 161
115 162
115 168
115 173
115 174
115 179
116 117
116 118
116 119
116 121
116 122
116 124
116 126
116 127
116 133
116 135
116 138
116 139
116 140
116 143
116 148
116 150
116 152
116 154
116 155
116 158
116 160
116 162
116 163
116 166
116 168
116 169
116 170
116 172
116 173
116 175
116 176
116 178
117 119
117 120
117 122
117 125
117 126
117 127
117 128
117 129
117 132
117 134
117 135
117 136
117 137
117 138
117 140
117 151
117 153
117 155
117 158
117 159
117 161
117 167
117 169
117 170
117 173
117 174
117 177
117 178
117 179
118 119
118 120
118 122
118 124
118 125
118 127
118 130
118 134
118 135
118 137
118 141
118 148
118 149
118 152
118 155
118 156
118 157
118 161
118 164
118 165
118 167
118 172
118 175
118 176
118 178
118 179
119 122
119 124
119 127
119 130
119 132
119 134
119 136
119 137
119 139
119 140
119 141
119 144
119 147
119 148
119 152
119 153
119 157
119 160
119 161
119 163
119 164
119 167
119 170
119 171
119 177
120 122
120 126
120 129
120 130
120 131
120 133
120 135
120 138
120 140
120 141
120 149
120 151
120 152
120 155
120 157
120 162
120 163
120 164
120 165
120 166
120 169
120 173
120 174
120 175
120 176
120 177
121 124
121 127
121 128
121 130
121 134
121 135
121 136
121 142
121 143
121 146
121 151
121 154
121 156
121 159
121 160
121 161
121 167
121 169
121 170
121 174
121 177
121 179
122 123
122 124
122 125
122 131
122 132
122 133
122 134
122 137
122 138
122 140
122 142
122 146
122 147
122 148
122 151
122 153
122 154
122 155
122 156
122 158
122 159
122 160
122 164
122 165
122 166
122 167
122 168
122 172
122 174
122 175
122 176
122 177
122 179
123 129
123 133
123 134
123 135
123 140
123 141
123 142
123 144
123 146
123 149
123 150
123 151
123 153
123 155
123 157
123 161
123 162
123 164
123 173
123 174
123 177
124 132
124 134
124 135
124 137
124 143
124 148
124 150
124 153
124 154
124 156
124 157
124 158
124 160
124 166
124 167
124 170
124 171
125 126
125 129
125 130
125 132
125 133
125 134
125 136
125 140
125 142
125 144
125 145
125 151
125 152
125 153
125 157
125 160
125 163
125 166
125 171
125 179
126 130
126 132
126 141
126 142
126 143
126 146
126 153
126 154
126 157
126 158
126 159
126 160
126 164
126 165
126 167
126 170
126 173
126 174
126 179
127 129
127 130
127 131
127 132
127 141
127 142
127 145
127 151
127 159
127 162
127 166
127 167
127 170
127 171
127 172
127 174
127 179
128 130
128 131
128 133
128 137
128 138
128 141
128 145
128 146
128 148
128 149
128 155
128 157
128 158
128 159
128 161
128 162
128 163
128 164
128 168
128 169
128 170
128 171
128 172
128 174
128 176
128 177
128 178
129 131
129 133
129 135
129 136
129 138
129 141
129 142
129 146
129 147
129 148
129 150
129 151
129 159
129 160
129 164
129 165
129 168
129 172
129 174
129 176
129 177
130 131
130 133
130 135
130 136
130 141
130 142
130 146
130 148
130 150
130 153
130 154
130 157
130 161
130 164
130 166
130 170
130 174
130 175
130 176
131 133
131 134
131 135
131 137
131 143
131 147
131 151
131 161
131 168
131 169
131 170
131 176
131 177
131 178
132 133
132 134
132 135
132 136
132 144
132 145
132 147
132 148
132 151
132 152
132 155
132 157
132 158
132 164
132 169
132 170
132 172
132 175
133 135
133 136
133 137
133 138
133 142
133 143
133 145
133 149
133 151
133 152
133 156
133 159
133 160
133 165
133 166
133 167
133 169
133 173
133 174
133 175
133 177
133 179
134 139
134 141
134 144
134 146
134 147
134 148
134 149
134 155
134 156
134 158
134 161
134 164
134 165
134 166
134 171
134 172
134 175
134 178
135 138
135 139
135 141
135 142
135 144
135 150
135 152
135 159
135 160
135 161
135 162
135 172
135 174
135 175
135 177
135 178
135 179
136 138
136 142
136 144
136 145
136 147
136 148
136 156
136 159
136 161
136 164
136 170
136 177
136 179
137 139
137 140
137 142
137 144
137 145
137 146
137 147
137 149
137 152
137 153
137 155
137 157
137 161
137 164
137 166
137 169
137 179
138 141
138 142
138 144
138 145
138 146
138 147
138 150
138 158
138 161
138 162
138 164
138 166
138 172
138 174
138 175
138 177
138 178
139 140
139 147
139 150
139 151
139 157
139 159
139 160
139 161
139 162
139 167
139 168
139 169
139 171
139 172
139 173
139 176
139 177
139 179
140 142
140 144
140 147
140 153
140 154
140 159
140 160
140 164
140 166
140 171
140 173
140 175
140 178
141 142
141 155
141 156
141 157
141 161
141 162
141 163
141 164
141 166
141 167
141 169
141 170
141 171
141 172
141 174
141 177
141 179
142 143
142 144
142 146
142 151
142 155
142 156
142 157
142 160
142 165
142 167
142 170
142 171
142 176
143 147
143 149
143 154
143 155
143 157
143 159
143 160
143 161
143 162
143 163
143 167
143 174
143 176
143 177
143 178
144 148
144 151
144 153
144 156
144 158
144 160
144 161
144 164
144 167
144 168
144 169
144 170
144 172
144 174
144 177
144 178
144 179
145 147
145 151
145 161
145 163
145 164
145 169
145 170
145 173
145 178
145 179
146 147
146 148
146 153
146 154
146 155
146 156
146 157
146 166
146 169
146 175
146 176
147 150
147 151
147 152
147 153
147 156
147 157
147 158
147 162
147 163
147 164
147 165
147 168
147 176
147 178
148 149
148 150
148 153
148 155
148 159
148 161
148 168
148 174
148 176
149 153
149 155
149 156
149 157
149 160
149 162
149 163
149 173
149 175
149 178
149 179
150 153
150 154
150 155
150 157
150 158
150 159
150 161
150 162
150 163
150 167
150 171
150 174
150 177
150 179
151 154
151 157
151 160
151 165
151 169
151 171
151 174
151 177
151 179
152 155
152 157
152 158
152 162
152 163
152 164
152 165
152 169
152 177
153 154
153 160
153 161
153 163
153 165
153 166
153 167
153 171
153 175
153 177
154 156
154 158
154 162
154 163
154 165
154 167
154 169
154 175
154 176
154 177
155 157
155 161
155 166
155 169
156 157
156 159
156 161
156 164
156 165
156 173
156 174
156 178
156 179
157 158
157 159
157 161
157 163
157 164
157 172
157 175
157 178
158 165
158 167
158 170
158 171
158 174
158 175
159 164
159 165
159 173
159 175
159 177
160 162
160 164
160 165
160 171
160 174
160 177
160 178
161 162
161 165
161 172
161 173
161 176
161 177
161 178
161 179
162 166
162 167
162 168
162 169
162 172
162 175
162 178
163 168
163 170
163 172
163 173
163 174
163 178
164 165
164 166
164 167
164 168
164 170
164 173
164 177
164 179
165 166
165 167
165 168
165 169
165 170
165 171
165 174
165 176
166 169
166 171
166 172
166 173
166 175
166 176
167 171
167 175
167 178
168 172
168 174
168 175
168 177
168 178
168 179
169 170
169 172
169 177
170 172
170 173
170 174
170 175
170 178
171 177
172 177
172 179
173 179
174 179
176 179
