180
0 1
0 2
0 3
0 4
0 5
0 7
0 8
0 9
0 10
0 11
0 12
0 14
0 17
0 18
0 20
0 21
0 24
0 26
0 27
0 28
0 29
0 30
0 32
0 33
0 34
0 35
0 36
0 37
0 38
0 39
0 41
0 43
0 44
0 46
0 47
0 48
0 49
0 50
0 51
0 53
0 54
0 55
0 58
0 61
0 65
0 67
0 68
0 70
0 71
0 72
0 77
0 78
0 80
0 81
0 82
0 83
0 84
0 87
0 89
0 90
0 92
0 93
0 94
0 98
0 102
0 103
0 106
0 107
0 109
0 110
0 111
0 113
0 114
0 116
0 118
0 120
0 121
0 123
0 127
0 128
0 129
0 130
0 131
0 132
0 133
0 134
0 136
0 137
0 138
0 139
0 141
0 146
0 148
0 149
0 151
0 153
0 154
0 155
0 156
0 157
0 161
0 163
0 165
0 168
0 171
0 172
0 175
0 177
0 178
0 179
1 2
1 3
1 4
1 5
1 6
1 7
1 8
1 9
1 10
1 11
1 13
1 14
1 15
1 17
1 19
1 20
1 22
1 23
1 24
1 25
1 26
1 27
1 29
1 30
1 34
1 35
1 37
1 38
1 39
1 40
1 41
1 43
1 44
1 45
1 46
1 47
1 48
1 49
1 52
1 54
1 56
1 57
1 60
1 61
1 62
1 63
1 64
1 65
1 66
1 67
1 68
1 71
1 74
1 76
1 77
1 79
1 80
1 81
1 82
1 84
1 85
1 86
1 87
1 88
1 89
1 90
1 91
1 94
1 95
1 96
1 98
1 100
1 101
1 103
1 104
1 105
1 106
1 107
1 110
1 112
1 113
1 114
1 115
1 116
1 117
1 118
1 119
1 120
1 121
1 124
1 125
1 126
1 128
1 129
1 130
1 132
1 133
1 134
1 138
1 143
1 145
1 146
1 147
1 148
1 149
1 150
1 152
1 154
1 155
1 157
1 160
1 161
1 162
1 165
1 167
1 169
1 171
1 172
1 173
1 174
1 178
1 179
2 3
2 7
2 8
2 9
2 10
2 13
2 14
2 15
2 17
2 18
2 19
2 21
2 22
2 24
2 25
2 26
2 27
2 28
2 29
2 30
2 31
2 33
2 34
2 39
2 41
2 42
2 43
2 45
2 48
2 50
2 51
2 52
2 54
2 55
2 56
2 61
2 62
2 63
2 68
2 69
2 70
2 72
2 75
2 76
2 77
2 78
2 80
2 84
2 85
2 86
2 89
2 90
2 93
2 95
2 96
2 97
2 99
2 101
2 102
2 103
2 104
2 106
2 108
2 109
2 110
2 111
2 114
2 119
2 120
2 121
2 123
2 126
2 128
2 129
2 130
2 133
2 134
2 136
2 139
2 142
2 146
2 147
2 149
2 153
2 154
2 155
2 157
2 163
2 164
2 167
2 168
2 170
2 171
2 172
2 173
2 176
3 4
3 5
3 6
3 7
3 8
3 12
3 13
3 14
3 15
3 16
3 18
3 19
3 20
3 22
3 23
3 24
3 25
3 26
3 29
3 30
3 31
3 33
3 34
3 35
3 37
3 39
3 40
3 41
3 43
3 45
3 46
3 47
3 48
3 49
3 51
3 52
3 54
3 55
3 58
3 59
3 60
3 61
3 64
3 65
3 68
3 69
3 70
3 71
3 79
3 81
3 82
3 83
3 84
3 85
3 86
3 87
3 89
3 92
3 93
3 94
3 95
3 96
3 98
3 99
3 100
3 103
3 104
3 105
3 106
3 108
3 111
3 112
3 113
3 115
3 116
3 119
3 120
3 121
3 125
3 127
3 128
3 129
3 131
3 132
3 133
3 136
3 140
3 141
3 142
3 143
3 145
3 146
3 149
3 150
3 151
3 157
3 158
3 159
3 161
3 164
3 165
3 168
3 175
3 176
3 177
4 7
4 8
4 9
4 11
4 12
4 13
4 15
4 18
4 20
4 22
4 23
4 25
4 26
4 27
4 28
4 30
4 31
4 32
4 33
4 34
4 35
4 37
4 38
4 40
4 41
4 42
4 43
4 46
4 47
4 49
4 51
4 52
4 53
4 54
4 55
4 56
4 57
4 58
4 59
4 61
4 63
4 64
4 67
4 69
4 71
4 73
4 75
4 76
4 77
4 78
4 80
4 81
4 82
4 84
4 85
4 87
4 89
4 90
4 93
4 94
4 95
4 96
4 97
4 99
4 100
4 101
4 102
4 105
4 108
4 109
4 110
4 111
4 112
4 113
4 114
4 115
4 116
4 118
4 119
4 120
4 121
4 122
4 123
4 124
4 126
4 128
4 130
4 132
4 133
4 134
4 136
4 137
4 139
4 140
4 143
4 145
4 146
4 154
4 158
4 160
4 161
4 162
4 164
4 165
4 169
4 172
4 176
4 177
4 179
5 6
5 7
5 8
5 13
5 14
5 16
5 18
5 20
5 21
5 22
5 25
5 26
5 27
5 28
5 29
5 32
5 33
5 35
5 41
5 43
5 47
5 48
5 49
5 51
5 54
5 55
5 56
5 57
5 58
5 60
5 61
5 62
5 63
5 65
5 66
5 67
5 68
5 70
5 71
5 72
5 74
5 75
5 76
5 77
5 78
5 80
5 81
5 82
5 84
5 85
5 86
5 87
5 88
5 90
5 92
5 94
5 95
5 97
5 98
5 100
5 102
5 106
5 110
5 112
5 113
5 115
5 116
5 118
5 119
5 123
5 125
5 126
5 127
5 129
5 130
5 132
5 134
5 135
5 138
5 139
5 142
5 143
5 146
5 148
5 149
5 150
5 151
5 153
5 154
5 156
5 158
5 159
5 161
5 162
5 163
5 165
5 166
5 168
5 169
5 171
5 172
5 175
5 177
5 178
5 179
6 7
6 8
6 9
6 11
6 13
6 14
6 15
6 17
6 20
6 22
6 23
6 25
6 26
6 27
6 28
6 30
6 31
6 32
6 33
6 35
6 36
6 37
6 38
6 39
6 41
6 44
6 45
6 47
6 48
6 49
6 50
6 51
6 52
6 53
6 59
6 60
6 61
6 62
6 63
6 66
6 67
6 68
6 70
6 73
6 76
6 77
6 80
6 82
6 84
6 85
6 87
6 88
6 89
6 90
6 91
6 92
6 95
6 96
6 99
6 101
6 104
6 106
6 112
6 113
6 114
6 115
6 118
6 121
6 122
6 123
6 124
6 125
6 126
6 127
6 128
6 129
6 131
6 132
6 133
6 137
6 138
6 139
6 142
6 143
6 145
6 146
6 147
6 150
6 151
6 152
6 154
6 155
6 156
6 160
6 163
6 165
6 169
6 174
6 175
6 176
6 177
6 178
6 179
7 8
7 9
7 10
7 11
7 12
7 13
7 15
7 16
7 19
7 20
7 21
7 22
7 24
7 25
7 26
7 29
7 30
7 33
7 35
7 36
7 37
7 39
7 40
7 41
7 42
7 43
7 45
7 46
7 47
7 49
7 50
7 51
7 52
7 61
7 62
7 64
7 66
7 69
7 70
7 71
7 74
7 76
7 77
7 78
7 79
7 80
7 85
7 88
7 90
7 92
7 93
7 94
7 95
7 97
7 98
7 100
7 101
7 102
7 103
7 104
7 105
7 110
7 111
7 112
7 113
7 114
7 116
7 117
7 119
7 121
7 124
7 125
7 126
7 127
7 131
7 132
7 134
7 135
7 136
7 137
7 138
7 139
7 140
7 143
7 144
7 145
7 146
7 147
7 151
7 152
7 153
7 154
7 156
7 157
7 158
7 159
7 160
7 163
7 168
7 169
7 172
7 173
8 9
8 10
8 11
8 12
8 13
8 14
8 16
8 17
8 19
8 20
8 21
8 22
8 23
8 24
8 27
8 28
8 29
8 30
8 31
8 32
8 37
8 38
8 39
8 42
8 46
8 47
8 48
8 50
8 51
8 52
8 55
8 57
8 58
8 60
8 61
8 63
8 64
8 68
8 75
8 77
8 78
8 80
8 82
8 83
8 85
8 86
8 89
8 93
8 95
8 96
8 97
8 98
8 100
8 102
8 103
8 104
8 106
8 107
8 109
8 110
8 111
8 112
8 113
8 114
8 118
8 119
8 121
8 123
8 125
8 126
8 128
8 129
8 130
8 131
8 132
8 134
8 137
8 141
8 145
8 146
8 148
8 149
8 150
8 151
8 154
8 157
8 160
8 161
8 162
8 163
8 164
8 167
8 168
8 170
8 173
8 176
8 178
8 179
9 11
9 12
9 13
9 15
9 16
9 17
9 19
9 20
9 23
9 24
9 26
9 29
9 30
9 31
9 33
9 34
9 35
9 36
9 40
9 42
9 45
9 47
9 48
9 49
9 51
9 54
9 56
9 57
9 62
9 63
9 65
9 66
9 70
9 71
9 72
9 74
9 75
9 76
9 77
9 78
9 80
9 81
9 82
9 83
9 84
9 85
9 87
9 88
9 89
9 90
9 94
9 97
9 99
9 100
9 104
9 105
9 106
9 107
9 111
9 113
9 116
9 117
9 119
9 120
9 121
9 122
9 123
9 124
9 125
9 126
9 127
9 128
9 129
9 131
9 132
9 136
9 137
9 139
9 140
9 145
9 146
9 150
9 151
9 156
9 158
9 160
9 161
9 163
9 164
9 165
9 170
9 173
9 176
10 13
10 14
10 15
10 16
10 18
10 19
10 20
10 23
10 25
10 27
10 28
10 29
10 31
10 33
10 35
10 36
10 37
10 38
10 39
10 42
10 44
10 45
10 46
10 47
10 48
10 51
10 52
10 54
10 56
10 59
10 60
10 64
10 65
10 66
10 67
10 68
10 69
10 70
10 73
10 74
10 75
10 76
10 79
10 80
10 81
10 82
10 83
10 84
10 85
10 86
10 91
10 92
10 93
10 94
10 96
10 97
10 98
10 99
10 100
10 102
10 103
10 104
10 105
10 107
10 108
10 109
10 110
10 111
10 113
10 114
10 120
10 124
10 125
10 127
10 128
10 129
10 130
10 131
10 132
10 135
10 136
10 137
10 138
10 139
10 141
10 142
10 144
10 147
10 149
10 150
10 153
10 155
10 156
10 157
10 158
10 165
10 169
10 170
10 171
10 172
10 174
10 176
10 178
11 12
11 14
11 15
11 17
11 19
11 20
11 21
11 22
11 23
11 27
11 29
11 30
11 31
11 33
11 35
11 36
11 37
11 38
11 39
11 40
11 41
11 42
11 43
11 44
11 45
11 47
11 49
11 50
11 51
11 53
11 55
11 56
11 60
11 61
11 63
11 68
11 69
11 73
11 75
11 76
11 78
11 79
11 80
11 81
11 82
11 85
11 86
11 87
11 89
11 91
11 95
11 96
11 97
11 104
11 105
11 106
11 107
11 108
11 110
11 112
11 113
11 114
11 116
11 117
11 118
11 119
11 121
11 123
11 124
11 125
11 126
11 127
11 128
11 129
11 130
11 132
11 133
11 137
11 139
11 142
11 144
11 146
11 147
11 148
11 150
11 155
11 156
11 158
11 159
11 160
11 161
11 162
11 163
11 164
11 165
11 168
11 169
11 171
11 173
11 176
11 177
12 13
12 17
12 18
12 20
12 21
12 22
12 23
12 26
12 28
12 29
12 30
12 31
12 33
12 35
12 37
12 38
12 39
12 40
12 43
12 44
12 47
12 48
12 50
12 52
12 53
12 55
12 58
12 59
12 61
12 62
12 64
12 66
12 67
12 72
12 74
12 75
12 76
12 77
12 81
12 83
12 84
12 85
12 86
12 87
12 88
12 89
12 92
12 93
12 94
12 96
12 100
12 102
12 104
12 106
12 108
12 109
12 111
12 112
12 113
12 114
12 118
12 122
12 124
12 127
12 128
12 129
12 131
12 132
12 133
12 137
12 138
12 139
12 140
12 142
12 143
12 144
12 145
12 146
12 149
12 151
12 152
12 155
12 158
12 159
12 160
12 161
12 162
12 166
12 167
12 171
12 173
12 179
13 15
13 16
13 17
13 18
13 19
13 21
13 23
13 24
13 25
13 26
13 27
13 28
13 32
13 34
13 38
13 40
13 41
13 42
13 44
13 45
13 46
13 47
13 48
13 51
13 52
13 54
13 55
13 56
13 57
13 58
13 60
13 64
13 65
13 66
13 67
13 68
13 69
13 72
13 75
13 76
13 77
13 79
13 80
13 81
13 82
13 83
13 84
13 85
13 86
13 87
13 89
13 90
13 91
13 93
13 94
13 97
13 99
13 100
13 101
13 107
13 108
13 109
13 111
13 113
13 114
13 116
13 119
13 123
13 124
13 129
13 130
13 136
13 138
13 139
13 140
13 141
13 142
13 144
13 145
13 149
13 150
13 155
13 158
13 159
13 162
13 164
13 166
13 169
13 171
13 173
13 175
13 177
13 178
13 179
14 15
14 16
14 17
14 18
14 20
14 21
14 22
14 23
14 24
14 27
14 30
14 32
14 33
14 35
14 37
14 41
14 42
14 43
14 47
14 48
14 49
14 50
14 51
14 54
14 55
14 57
14 60
14 61
14 62
14 67
14 69
14 70
14 71
14 72
14 74
14 77
14 78
14 79
14 80
14 82
14 83
14 84
14 85
14 86
14 87
14 88
14 89
14 90
14 94
14 95
14 97
14 99
14 102
14 105
14 106
14 107
14 109
14 113
14 115
14 117
14 118
14 121
14 122
14 126
14 128
14 129
14 130
14 131
14 134
14 135
14 137
14 138
14 139
14 142
14 146
14 147
14 149
14 150
14 151
14 153
14 155
14 156
14 158
14 159
14 161
14 163
14 166
14 169
14 170
14 172
14 173
14 176
14 177
14 178
15 16
15 17
15 18
15 21
15 24
15 25
15 26
15 28
15 31
15 32
15 34
15 35
15 37
15 38
15 40
15 44
15 45
15 48
15 49
15 50
15 51
15 53
15 54
15 55
15 58
15 60
15 63
15 64
15 68
15 69
15 71
15 74
15 77
15 81
15 84
15 87
15 89
15 91
15 92
15 94
15 98
15 99
15 100
15 101
15 103
15 104
15 105
15 107
15 108
15 109
15 110
15 112
15 114
15 115
15 116
15 117
15 120
15 121
15 124
15 125
15 127
15 128
15 130
15 132
15 133
15 134
15 135
15 137
15 138
15 139
15 140
15 141
15 142
15 143
15 144
15 146
15 147
15 149
15 150
15 152
15 156
15 157
15 158
15 162
15 163
15 166
15 167
15 169
15 171
15 173
15 174
15 175
16 18
16 19
16 25
16 26
16 27
16 28
16 30
16 32
16 33
16 35
16 36
16 37
16 40
16 41
16 42
16 43
16 45
16 48
16 50
16 51
16 52
16 53
16 54
16 55
16 61
16 64
16 65
16 66
16 67
16 69
16 70
16 71
16 72
16 75
16 76
16 77
16 78
16 82
16 84
16 85
16 88
16 89
16 90
16 91
16 92
16 94
16 96
16 97
16 98
16 101
16 102
16 104
16 105
16 106
16 111
16 112
16 113
16 115
16 121
16 122
16 123
16 125
16 126
16 128
16 129
16 130
16 131
16 132
16 133
16 134
16 136
16 137
16 138
16 141
16 142
16 144
16 145
16 146
16 147
16 151
16 152
16 153
16 154
16 156
16 157
16 158
16 159
16 162
16 165
16 166
16 169
16 170
17 19
17 21
17 22
17 23
17 24
17 25
17 28
17 29
17 32
17 33
17 34
17 35
17 36
17 37
17 38
17 41
17 49
17 50
17 51
17 52
17 53
17 57
17 58
17 59
17 64
17 65
17 67
17 69
17 72
17 81
17 82
17 83
17 84
17 85
17 86
17 88
17 89
17 90
17 91
17 92
17 93
17 95
17 98
17 99
17 100
17 101
17 102
17 103
17 105
17 106
17 107
17 108
17 109
17 110
17 113
17 114
17 115
17 120
17 121
17 122
17 123
17 124
17 126
17 128
17 129
17 132
17 133
17 134
17 139
17 141
17 147
17 148
17 150
17 152
17 153
17 154
17 159
17 163
17 165
17 167
17 171
17 173
17 174
17 175
17 177
18 22
18 24
18 25
18 26
18 31
18 32
18 34
18 36
18 37
18 38
18 39
18 40
18 41
18 42
18 46
18 47
18 48
18 49
18 50
18 51
18 53
18 54
18 55
18 56
18 58
18 60
18 62
18 64
18 65
18 66
18 68
18 69
18 70
18 71
18 72
18 73
18 74
18 76
18 77
18 79
18 80
18 81
18 82
18 84
18 88
18 90
18 91
18 92
18 94
18 95
18 97
18 98
18 102
18 103
18 104
18 106
18 110
18 111
18 112
18 115
18 116
18 117
18 120
18 122
18 125
18 126
18 129
18 138
18 139
18 143
18 145
18 147
18 148
18 149
18 150
18 151
18 156
18 158
18 162
18 163
18 164
18 168
18 169
18 170
18 171
18 172
18 174
18 177
18 178
19 21
19 23
19 25
19 26
19 27
19 28
19 29
19 30
19 34
19 35
19 38
19 39
19 40
19 41
19 44
19 46
19 47
19 48
19 49
19 50
19 51
19 53
19 54
19 56
19 57
19 59
19 60
19 65
19 66
19 67
19 68
19 69
19 71
19 72
19 74
19 75
19 76
19 79
19 80
19 81
19 84
19 87
19 91
19 92
19 93
19 96
19 97
19 98
19 101
19 102
19 103
19 104
19 105
19 106
19 109
19 110
19 112
19 113
19 115
19 119
19 122
19 123
19 125
19 126
19 127
19 131
19 134
19 135
19 138
19 139
19 144
19 146
19 148
19 150
19 151
19 152
19 153
19 154
19 155
19 162
19 163
19 164
19 170
19 172
19 173
19 174
19 176
19 179
20 21
20 23
20 24
20 27
20 28
20 29
20 31
20 32
20 33
20 34
20 37
20 38
20 39
20 40
20 42
20 43
20 44
20 45
20 46
20 47
20 49
20 50
20 51
20 52
20 53
20 55
20 56
20 59
20 61
20 62
20 63
20 64
20 67
20 70
20 71
20 74
20 75
20 77
20 79
20 80
20 83
20 85
20 88
20 90
20 91
20 92
20 93
20 96
20 97
20 98
20 99
20 100
20 106
20 109
20 110
20 111
20 113
20 118
20 119
20 122
20 123
20 124
20 129
20 132
20 134
20 135
20 136
20 137
20 138
20 139
20 141
20 142
20 143
20 144
20 146
20 147
20 148
20 150
20 152
20 156
20 162
20 163
20 166
20 167
20 171
20 174
20 175
20 178
20 179
21 22
21 25
21 26
21 29
21 30
21 33
21 34
21 35
21 37
21 38
21 40
21 41
21 42
21 43
21 45
21 46
21 47
21 49
21 50
21 53
21 56
21 57
21 58
21 59
21 60
21 61
21 62
21 63
21 65
21 67
21 68
21 69
21 74
21 75
21 76
21 77
21 78
21 79
21 80
21 81
21 83
21 84
21 85
21 86
21 88
21 90
21 91
21 93
21 95
21 96
21 97
21 99
21 100
21 101
21 106
21 107
21 108
21 109
21 110
21 111
21 113
21 115
21 118
21 120
21 121
21 123
21 124
21 125
21 128
21 129
21 133
21 134
21 135
21 136
21 137
21 138
21 140
21 142
21 146
21 147
21 154
21 158
21 159
21 163
21 166
21 167
21 170
21 175
21 179
22 23
22 28
22 30
22 33
22 34
22 35
22 36
22 37
22 39
22 42
22 43
22 45
22 47
22 49
22 50
22 52
22 54
22 56
22 58
22 59
22 60
22 61
22 62
22 63
22 64
22 65
22 66
22 72
22 73
22 77
22 78
22 80
22 81
22 82
22 84
22 85
22 89
22 91
22 93
22 95
22 96
22 99
22 100
22 102
22 103
22 105
22 106
22 107
22 109
22 110
22 111
22 112
22 113
22 114
22 115
22 116
22 117
22 118
22 121
22 122
22 125
22 127
22 128
22 130
22 132
22 135
22 136
22 138
22 140
22 142
22 144
22 147
22 149
22 151
22 152
22 154
22 157
22 158
22 162
22 167
22 170
22 171
22 173
22 174
22 175
22 179
23 24
23 25
23 31
23 32
23 35
23 36
23 37
23 38
23 39
23 40
23 43
23 44
23 45
23 47
23 49
23 53
23 56
23 57
23 58
23 59
23 60
23 61
23 64
23 65
23 66
23 68
23 70
23 71
23 73
23 76
23 78
23 79
23 81
23 82
23 83
23 85
23 86
23 88
23 89
23 90
23 92
23 95
23 96
23 97
23 98
23 101
23 103
23 104
23 106
23 108
23 109
23 110
23 112
23 115
23 116
23 118
23 119
23 121
23 122
23 124
23 126
23 127
23 130
23 131
23 133
23 137
23 138
23 141
23 142
23 144
23 145
23 148
23 149
23 150
23 153
23 154
23 155
23 157
23 159
23 160
23 161
23 163
23 165
23 168
23 176
23 177
23 179
24 25
24 27
24 28
24 30
24 32
24 34
24 35
24 37
24 38
24 39
24 40
24 41
24 42
24 43
24 44
24 45
24 48
24 49
24 50
24 52
24 53
24 54
24 55
24 56
24 57
24 58
24 62
24 63
24 64
24 66
24 67
24 69
24 70
24 72
24 74
24 77
24 78
24 80
24 81
24 85
24 86
24 89
24 92
24 93
24 94
24 95
24 97
24 100
24 101
24 102
24 103
24 104
24 105
24 106
24 107
24 111
24 113
24 114
24 116
24 117
24 121
24 124
24 125
24 127
24 129
24 132
24 133
24 134
24 136
24 139
24 140
24 141
24 144
24 145
24 149
24 150
24 151
24 152
24 153
24 154
24 158
24 160
24 161
24 163
24 164
24 168
24 171
24 173
24 176
24 178
24 179
25 26
25 30
25 31
25 33
25 35
25 36
25 37
25 39
25 40
25 41
25 42
25 43
25 44
25 45
25 46
25 47
25 49
25 51
25 52
25 54
25 56
25 57
25 58
25 60
25 61
25 62
25 63
25 64
25 69
25 70
25 73
25 74
25 75
25 76
25 77
25 78
25 80
25 81
25 82
25 83
25 84
25 85
25 86
25 88
25 89
25 90
25 91
25 92
25 97
25 100
25 101
25 102
25 103
25 106
25 107
25 112
25 115
25 119
25 121
25 122
25 126
25 127
25 128
25 129
25 134
25 135
25 137
25 139
25 140
25 141
25 146
25 148
25 149
25 154
25 155
25 157
25 158
25 162
25 165
25 168
25 169
25 173
25 174
25 175
25 176
25 178
25 179
26 27
26 28
26 30
26 31
26 32
26 34
26 35
26 37
26 38
26 39
26 40
26 42
26 43
26 44
26 45
26 46
26 47
26 48
26 50
26 52
26 55
26 58
26 59
26 61
26 64
26 65
26 66
26 67
26 68
26 69
26 71
26 72
26 73
26 74
26 75
26 76
26 78
26 81
26 84
26 86
26 88
26 89
26 91
26 93
26 94
26 95
26 96
26 99
26 101
26 102
26 106
26 107
26 109
26 110
26 111
26 114
26 115
26 116
26 118
26 120
26 121
26 126
26 131
26 133
26 134
26 135
26 136
26 137
26 138
26 146
26 147
26 151
26 153
26 155
26 157
26 159
26 160
26 161
26 168
26 169
26 170
26 171
26 172
26 174
27 29
27 31
27 32
27 34
27 36
27 37
27 38
27 39
27 40
27 41
27 42
27 43
27 44
27 46
27 48
27 49
27 51
27 52
27 53
27 54
27 56
27 57
27 61
27 64
27 66
27 69
27 72
27 74
27 75
27 80
27 81
27 88
27 93
27 94
27 95
27 98
27 99
27 101
27 103
27 104
27 105
27 109
27 110
27 112
27 113
27 118
27 124
27 127
27 128
27 131
27 132
27 133
27 135
27 137
27 138
27 139
27 140
27 141
27 143
27 144
27 146
27 148
27 149
27 150
27 151
27 153
27 155
27 157
27 158
27 159
27 161
27 162
27 163
27 166
27 167
27 168
27 169
27 170
27 171
27 172
27 174
27 175
27 176
27 178
28 29
28 30
28 31
28 33
28 34
28 35
28 36
28 37
28 39
28 42
28 46
28 48
28 49
28 50
28 52
28 53
28 54
28 56
28 57
28 59
28 60
28 61
28 65
28 70
28 71
28 72
28 73
28 74
28 75
28 76
28 77
28 78
28 80
28 81
28 82
28 86
28 87
28 88
28 95
28 96
28 98
28 99
28 103
28 105
28 106
28 107
28 108
28 109
28 110
28 111
28 115
28 118
28 119
28 120
28 121
28 123
28 124
28 125
28 126
28 127
28 129
28 133
28 136
28 137
28 138
28 141
28 145
28 148
28 151
28 152
28 154
28 158
28 159
28 161
28 165
28 168
28 170
28 171
28 172
28 174
28 175
28 177
28 178
28 179
29 30
29 31
29 32
29 34
29 35
29 38
29 39
29 40
29 41
29 42
29 44
29 45
29 46
29 49
29 50
29 51
29 53
29 54
29 60
29 62
29 63
29 64
29 67
29 68
29 70
29 71
29 72
29 74
29 75
29 76
29 78
29 83
29 84
29 91
29 94
29 95
29 98
29 99
29 100
29 101
29 102
29 104
29 105
29 108
29 111
29 112
29 114
29 115
29 117
29 123
29 124
29 125
29 126
29 127
29 128
29 129
29 130
29 131
29 135
29 136
29 137
29 139
29 143
29 144
29 146
29 149
29 150
29 152
29 153
29 154
29 156
29 157
29 161
29 163
29 166
29 171
29 172
29 173
29 176
29 177
30 31
30 39
30 40
30 42
30 45
30 46
30 47
30 49
30 50
30 51
30 52
30 53
30 54
30 56
30 58
30 59
30 61
30 63
30 64
30 67
30 69
30 71
30 74
30 76
30 77
30 79
30 84
30 85
30 88
30 91
30 92
30 95
30 96
30 98
30 99
30 100
30 101
30 102
30 104
30 105
30 113
30 115
30 117
30 118
30 119
30 125
30 126
30 128
30 130
30 131
30 134
30 135
30 138
30 140
30 142
30 145
30 146
30 148
30 150
30 153
30 155
30 156
30 159
30 161
30 163
30 165
30 166
30 167
30 168
30 170
30 171
30 172
30 173
30 177
30 179
31 32
31 34
31 35
31 36
31 37
31 38
31 39
31 40
31 42
31 49
31 50
31 51
31 52
31 53
31 54
31 55
31 56
31 57
31 59
31 60
31 62
31 63
31 65
31 67
31 70
31 71
31 73
31 74
31 76
31 79
31 80
31 81
31 82
31 83
31 85
31 87
31 89
31 90
31 91
31 93
31 94
31 95
31 96
31 99
31 107
31 108
31 109
31 113
31 115
31 116
31 118
31 120
31 124
31 127
31 128
31 129
31 130
31 131
31 134
31 136
31 137
31 138
31 140
31 141
31 142
31 143
31 144
31 145
31 149
31 153
31 154
31 156
31 157
31 158
31 159
31 164
31 168
31 169
31 170
31 174
31 175
31 176
31 178
32 35
32 36
32 37
32 38
32 40
32 42
32 45
32 46
32 47
32 49
32 50
32 51
32 52
32 54
32 55
32 58
32 63
32 64
32 65
32 66
32 67
32 68
32 70
32 71
32 73
32 74
32 75
32 77
32 79
32 82
32 89
32 91
32 92
32 95
32 97
32 98
32 99
32 100
32 103
32 104
32 106
32 109
32 110
32 111
32 113
32 114
32 115
32 116
32 117
32 118
32 120
32 121
32 124
32 126
32 128
32 129
32 132
32 133
32 134
32 135
32 136
32 138
32 139
32 142
32 143
32 144
32 145
32 146
32 147
32 148
32 150
32 151
32 152
32 156
32 157
32 158
32 159
32 160
32 161
32 162
32 164
32 166
32 170
32 171
32 173
32 177
32 178
32 179
33 34
33 35
33 37
33 39
33 40
33 43
33 45
33 46
33 47
33 48
33 49
33 50
33 51
33 52
33 53
33 55
33 59
33 62
33 65
33 66
33 67
33 69
33 70
33 71
33 72
33 75
33 76
33 77
33 81
33 84
33 85
33 86
33 88
33 89
33 90
33 91
33 92
33 95
33 98
33 99
33 100
33 101
33 102
33 107
33 109
33 111
33 112
33 115
33 116
33 117
33 118
33 120
33 121
33 125
33 127
33 128
33 130
33 131
33 133
33 136
33 137
33 139
33 141
33 142
33 143
33 145
33 146
33 147
33 148
33 149
33 150
33 152
33 155
33 156
33 157
33 160
33 164
33 166
33 168
33 169
33 171
33 173
33 176
33 177
33 179
34 35
34 36
34 40
34 41
34 42
34 44
34 45
34 46
34 47
34 50
34 51
34 55
34 56
34 57
34 58
34 59
34 60
34 61
34 62
34 63
34 64
34 66
34 68
34 69
34 71
34 72
34 73
34 75
34 79
34 83
34 84
34 85
34 93
34 94
34 95
34 96
34 98
34 99
34 102
34 103
34 106
34 107
34 108
34 110
34 111
34 112
34 113
34 115
34 118
34 119
34 121
34 126
34 127
34 129
34 130
34 131
34 132
34 134
34 135
34 138
34 139
34 141
34 143
34 144
34 151
34 152
34 153
34 155
34 160
34 164
34 165
34 167
34 170
34 172
34 173
34 174
34 176
34 178
35 37
35 38
35 40
35 41
35 42
35 44
35 45
35 46
35 49
35 50
35 51
35 56
35 57
35 60
35 61
35 62
35 64
35 69
35 70
35 72
35 73
35 74
35 75
35 76
35 77
35 79
35 80
35 83
35 84
35 87
35 89
35 90
35 91
35 93
35 99
35 102
35 105
35 106
35 108
35 109
35 110
35 111
35 112
35 113
35 114
35 115
35 116
35 120
35 122
35 125
35 127
35 128
35 129
35 132
35 133
35 135
35 136
35 137
35 138
35 139
35 140
35 142
35 144
35 145
35 146
35 147
35 150
35 152
35 154
35 156
35 157
35 158
35 161
35 162
35 163
35 165
35 167
35 168
35 170
35 173
35 176
35 179
36 37
36 39
36 42
36 44
36 46
36 47
36 48
36 49
36 50
36 53
36 55
36 57
36 60
36 61
36 62
36 63
36 65
36 66
36 68
36 69
36 70
36 71
36 72
36 73
36 75
36 78
36 79
36 80
36 81
36 83
36 84
36 87
36 88
36 89
36 90
36 91
36 92
36 93
36 102
36 103
36 106
36 108
36 111
36 113
36 114
36 115
36 116
36 118
36 119
36 121
36 122
36 123
36 124
36 129
36 130
36 132
36 134
36 135
36 136
36 137
36 138
36 139
36 143
36 145
36 146
36 148
36 150
36 151
36 153
36 154
36 155
36 156
36 157
36 159
36 160
36 164
36 165
36 167
36 168
36 169
36 170
36 171
36 174
36 176
36 177
36 179
37 38
37 39
37 40
37 42
37 46
37 47
37 48
37 51
37 52
37 55
37 56
37 57
37 61
37 63
37 65
37 66
37 68
37 69
37 70
37 72
37 74
37 76
37 77
37 78
37 79
37 81
37 85
37 86
37 90
37 95
37 96
37 97
37 99
37 102
37 103
37 104
37 105
37 108
37 110
37 112
37 113
37 116
37 117
37 118
37 120
37 122
37 123
37 124
37 126
37 127
37 128
37 130
37 131
37 133
37 135
37 136
37 137
37 138
37 139
37 140
37 143
37 145
37 147
37 151
37 152
37 157
37 161
37 167
37 168
37 170
37 171
37 173
37 177
37 178
38 39
38 41
38 42
38 43
38 44
38 46
38 49
38 50
38 51
38 52
38 54
38 55
38 56
38 57
38 59
38 60
38 62
38 63
38 64
38 65
38 67
38 68
38 70
38 72
38 73
38 75
38 77
38 78
38 79
38 80
38 82
38 86
38 88
38 89
38 90
38 92
38 94
38 96
38 97
38 100
38 102
38 104
38 105
38 108
38 109
38 111
38 112
38 113
38 114
38 116
38 117
38 120
38 121
38 122
38 125
38 126
38 127
38 128
38 130
38 132
38 133
38 134
38 135
38 140
38 141
38 147
38 148
38 149
38 151
38 152
38 156
38 157
38 159
38 160
38 164
38 165
38 166
38 167
38 168
38 169
38 172
38 173
38 175
38 176
38 177
38 179
39 42
39 43
39 45
39 49
39 51
39 52
39 54
39 56
39 58
39 59
39 60
39 61
39 62
39 66
39 67
39 68
39 70
39 73
39 75
39 78
39 81
39 82
39 83
39 84
39 85
39 86
39 87
39 89
39 92
39 94
39 97
39 101
39 103
39 105
39 106
39 108
39 110
39 111
39 112
39 113
39 115
39 116
39 117
39 119
39 121
39 124
39 129
39 130
39 133
39 134
39 135
39 137
39 138
39 140
39 141
39 142
39 143
39 144
39 147
39 148
39 152
39 155
39 156
39 158
39 160
39 162
39 163
39 165
39 169
39 171
39 173
39 174
39 178
40 42
40 43
40 44
40 45
40 48
40 52
40 53
40 55
40 58
40 59
40 60
40 61
40 62
40 63
40 64
40 65
40 66
40 67
40 69
40 70
40 73
40 74
40 75
40 77
40 79
40 83
40 84
40 85
40 88
40 90
40 91
40 94
40 96
40 97
40 99
40 102
40 104
40 105
40 106
40 107
40 108
40 109
40 113
40 115
40 117
40 119
40 122
40 126
40 127
40 128
40 129
40 131
40 132
40 133
40 136
40 137
40 141
40 143
40 144
40 145
40 147
40 149
40 150
40 152
40 155
40 156
40 159
40 164
40 165
40 169
40 171
40 173
40 174
40 175
40 179
41 42
41 43
41 44
41 45
41 46
41 47
41 49
41 51
41 52
41 54
41 55
41 56
41 57
41 59
41 61
41 62
41 63
41 64
41 67
41 68
41 69
41 71
41 72
41 77
41 78
41 79
41 82
41 83
41 84
41 87
41 89
41 90
41 95
41 98
41 99
41 100
41 101
41 104
41 107
41 108
41 109
41 115
41 116
41 117
41 118
41 119
41 120
41 121
41 122
41 126
41 131
41 132
41 137
41 140
41 141
41 144
41 145
41 146
41 148
41 150
41 152
41 154
41 155
41 156
41 157
41 158
41 159
41 161
41 162
41 163
41 166
41 169
41 170
41 172
41 173
41 174
41 177
42 44
42 46
42 52
42 53
42 55
42 58
42 59
42 60
42 61
42 62
42 64
42 65
42 66
42 68
42 69
42 72
42 74
42 75
42 78
42 80
42 82
42 83
42 87
42 88
42 91
42 92
42 93
42 94
42 95
42 96
42 97
42 98
42 99
42 103
42 106
42 108
42 111
42 114
42 115
42 117
42 118
42 120
42 121
42 122
42 128
42 129
42 131
42 133
42 136
42 137
42 141
42 142
42 143
42 144
42 147
42 150
42 153
42 155
42 157
42 160
42 166
42 167
42 178
43 44
43 47
43 48
43 50
43 51
43 52
43 55
43 57
43 59
43 61
43 64
43 66
43 67
43 69
43 70
43 72
43 76
43 77
43 79
43 85
43 86
43 88
43 89
43 90
43 91
43 93
43 94
43 96
43 99
43 101
43 105
43 106
43 110
43 111
43 112
43 115
43 117
43 118
43 119
43 122
43 124
43 125
43 128
43 133
43 134
43 136
43 139
43 140
43 141
43 142
43 143
43 144
43 145
43 147
43 149
43 150
43 152
43 153
43 155
43 158
43 159
43 160
43 161
43 162
43 165
43 166
43 168
43 171
43 172
43 174
43 175
43 179
44 45
44 49
44 50
44 51
44 53
44 54
44 55
44 56
44 57
44 58
44 59
44 61
44 65
44 66
44 68
44 69
44 70
44 73
44 75
44 79
44 80
44 81
44 82
44 84
44 87
44 88
44 89
44 90
44 91
44 93
44 100
44 102
44 103
44 106
44 107
44 108
44 109
44 110
44 116
44 117
44 124
44 126
44 127
44 133
44 135
44 136
44 137
44 138
44 139
44 141
44 143
44 145
44 148
44 150
44 151
44 152
44 153
44 154
44 155
44 158
44 159
44 162
44 163
44 165
44 167
44 170
44 172
44 176
44 178
44 179
45 46
45 48
45 50
45 51
45 53
45 54
45 58
45 59
45 64
45 67
45 68
45 70
45 72
45 73
45 78
45 79
45 81
45 82
45 83
45 85
45 87
45 88
45 89
45 90
45 92
45 93
45 94
45 96
45 97
45 98
45 99
45 101
45 102
45 103
45 104
45 105
45 107
45 108
45 112
45 114
45 115
45 117
45 118
45 119
45 120
45 121
45 123
45 124
45 126
45 127
45 128
45 130
45 134
45 135
45 140
45 141
45 142
45 147
45 154
45 155
45 156
45 157
45 161
45 166
45 170
45 173
45 174
45 175
45 176
46 47
46 48
46 49
46 51
46 52
46 53
46 55
46 56
46 57
46 58
46 59
46 60
46 62
46 63
46 65
46 66
46 67
46 72
46 73
46 74
46 75
46 76
46 78
46 81
46 90
46 93
46 94
46 96
46 98
46 99
46 104
46 105
46 111
46 112
46 113
46 116
46 117
46 120
46 122
46 125
46 126
46 127
46 130
46 131
46 135
46 137
46 139
46 140
46 141
46 142
46 143
46 144
46 145
46 146
46 148
46 153
46 154
46 156
46 157
46 158
46 161
46 164
46 165
46 169
46 171
46 174
46 176
47 48
47 49
47 50
47 51
47 56
47 57
47 58
47 59
47 60
47 62
47 63
47 65
47 67
47 69
47 72
47 74
47 75
47 76
47 78
47 82
47 83
47 86
47 92
47 93
47 94
47 97
47 99
47 101
47 103
47 104
47 107
47 111
47 112
47 114
47 115
47 116
47 118
47 120
47 123
47 125
47 128
47 130
47 131
47 134
47 137
47 139
47 140
47 142
47 144
47 148
47 149
47 150
47 152
47 155
47 156
47 158
47 162
47 163
47 164
47 165
47 166
47 168
47 169
47 172
47 176
48 49
48 50
48 51
48 52
48 53
48 55
48 56
48 57
48 58
48 60
48 61
48 62
48 65
48 67
48 68
48 73
48 75
48 76
48 77
48 78
48 80
48 83
48 84
48 85
48 88
48 89
48 90
48 91
48 94
48 95
48 96
48 98
48 103
48 104
48 106
48 108
48 110
48 111
48 112
48 114
48 115
48 121
48 122
48 124
48 125
48 127
48 129
48 130
48 131
48 134
48 136
48 138
48 139
48 142
48 143
48 147
48 148
48 149
48 152
48 154
48 160
48 161
48 162
48 164
48 166
48 168
48 169
48 170
48 171
48 172
48 175
48 176
48 178
49 50
49 52
49 53
49 56
49 59
49 62
49 63
49 64
49 65
49 67
49 68
49 70
49 71
49 72
49 73
49 75
49 79
49 82
49 83
49 84
49 86
49 89
49 90
49 91
49 92
49 93
49 99
49 101
49 102
49 104
49 105
49 106
49 108
49 110
49 112
49 115
49 118
49 119
49 120
49 122
49 125
49 126
49 128
49 129
49 130
49 131
49 134
49 136
49 137
49 138
49 139
49 140
49 141
49 147
49 148
49 149
49 150
49 152
49 153
49 156
49 158
49 159
49 160
49 161
49 162
49 163
49 164
49 165
49 167
49 169
49 170
49 173
49 179
50 53
50 54
50 57
50 58
50 59
50 61
50 64
50 65
50 66
50 67
50 68
50 69
50 70
50 71
50 74
50 76
50 77
50 79
50 83
50 84
50 88
50 89
50 90
50 91
50 92
50 93
50 94
50 95
50 100
50 101
50 102
50 103
50 105
50 109
50 111
50 112
50 113
50 118
50 119
50 120
50 121
50 123
50 130
50 133
50 134
50 140
50 141
50 143
50 144
50 145
50 147
50 148
50 150
50 151
50 158
50 160
50 161
50 164
50 165
50 166
50 167
50 168
50 169
50 171
50 172
50 173
50 175
50 176
50 177
50 179
51 53
51 54
51 55
51 56
51 58
51 59
51 60
51 62
51 63
51 64
51 65
51 66
51 67
51 68
51 69
51 72
51 75
51 76
51 79
51 80
51 81
51 82
51 86
51 87
51 88
51 89
51 90
51 92
51 93
51 94
51 95
51 97
51 99
51 100
51 102
51 103
51 107
51 108
51 109
51 110
51 113
51 117
51 120
51 121
51 122
51 126
51 127
51 128
51 132
51 134
51 135
51 136
51 138
51 139
51 140
51 142
51 143
51 144
51 145
51 146
51 147
51 151
51 155
51 158
51 159
51 160
51 163
51 164
51 165
51 166
51 167
51 171
51 172
51 173
51 174
51 177
51 179
52 53
52 54
52 56
52 58
52 60
52 61
52 62
52 64
52 65
52 66
52 69
52 70
52 71
52 75
52 79
52 83
52 85
52 86
52 87
52 88
52 89
52 91
52 93
52 94
52 96
52 97
52 103
52 104
52 107
52 108
52 110
52 112
52 114
52 115
52 117
52 121
52 123
52 127
52 129
52 131
52 132
52 134
52 136
52 139
52 141
52 142
52 144
52 146
52 150
52 156
52 157
52 158
52 161
52 164
52 165
52 170
52 171
52 172
52 173
52 178
53 54
53 55
53 56
53 60
53 62
53 64
53 66
53 68
53 71
53 72
53 73
53 76
53 77
53 78
53 79
53 80
53 83
53 84
53 87
53 88
53 89
53 90
53 92
53 96
53 97
53 99
53 101
53 102
53 103
53 105
53 107
53 109
53 111
53 112
53 115
53 116
53 117
53 118
53 122
53 125
53 126
53 127
53 129
53 130
53 131
53 132
53 135
53 136
53 141
53 144
53 145
53 148
53 149
53 150
53 152
53 154
53 155
53 157
53 160
53 161
53 162
53 164
53 167
53 168
53 178
53 179
54 58
54 62
54 63
54 65
54 66
54 67
54 71
54 72
54 73
54 76
54 77
54 78
54 79
54 80
54 81
54 82
54 85
54 87
54 90
54 91
54 92
54 97
54 98
54 99
54 101
54 102
54 103
54 104
54 105
54 107
54 111
54 112
54 114
54 115
54 117
54 119
54 121
54 124
54 126
54 128
54 130
54 134
54 135
54 137
54 140
54 141
54 143
54 146
54 148
54 149
54 151
54 156
54 158
54 161
54 162
54 165
54 168
54 169
54 170
54 176
54 177
55 56
55 57
55 61
55 62
55 63
55 64
55 65
55 66
55 68
55 69
55 70
55 71
55 74
55 78
55 83
55 84
55 88
55 89
55 91
55 92
55 94
55 95
55 99
55 100
55 101
55 105
55 106
55 109
55 110
55 112
55 114
55 115
55 116
55 117
55 118
55 119
55 120
55 123
55 124
55 125
55 126
55 127
55 129
55 130
55 133
55 135
55 141
55 143
55 147
55 150
55 151
55 152
55 153
55 156
55 158
55 159
55 162
55 166
55 167
55 168
55 169
55 171
55 173
55 174
55 175
55 177
55 178
55 179
56 57
56 60
56 61
56 62
56 63
56 65
56 67
56 68
56 70
56 71
56 72
56 73
56 75
56 76
56 77
56 78
56 79
56 80
56 82
56 83
56 86
56 87
56 88
56 92
56 94
56 96
56 97
56 98
56 99
56 101
56 103
56 106
56 107
56 108
56 109
56 112
56 113
56 116
56 117
56 121
56 122
56 127
56 129
56 130
56 131
56 132
56 133
56 135
56 139
56 140
56 142
56 144
56 146
56 149
56 150
56 153
56 154
56 156
56 157
56 159
56 161
56 162
56 163
56 165
56 166
56 167
56 169
56 172
56 174
56 176
56 177
56 178
57 58
57 59
57 60
57 62
57 63
57 65
57 69
57 70
57 72
57 73
57 74
57 76
57 78
57 79
57 80
57 81
57 82
57 83
57 84
57 85
57 87
57 88
57 90
57 91
57 93
57 94
57 95
57 99
57 100
57 101
57 102
57 103
57 106
57 107
57 108
57 110
57 111
57 116
57 117
57 118
57 121
57 122
57 123
57 124
57 127
57 128
57 130
57 131
57 133
57 134
57 136
57 140
57 142
57 143
57 146
57 148
57 149
57 150
57 151
57 153
57 154
57 155
57 158
57 159
57 160
57 161
57 165
57 169
57 170
57 171
57 174
57 175
57 177
58 59
58 60
58 61
58 64
58 69
58 75
58 79
58 80
58 82
58 83
58 86
58 87
58 90
58 93
58 96
58 99
58 100
58 103
58 106
58 108
58 109
58 111
58 112
58 113
58 118
58 122
58 124
58 125
58 127
58 129
58 130
58 131
58 132
58 133
58 142
58 143
58 144
58 147
58 148
58 150
58 151
58 152
58 154
58 155
58 158
58 159
58 162
58 164
58 165
58 166
58 169
58 172
58 173
58 176
58 179
59 60
59 65
59 66
59 67
59 68
59 70
59 73
59 76
59 77
59 79
59 80
59 81
59 84
59 86
59 87
59 88
59 89
59 91
59 93
59 95
59 98
59 100
59 105
59 107
59 108
59 109
59 111
59 114
59 115
59 116
59 117
59 118
59 119
59 120
59 121
59 124
59 127
59 130
59 132
59 134
59 137
59 140
59 143
59 144
59 145
59 146
59 147
59 149
59 152
59 154
59 155
59 159
59 162
59 165
59 166
59 167
59 168
59 169
59 170
59 172
59 173
59 174
59 175
59 176
59 178
60 62
60 63
60 64
60 65
60 67
60 69
60 73
60 74
60 75
60 78
60 79
60 81
60 82
60 83
60 84
60 86
60 88
60 89
60 91
60 92
60 93
60 94
60 96
60 98
60 100
60 101
60 102
60 107
60 108
60 110
60 111
60 112
60 116
60 118
60 119
60 122
60 123
60 124
60 125
60 131
60 132
60 133
60 136
60 137
60 140
60 143
60 144
60 145
60 146
60 147
60 148
60 149
60 150
60 152
60 154
60 156
60 157
60 158
60 160
60 162
60 163
60 167
60 169
60 176
60 178
60 179
61 62
61 64
61 65
61 68
61 69
61 72
61 73
61 75
61 76
61 77
61 78
61 81
61 83
61 85
61 87
61 90
61 93
61 94
61 96
61 102
61 103
61 104
61 105
61 106
61 107
61 108
61 112
61 117
61 118
61 124
61 126
61 127
61 128
61 130
61 131
61 134
61 135
61 137
61 139
61 140
61 141
61 143
61 144
61 146
61 147
61 148
61 149
61 150
61 153
61 154
61 158
61 159
61 161
61 162
61 163
61 164
61 165
61 166
61 168
61 170
61 175
61 176
61 178
62 63
62 66
62 67
62 68
62 70
62 71
62 73
62 74
62 75
62 78
62 81
62 82
62 84
62 86
62 87
62 91
62 92
62 93
62 94
62 95
62 97
62 99
62 103
62 106
62 108
62 110
62 111
62 112
62 113
62 121
62 123
62 127
62 128
62 130
62 132
62 136
62 137
62 139
62 140
62 144
62 146
62 148
62 150
62 152
62 153
62 157
62 160
62 163
62 164
62 165
62 166
62 168
62 169
62 172
62 173
62 177
62 178
63 67
63 69
63 70
63 71
63 72
63 73
63 74
63 76
63 78
63 79
63 80
63 83
63 86
63 88
63 89
63 91
63 92
63 96
63 98
63 102
63 104
63 105
63 108
63 110
63 113
63 116
63 117
63 120
63 121
63 122
63 124
63 125
63 127
63 129
63 130
63 131
63 132
63 133
63 134
63 135
63 136
63 137
63 138
63 143
63 146
63 150
63 152
63 153
63 155
63 156
63 158
63 160
63 161
63 163
63 166
63 169
63 170
63 171
63 175
63 176
63 178
63 179
64 66
64 67
64 68
64 70
64 71
64 73
64 74
64 75
64 76
64 77
64 82
64 83
64 88
64 90
64 91
64 93
64 94
64 97
64 98
64 100
64 101
64 102
64 105
64 109
64 110
64 111
64 114
64 116
64 117
64 118
64 119
64 120
64 122
64 123
64 124
64 127
64 129
64 132
64 135
64 136
64 141
64 142
64 143
64 144
64 145
64 146
64 147
64 153
64 156
64 160
64 163
64 167
64 170
64 172
64 173
64 174
64 175
64 179
65 68
65 70
65 71
65 75
65 76
65 78
65 79
65 80
65 82
65 85
65 86
65 88
65 92
65 93
65 96
65 97
65 98
65 99
65 100
65 101
65 103
65 107
65 108
65 109
65 113
65 114
65 115
65 117
65 119
65 122
65 123
65 124
65 125
65 127
65 130
65 131
65 132
65 135
65 136
65 138
65 142
65 144
65 147
65 148
65 149
65 151
65 157
65 159
65 160
65 163
65 164
65 169
65 170
65 172
65 173
65 178
66 67
66 69
66 70
66 71
66 74
66 75
66 77
66 78
66 81
66 82
66 83
66 86
66 89
66 91
66 92
66 96
66 97
66 98
66 99
66 103
66 104
66 105
66 108
66 109
66 110
66 111
66 112
66 113
66 114
66 115
66 116
66 119
66 121
66 122
66 125
66 130
66 132
66 133
66 136
66 137
66 138
66 139
66 141
66 148
66 150
66 158
66 160
66 161
66 163
66 166
66 167
66 169
66 172
66 173
66 174
66 175
66 176
66 178
67 70
67 72
67 76
67 77
67 78
67 79
67 80
67 85
67 86
67 87
67 88
67 90
67 94
67 95
67 97
67 98
67 99
67 100
67 103
67 105
67 106
67 110
67 111
67 112
67 116
67 117
67 118
67 120
67 123
67 124
67 125
67 126
67 127
67 132
67 134
67 135
67 138
67 139
67 143
67 147
67 150
67 151
67 153
67 154
67 156
67 159
67 160
67 163
67 166
67 167
67 168
67 169
67 170
67 172
67 175
67 178
68 70
68 71
68 73
68 74
68 76
68 79
68 84
68 85
68 87
68 88
68 89
68 91
68 92
68 94
68 95
68 97
68 98
68 100
68 104
68 105
68 107
68 109
68 112
68 115
68 117
68 120
68 122
68 123
68 124
68 127
68 129
68 132
68 133
68 135
68 139
68 140
68 142
68 146
68 149
68 150
68 151
68 152
68 153
68 154
68 155
68 161
68 162
68 163
68 167
68 168
68 169
68 174
68 178
68 179
69 73
69 74
69 75
69 76
69 77
69 78
69 79
69 81
69 83
69 86
69 88
69 90
69 91
69 92
69 94
69 97
69 100
69 102
69 104
69 107
69 108
69 114
69 115
69 117
69 118
69 119
69 120
69 121
69 123
69 126
69 130
69 131
69 133
69 134
69 135
69 141
69 142
69 143
69 145
69 147
69 148
69 153
69 154
69 155
69 158
69 159
69 160
69 161
69 164
69 169
69 175
70 71
70 73
70 75
70 76
70 77
70 79
70 81
70 85
70 87
70 89
70 90
70 93
70 95
70 98
70 100
70 104
70 106
70 107
70 108
70 110
70 111
70 112
70 113
70 117
70 119
70 120
70 121
70 126
70 135
70 136
70 142
70 146
70 147
70 148
70 149
70 150
70 154
70 157
70 158
70 160
70 163
70 164
70 165
70 166
70 167
70 168
70 169
70 172
70 174
70 176
70 177
71 72
71 73
71 76
71 77
71 78
71 79
71 80
71 82
71 83
71 84
71 85
71 86
71 87
71 90
71 92
71 93
71 95
71 97
71 98
71 99
71 101
71 102
71 104
71 105
71 109
71 110
71 113
71 114
71 115
71 117
71 119
71 120
71 121
71 122
71 123
71 124
71 125
71 126
71 127
71 128
71 130
71 131
71 135
71 136
71 137
71 138
71 139
71 141
71 143
71 145
71 152
71 154
71 157
71 158
71 159
71 163
71 164
71 165
71 168
71 172
71 175
72 74
72 76
72 77
72 80
72 81
72 82
72 84
72 85
72 87
72 90
72 91
72 96
72 97
72 98
72 99
72 100
72 101
72 103
72 104
72 106
72 108
72 110
72 111
72 113
72 114
72 117
72 118
72 119
72 121
72 122
72 123
72 128
72 129
72 130
72 131
72 132
72 133
72 136
72 137
72 140
72 145
72 147
72 150
72 151
72 153
72 154
72 156
72 157
72 158
72 163
72 164
72 167
72 168
72 170
72 171
72 172
72 173
72 176
72 177
72 179
73 74
73 77
73 78
73 79
73 80
73 81
73 82
73 83
73 86
73 88
73 90
73 91
73 92
73 99
73 100
73 102
73 103
73 104
73 105
73 106
73 108
73 110
73 111
73 113
73 117
73 122
73 123
73 125
73 126
73 127
73 128
73 129
73 130
73 132
73 133
73 135
73 136
73 137
73 138
73 140
73 141
73 142
73 146
73 147
73 148
73 150
73 155
73 157
73 159
73 161
73 163
73 164
73 165
73 168
73 169
73 174
73 175
73 178
73 179
74 76
74 78
74 79
74 80
74 81
74 83
74 85
74 86
74 87
74 90
74 91
74 94
74 96
74 99
74 100
74 101
74 103
74 104
74 108
74 110
74 113
74 114
74 116
74 117
74 118
74 120
74 121
74 123
74 124
74 125
74 128
74 129
74 130
74 131
74 132
74 134
74 135
74 136
74 139
74 140
74 142
74 143
74 145
74 147
74 149
74 151
74 153
74 160
74 162
74 163
74 166
74 169
74 172
74 173
74 175
74 177
74 178
74 179
75 79
75 80
75 81
75 83
75 86
75 87
75 88
75 89
75 95
75 97
75 98
75 99
75 102
75 103
75 105
75 109
75 110
75 111
75 112
75 116
75 117
75 119
75 122
75 124
75 126
75 128
75 132
75 133
75 137
75 140
75 142
75 143
75 147
75 148
75 153
75 154
75 161
75 162
75 164
75 165
75 170
75 171
75 172
75 175
75 177
75 178
76 80
76 85
76 87
76 90
76 91
76 92
76 96
76 97
76 98
76 103
76 105
76 107
76 108
76 109
76 113
76 114
76 116
76 121
76 123
76 131
76 132
76 134
76 137
76 141
76 144
76 148
76 149
76 150
76 151
76 153
76 155
76 156
76 162
76 163
76 164
76 165
76 166
76 167
76 168
76 172
76 174
76 175
76 176
76 177
76 178
76 179
77 80
77 81
77 82
77 84
77 85
77 87
77 88
77 89
77 90
77 93
77 96
77 97
77 99
77 100
77 103
77 104
77 111
77 114
77 116
77 117
77 119
77 120
77 121
77 123
77 124
77 125
77 126
77 128
77 129
77 130
77 131
77 132
77 134
77 135
77 136
77 138
77 143
77 144
77 145
77 146
77 149
77 151
77 152
77 161
77 163
77 165
77 168
77 173
77 177
78 81
78 83
78 84
78 86
78 87
78 89
78 90
78 92
78 93
78 94
78 95
78 100
78 104
78 105
78 106
78 107
78 109
78 112
78 114
78 116
78 117
78 119
78 120
78 122
78 125
78 130
78 132
78 133
78 134
78 135
78 136
78 138
78 139
78 140
78 143
78 145
78 148
78 149
78 150
78 153
78 154
78 157
78 159
78 170
78 171
78 173
78 175
78 179
79 81
79 83
79 84
79 85
79 86
79 88
79 92
79 95
79 96
79 97
79 98
79 100
79 102
79 104
79 106
79 110
79 111
79 112
79 113
79 114
79 116
79 117
79 119
79 121
79 122
79 125
79 126
79 127
79 133
79 134
79 136
79 138
79 139
79 140
79 141
79 145
79 146
79 148
79 149
79 150
79 152
79 153
79 156
79 157
79 160
79 165
79 167
79 173
79 174
79 176
79 177
80 81
80 82
80 84
80 85
80 88
80 90
80 92
80 93
80 94
80 95
80 97
80 98
80 99
80 104
80 109
80 112
80 115
80 117
80 120
80 122
80 125
80 128
80 129
80 130
80 131
80 133
80 134
80 135
80 138
80 143
80 144
80 145
80 151
80 152
80 154
80 155
80 156
80 158
80 160
80 161
80 163
80 164
80 167
80 168
80 169
80 171
80 172
80 175
80 177
80 178
81 82
81 84
81 85
81 88
81 89
81 90
81 91
81 96
81 100
81 101
81 107
81 110
81 111
81 113
81 119
81 123
81 124
81 125
81 129
81 130
81 138
81 143
81 149
81 150
81 151
81 153
81 155
81 156
81 157
81 159
81 161
81 162
81 163
81 165
81 166
81 167
81 169
81 172
81 173
81 176
81 178
81 179
82 84
82 85
82 86
82 88
82 92
82 94
82 95
82 97
82 98
82 99
82 101
82 102
82 103
82 104
82 107
82 108
82 109
82 112
82 114
82 115
82 116
82 117
82 118
82 120
82 125
82 127
82 133
82 134
82 136
82 138
82 141
82 144
82 147
82 149
82 152
82 153
82 154
82 155
82 157
82 161
82 162
82 163
82 165
82 166
82 168
82 169
82 170
82 173
82 174
82 177
82 179
83 86
83 88
83 91
83 97
83 98
83 99
83 101
83 103
83 108
83 109
83 112
83 114
83 116
83 118
83 119
83 122
83 125
83 127
83 130
83 132
83 135
83 139
83 143
83 144
83 145
83 146
83 152
83 153
83 156
83 160
83 162
83 163
83 166
83 168
83 170
83 172
83 177
83 178
83 179
84 85
84 86
84 89
84 92
84 93
84 96
84 98
84 101
84 102
84 106
84 107
84 109
84 110
84 113
84 115
84 120
84 122
84 124
84 125
84 126
84 127
84 128
84 131
84 133
84 135
84 136
84 137
84 138
84 139
84 142
84 145
84 146
84 148
84 152
84 155
84 156
84 158
84 161
84 163
84 165
84 166
84 173
84 175
84 176
84 179
85 86
85 87
85 90
85 91
85 92
85 95
85 101
85 103
85 104
85 107
85 109
85 110
85 113
85 114
85 117
85 118
85 119
85 120
85 123
85 124
85 126
85 129
85 136
85 137
85 138
85 139
85 142
85 146
85 148
85 151
85 154
85 156
85 157
85 158
85 159
85 165
85 166
85 168
85 169
85 170
85 171
85 173
85 176
85 177
86 87
86 88
86 89
86 92
86 94
86 95
86 96
86 97
86 99
86 101
86 103
86 106
86 107
86 108
86 109
86 111
86 113
86 115
86 116
86 117
86 118
86 123
86 124
86 125
86 126
86 127
86 129
86 132
86 133
86 135
86 137
86 140
86 144
86 146
86 149
86 152
86 155
86 157
86 159
86 161
86 164
86 166
86 167
86 172
86 174
86 175
86 177
86 178
87 88
87 89
87 90
87 93
87 94
87 95
87 98
87 100
87 105
87 106
87 107
87 111
87 112
87 113
87 117
87 118
87 121
87 124
87 125
87 126
87 128
87 129
87 130
87 131
87 132
87 134
87 135
87 138
87 139
87 140
87 141
87 145
87 146
87 148
87 150
87 152
87 153
87 155
87 157
87 159
87 160
87 166
87 167
87 168
87 171
87 173
87 175
87 177
87 178
88 93
88 95
88 96
88 98
88 100
88 101
88 102
88 105
88 110
88 113
88 114
88 118
88 119
88 120
88 121
88 123
88 127
88 131
88 132
88 135
88 137
88 138
88 142
88 143
88 145
88 147
88 148
88 150
88 151
88 152
88 153
88 154
88 155
88 156
88 161
88 162
88 164
88 165
88 167
88 168
88 170
88 177
89 90
89 93
89 94
89 95
89 97
89 101
89 102
89 105
89 107
89 108
89 110
89 116
89 117
89 119
89 121
89 125
89 126
89 132
89 135
89 137
89 138
89 142
89 143
89 146
89 147
89 152
89 153
89 154
89 157
89 158
89 160
89 161
89 165
89 166
89 168
89 173
89 175
89 179
90 91
90 93
90 94
90 95
90 97
90 98
90 99
90 104
90 106
90 107
90 108
90 109
90 111
90 113
90 121
90 122
90 123
90 125
90 128
90 131
90 132
90 136
90 137
90 139
90 145
90 147
90 149
90 151
90 152
90 153
90 155
90 157
90 160
90 162
90 172
90 173
90 176
91 93
91 94
91 96
91 100
91 101
91 106
91 109
91 111
91 113
91 114
91 115
91 116
91 118
91 119
91 120
91 121
91 122
91 123
91 126
91 127
91 128
91 129
91 130
91 131
91 134
91 139
91 141
91 143
91 145
91 147
91 148
91 149
91 151
91 152
91 153
91 154
91 157
91 164
91 166
91 168
91 176
92 93
92 94
92 95
92 96
92 100
92 101
92 103
92 110
92 113
92 114
92 115
92 116
92 117
92 123
92 125
92 126
92 127
92 129
92 130
92 131
92 133
92 134
92 135
92 141
92 143
92 144
92 145
92 146
92 149
92 151
92 153
92 155
92 156
92 157
92 159
92 160
92 162
92 163
92 164
92 166
92 167
92 170
92 173
92 176
92 177
92 178
93 94
93 96
93 99
93 101
93 104
93 105
93 107
93 108
93 109
93 110
93 115
93 116
93 119
93 120
93 123
93 125
93 126
93 127
93 128
93 129
93 130
93 133
93 139
93 141
93 144
93 145
93 146
93 150
93 151
93 154
93 156
93 158
93 159
93 162
93 164
93 172
93 174
93 177
94 95
94 96
94 99
94 101
94 102
94 104
94 105
94 106
94 107
94 108
94 112
94 113
94 119
94 121
94 122
94 123
94 129
94 131
94 132
94 140
94 141
94 151
94 156
94 157
94 161
94 164
94 165
94 166
94 168
94 169
94 175
94 178
95 96
95 98
95 99
95 102
95 104
95 105
95 109
95 112
95 114
95 115
95 117
95 118
95 122
95 123
95 124
95 126
95 127
95 128
95 132
95 135
95 136
95 138
95 139
95 140
95 142
95 145
95 146
95 150
95 152
95 153
95 155
95 159
95 167
95 169
95 171
95 172
95 173
95 178
95 179
96 99
96 101
96 102
96 106
96 107
96 108
96 116
96 119
96 123
96 129
96 132
96 136
96 137
96 138
96 140
96 141
96 143
96 144
96 145
96 147
96 149
96 150
96 151
96 152
96 157
96 158
96 159
96 160
96 161
96 164
96 170
96 171
96 175
96 176
96 179
97 98
97 99
97 100
97 101
97 102
97 105
97 106
97 107
97 108
97 109
97 110
97 112
97 113
97 120
97 122
97 127
97 129
97 133
97 137
97 142
97 146
97 148
97 149
97 152
97 154
97 156
97 157
97 158
97 164
97 166
97 169
97 172
97 178
98 100
98 102
98 106
98 107
98 108
98 110
98 112
98 118
98 119
98 120
98 122
98 124
98 125
98 127
98 132
98 133
98 134
98 135
98 137
98 138
98 139
98 140
98 142
98 144
98 146
98 148
98 149
98 152
98 154
98 155
98 156
98 160
98 164
98 166
98 168
98 170
98 171
98 174
98 175
98 177
98 179
99 100
99 103
99 104
99 105
99 106
99 107
99 113
99 115
99 122
99 123
99 124
99 128
99 130
99 131
99 132
99 134
99 135
99 142
99 144
99 151
99 156
99 157
99 159
99 163
99 164
99 166
99 168
99 172
99 175
99 176
99 179
100 101
100 102
100 104
100 105
100 106
100 107
100 109
100 111
100 119
100 121
100 123
100 125
100 126
100 127
100 128
100 129
100 130
100 131
100 135
100 136
100 137
100 143
100 144
100 145
100 147
100 148
100 149
100 150
100 151
100 154
100 158
100 159
100 164
100 167
100 168
100 171
100 172
100 173
100 175
100 178
101 103
101 104
101 105
101 106
101 110
101 111
101 113
101 114
101 120
101 121
101 126
101 128
101 130
101 131
101 133
101 141
101 143
101 144
101 146
101 151
101 152
101 155
101 156
101 162
101 169
101 172
101 175
101 176
101 177
101 179
102 103
102 105
102 106
102 108
102 110
102 111
102 113
102 114
102 115
102 117
102 121
102 124
102 129
102 130
102 136
102 138
102 139
102 141
102 142
102 144
102 152
102 153
102 155
102 157
102 160
102 162
102 163
102 165
102 168
102 169
102 170
102 171
102 174
102 175
102 176
102 177
102 178
103 104
103 105
103 108
103 109
103 110
103 114
103 115
103 116
103 118
103 120
103 122
103 125
103 133
103 135
103 136
103 137
103 140
103 141
103 142
103 145
103 155
103 156
103 159
103 162
103 163
103 164
103 167
103 169
103 170
103 173
103 175
103 176
103 177
103 178
104 113
104 117
104 120
104 122
104 123
104 125
104 127
104 130
104 131
104 132
104 133
104 134
104 136
104 139
104 142
104 143
104 144
104 145
104 147
104 151
104 153
104 158
104 159
104 160
104 163
104 166
104 169
104 171
104 174
104 178
104 179
105 108
105 109
105 112
105 113
105 114
105 116
105 117
105 118
105 120
105 124
105 125
105 128
105 131
105 132
105 133
105 134
105 136
105 137
105 138
105 142
105 143
105 144
105 145
105 147
105 148
105 153
105 157
105 161
105 164
105 165
105 166
105 174
105 177
105 179
106 111
106 112
106 113
106 114
106 115
106 116
106 118
106 119
106 120
106 121
106 126
106 127
106 129
106 130
106 131
106 134
106 138
106 141
106 144
106 145
106 148
106 152
106 153
106 154
106 155
106 156
106 160
106 164
106 166
106 168
106 171
106 172
106 173
106 174
106 176
107 109
107 110
107 114
107 115
107 119
107 120
107 123
107 124
107 127
107 131
107 132
107 136
107 137
107 140
107 141
107 147
107 148
107 149
107 151
107 152
107 153
107 154
107 157
107 159
107 161
107 163
107 164
107 166
107 167
107 168
107 173
107 174
107 176
107 178
108 109
108 111
108 112
108 115
108 118
108 119
108 120
108 121
108 123
108 125
108 129
108 131
108 135
108 136
108 138
108 139
108 145
108 147
108 148
108 149
108 151
108 154
108 157
108 158
108 161
108 162
108 166
108 167
108 168
108 169
108 170
108 172
108 177
108 178
108 179
109 110
109 111
109 112
109 114
109 115
109 122
109 123
109 124
109 125
109 134
109 136
109 139
109 141
109 143
109 144
109 146
109 147
109 151
109 152
109 154
109 155
109 157
109 158
109 162
109 163
109 167
109 169
109 171
109 172
109 173
109 175
109 178
109 179
110 113
110 114
110 117
110 118
110 121
110 123
110 128
110 131
110 133
110 134
110 136
110 138
110 140
110 142
110 148
110 151
110 153
110 156
110 157
110 159
110 160
110 162
110 165
110 167
110 170
110 171
110 174
110 178
111 112
111 114
111 116
111 117
111 118
111 120
111 121
111 122
111 125
111 128
111 131
111 133
111 135
111 136
111 138
111 139
111 142
111 145
111 149
111 154
111 157
111 159
111 163
111 166
111 168
111 170
111 171
111 175
112 113
112 114
112 115
112 117
112 119
112 120
112 123
112 124
112 125
112 131
112 134
112 135
112 137
112 140
112 145
112 149
112 151
112 153
112 154
112 157
112 160
112 165
112 166
112 167
112 168
112 174
112 175
112 176
112 179
113 115
113 116
113 126
113 129
113 131
113 134
113 138
113 140
113 143
113 144
113 146
113 148
113 150
113 158
113 159
113 166
113 167
113 170
113 178
114 116
114 119
114 120
114 121
114 122
114 126
114 128
114 131
114 132
114 138
114 139
114 140
114 141
114 143
114 146
114 148
114 151
114 153
114 155
114 156
114 160
114 162
114 165
114 166
114 172
114 173
114 174
114 175
114 177
114 178
114 179
115 116
115 119
115 120
115 121
115 124
115 127
115 129
115 130
115 139
115 141
115 147
115 150
115 151
115 152
115 159
115 165
115 166
115 167
115 168
115 171
115 176
115 179
116 117
116 118
116 120
116 123
116 124
116 133
116 135
116 137
116 139
116 140
116 141
116 142
116 143
116 145
116 149
116 151
116 152
116 153
116 155
116 167
116 168
116 171
116 172
116 174
116 175
117 119
117 122
117 124
117 125
117 126
117 128
117 129
117 130
117 132
117 134
117 136
117 142
117 143
117 144
117 145
117 150
117 151
117 153
117 156
117 157
117 159
117 160
117 163
117 164
117 165
117 166
117 170
117 171
117 172
118 120
118 122
118 130
118 135
118 138
118 142
118 143
118 144
118 145
118 147
118 149
118 150
118 151
118 152
118 153
118 155
118 157
118 158
118 162
118 163
118 167
118 169
118 173
118 174
118 175
118 177
118 178
118 179
119 124
119 129
119 131
119 133
119 135
119 137
119 138
119 139
119 142
119 144
119 145
119 146
119 149
119 150
119 155
119 156
119 157
119 159
119 162
119 166
119 168
119 169
119 170
119 172
119 174
119 176
119 178
120 121
120 125
120 126
120 128
120 129
120 132
120 133
120 135
120 140
120 143
120 144
120 148
120 160
120 161
120 162
120 164
120 166
120 168
120 169
120 170
120 173
120 176
120 177
120 178
121 122
121 123
121 124
121 126
121 128
121 130
121 131
121 135
121 141
121 142
121 143
121 145
121 147
121 154
121 155
121 157
121 158
121 159
121 161
121 168
121 172
121 174
121 175
121 176
121 177
121 179
122 123
122 128
122 131
122 137
122 141
122 142
122 144
122 146
122 149
122 151
122 157
122 161
122 162
122 164
122 165
122 166
122 167
122 170
122 171
122 173
122 174
122 175
122 176
122 177
122 179
123 124
123 125
123 126
123 128
123 130
123 133
123 134
123 135
123 136
123 138
123 139
123 141
123 148
123 149
123 150
123 152
123 157
123 160
123 164
123 166
123 167
123 168
123 171
123 173
123 174
124 126
124 128
124 136
124 140
124 142
124 144
124 145
124 146
124 155
124 160
124 162
124 166
124 169
124 170
124 171
124 172
124 173
124 174
124 176
125 128
125 132
125 137
125 138
125 141
125 144
125 146
125 147
125 148
125 151
125 153
125 156
125 157
125 159
125 162
125 175
125 179
126 127
126 130
126 132
126 133
126 134
126 136
126 138
126 140
126 144
126 145
126 146
126 148
126 152
126 154
126 156
126 158
126 161
126 165
126 167
126 168
126 169
126 172
126 173
127 130
127 131
127 133
127 134
127 141
127 147
127 148
127 149
127 151
127 156
127 159
127 160
127 162
127 166
127 172
127 173
127 174
127 176
127 179
128 129
128 135
128 136
128 137
128 140
128 142
128 146
128 147
128 151
128 152
128 153
128 160
128 161
128 162
128 163
128 167
128 174
129 130
129 131
129 132
129 135
129 140
129 141
129 142
129 143
129 146
129 150
129 153
129 156
129 157
129 167
129 171
129 177
129 178
129 179
130 133
130 136
130 140
130 144
130 147
130 148
130 150
130 152
130 155
130 156
130 158
130 159
130 161
130 162
130 164
130 168
130 169
130 170
130 175
131 133
131 139
131 140
131 143
131 144
131 146
131 148
131 151
131 152
131 155
131 163
131 164
131 165
131 166
131 167
131 170
131 173
131 177
131 178
132 134
132 135
132 136
132 137
132 138
132 139
132 149
132 152
132 154
132 156
132 158
132 159
132 160
132 171
132 173
132 177
133 136
133 137
133 139
133 144
133 147
133 148
133 155
133 161
133 162
133 164
133 167
133 170
133 171
133 172
133 174
133 177
133 178
134 135
134 136
134 137
134 138
134 141
134 149
134 151
134 152
134 156
134 157
134 161
134 163
134 166
134 170
134 171
134 174
134 178
135 136
135 138
135 139
135 140
135 141
135 147
135 150
135 155
135 156
135 158
135 160
135 165
135 166
135 167
135 170
135 173
135 175
136 139
136 140
136 145
136 147
136 150
136 155
136 160
136 161
136 163
136 172
136 174
136 175
136 177
137 140
137 143
137 144
137 146
137 147
137 153
137 154
137 155
137 158
137 160
137 162
137 163
137 167
137 168
137 169
137 170
137 172
137 173
137 175
137 177
138 140
138 143
138 145
138 147
138 148
138 149
138 152
138 154
138 160
138 161
138 162
138 165
138 167
138 168
138 174
138 175
138 176
138 177
138 178
139 142
139 148
139 149
139 151
139 152
139 153
139 154
139 158
139 160
139 162
139 165
139 167
139 175
139 179
140 141
140 143
140 148
140 149
140 153
140 154
140 157
140 158
140 159
140 162
140 171
140 172
140 174
140 178
140 179
141 142
141 145
141 148
141 149
141 150
141 154
141 155
141 158
141 159
141 162
141 163
141 167
141 169
141 171
141 174
141 178
142 144
142 146
142 149
142 152
142 153
142 154
142 155
142 156
142 158
142 161
142 163
142 164
142 167
142 169
142 170
142 174
142 175
142 176
142 177
143 152
143 154
143 156
143 159
143 162
143 166
143 168
143 169
143 170
143 171
143 174
143 176
143 177
143 179
144 146
144 147
144 157
144 165
144 166
144 172
144 175
144 176
144 177
144 179
145 146
145 147
145 150
145 157
145 159
145 162
145 165
145 171
145 175
145 178
146 155
146 158
146 159
146 160
146 161
146 164
146 167
146 168
146 171
146 173
146 174
147 149
147 150
147 151
147 153
147 155
147 161
147 162
147 164
147 170
147 172
147 174
147 175
148 150
148 152
148 153
148 155
148 159
148 160
148 161
148 165
148 168
148 176
149 151
149 153
149 157
149 159
149 161
149 163
149 172
149 174
149 177
149 179
150 159
150 161
150 162
150 165
150 167
150 171
150 175
150 176
151 153
151 155
151 158
151 160
151 162
151 164
151 165
151 168
151 170
151 173
151 178
152 156
152 157
152 166
152 167
152 168
152 176
152 177
152 179
153 156
153 160
153 162
153 164
153 165
153 169
153 171
153 174
153 175
153 177
154 156
154 158
154 159
154 160
154 162
154 163
154 164
154 165
154 168
154 172
154 176
155 156
155 158
155 159
155 162
155 163
155 164
155 166
155 170
155 171
155 176
156 157
156 158
156 162
156 165
156 168
156 169
156 170
156 172
156 179
157 159
157 160
157 161
157 165
157 169
157 171
158 159
158 160
158 161
158 164
158 165
158 167
158 168
158 178
158 179
159 163
159 164
159 170
159 172
159 177
160 161
160 162
160 164
160 165
160 170
160 171
160 174
161 162
161 163
161 166
161 167
161 170
161 173
161 177
162 163
162 169
162 171
162 175
162 176
162 179
163 164
163 170
163 172
163 173
163 175
163 176
163 179
164 166
164 167
164 169
164 174
164 177
165 168
165 172
165 178
166 170
166 174
166 176
166 177
166 179
167 169
167 174
167 178
167 179
168 170
169 170
169 171
169 173
169 174
169 177
170 172
170 173
170 174
170 175
170 178
170 179
171 172
171 175
171 177
171 179
172 175
173 174
173 175
173 178
174 176
174 177
174 178
175 176
175 177
175 178
176 177
