188
0 1
0 20
0 62
0 76
0 166
1 2
1 48
2 3
2 12
2 36
2 54
2 82
3 4
3 6
3 7
3 43
3 68
3 112
3 127
4 5
4 9
4 10
4 11
4 62
4 122
4 132
5 13
5 19
5 51
5 67
5 104
5 109
5 139
5 161
5 170
6 8
6 26
6 47
6 114
6 150
7 23
7 27
7 28
7 34
7 43
7 46
7 63
7 109
7 114
7 131
8 31
8 37
8 67
8 79
8 98
9 14
9 58
9 61
9 90
9 114
9 119
9 126
9 141
10 14
10 70
10 74
10 100
10 108
10 117
10 185
11 40
11 42
11 56
11 70
11 107
11 120
11 132
12 18
12 34
12 59
12 65
12 81
12 84
13 26
13 88
13 100
13 151
14 15
14 16
14 24
14 35
14 135
14 150
14 151
14 152
15 17
15 22
15 55
15 111
15 171
16 19
16 66
16 78
16 130
16 153
17 18
17 120
17 154
18 65
18 99
18 114
18 139
18 177
19 21
19 39
19 55
19 181
20 41
20 87
20 110
20 133
21 25
21 30
21 32
21 36
21 47
21 161
22 60
22 61
22 86
22 108
22 122
22 146
22 177
23 123
23 141
23 174
23 176
24 29
24 33
24 60
24 153
24 158
24 178
25 37
25 136
25 157
25 168
26 42
26 153
27 44
27 50
27 110
27 113
27 162
28 57
28 71
28 116
28 118
28 132
28 150
28 169
29 53
29 95
29 103
29 112
29 120
29 124
29 169
30 33
30 52
30 83
30 86
31 55
31 65
31 68
31 115
32 44
32 78
32 105
32 108
32 109
32 125
32 153
32 177
33 41
33 75
33 91
33 97
33 102
33 142
33 160
34 37
34 57
34 102
34 158
34 163
34 183
35 75
35 97
35 121
35 124
35 138
35 151
35 177
36 38
36 73
36 85
37 39
37 144
38 69
38 136
38 151
38 178
38 183
39 45
39 77
39 133
39 147
39 172
40 45
40 47
40 50
40 56
40 58
40 146
40 176
41 109
41 157
42 46
42 152
42 158
42 165
43 69
43 95
43 141
43 155
43 180
44 97
44 102
44 116
44 144
44 168
45 88
45 117
46 49
46 50
46 114
46 119
46 158
46 179
47 77
47 122
48 51
48 66
48 75
48 105
48 120
48 166
49 61
49 96
49 103
49 160
50 93
50 173
51 73
51 104
51 107
51 179
51 183
52 71
52 79
53 94
53 129
54 103
54 108
54 175
54 182
55 128
56 106
56 156
57 79
57 81
57 88
57 110
57 152
57 164
57 172
57 184
58 134
59 64
59 67
59 81
59 89
59 137
59 178
60 72
61 85
61 90
61 146
61 179
62 149
62 169
63 142
63 175
64 92
64 108
64 121
64 159
65 94
66 88
66 89
66 155
66 172
67 96
67 147
67 164
68 80
69 73
69 98
69 179
70 83
70 84
70 124
70 146
71 102
71 123
71 138
71 148
71 159
71 167
72 90
72 116
72 166
73 123
73 128
73 174
74 79
74 80
74 87
74 95
74 140
74 143
74 150
74 178
75 77
75 93
75 107
75 128
76 89
76 92
76 148
76 151
77 125
78 93
78 106
78 131
78 132
78 134
78 181
79 128
79 144
80 104
80 113
80 119
80 131
80 168
80 172
80 182
81 127
82 120
82 142
82 172
83 86
83 92
83 97
83 106
83 121
83 135
84 112
84 160
84 174
85 102
85 137
85 156
85 158
85 187
86 114
86 129
87 111
87 149
87 155
87 167
88 105
88 115
88 127
88 179
89 125
89 152
90 94
91 106
91 111
91 119
91 121
91 159
91 167
92 100
92 131
93 101
93 103
93 118
93 127
93 148
94 95
94 140
94 187
95 128
95 137
96 126
96 153
97 147
97 186
98 140
98 143
98 145
98 148
99 122
99 149
99 183
101 112
101 113
101 134
101 135
101 156
102 124
102 139
102 140
103 133
103 170
103 184
104 133
104 165
104 168
106 161
106 163
107 137
107 152
107 182
108 143
108 167
108 170
109 134
109 161
109 162
110 140
110 150
110 171
110 178
111 130
111 180
111 187
113 142
113 184
114 148
115 136
115 171
116 139
116 147
117 123
117 129
117 157
118 130
118 150
118 154
118 184
119 125
119 161
119 166
120 162
120 167
121 155
121 173
121 187
122 163
123 151
123 164
123 167
124 142
124 186
126 129
126 145
126 181
126 185
127 174
128 132
128 157
128 176
129 157
131 145
131 166
131 169
133 136
134 168
134 182
138 145
139 145
140 162
140 184
141 153
143 148
143 165
143 168
144 177
145 169
146 173
147 163
147 185
147 186
154 164
156 159
156 166
157 185
158 176
159 165
159 179
161 183
161 186
162 172
163 177
163 181
165 184
171 180
174 175
177 185
