188
0 1
0 2
0 11
0 30
0 34
0 46
0 49
0 117
0 136
0 162
1 4
1 8
1 12
1 35
1 95
2 3
2 5
2 52
2 98
2 106
2 112
2 150
2 168
3 28
3 30
3 78
3 80
3 171
4 6
4 7
4 17
4 36
4 77
4 88
4 103
4 131
4 179
5 18
5 24
5 45
5 60
5 65
5 143
5 155
5 187
6 21
6 86
6 150
6 161
7 9
7 10
7 66
7 86
7 139
7 159
8 23
8 179
9 16
9 35
9 173
10 21
10 47
10 50
10 55
10 58
10 67
11 14
11 29
11 42
11 95
11 134
11 139
11 155
12 13
12 15
12 17
12 19
12 39
12 49
12 51
12 106
12 181
13 24
13 55
13 94
13 127
13 159
13 180
13 186
14 25
14 45
14 54
15 20
15 78
15 86
15 154
15 172
16 33
16 44
16 47
16 62
16 128
17 31
17 36
17 83
17 91
17 99
17 147
18 22
18 26
18 83
18 104
18 126
18 130
19 35
19 46
19 52
19 72
19 166
19 182
20 60
20 79
20 80
20 107
20 146
21 59
21 68
21 84
21 90
21 107
21 143
21 172
21 182
22 72
22 79
22 130
22 177
22 184
23 96
23 132
23 164
24 187
25 27
25 141
25 155
26 29
26 48
26 77
26 81
26 104
26 163
27 40
27 49
28 69
28 76
28 91
28 160
28 168
29 32
29 61
29 97
29 119
29 131
29 142
29 179
30 31
30 79
30 91
30 94
30 95
30 97
30 100
31 37
31 61
31 92
31 112
31 114
31 119
31 145
31 158
32 34
32 82
32 88
32 119
32 125
32 159
33 36
33 56
33 57
33 101
33 164
33 183
34 41
34 81
34 111
34 112
34 143
34 152
35 43
35 115
35 117
35 136
35 156
36 101
36 106
36 130
37 38
37 61
37 124
37 152
37 162
38 76
38 79
38 92
39 62
39 71
40 43
40 48
40 68
40 72
40 179
41 85
41 98
41 128
41 146
41 179
42 71
42 87
42 161
42 184
43 102
43 134
43 184
44 56
44 58
44 69
44 119
44 123
44 130
44 180
44 183
45 64
45 65
45 68
45 99
45 121
45 133
45 165
45 171
45 177
46 74
46 83
46 115
46 126
46 138
46 142
47 53
47 110
48 56
48 73
48 75
48 81
48 113
48 174
49 70
49 148
49 186
50 93
50 119
50 142
50 148
51 60
51 64
51 99
51 118
51 129
51 133
51 151
51 160
52 63
52 68
52 75
52 76
52 84
52 170
53 82
53 174
53 177
54 57
54 85
54 108
54 109
54 125
54 167
54 184
55 74
55 89
55 99
55 100
56 146
56 152
57 59
57 68
57 118
57 121
57 165
58 65
58 135
58 136
58 160
58 163
58 169
59 92
59 134
59 143
59 156
59 158
60 74
61 101
61 183
62 64
62 90
62 97
63 71
63 99
63 186
64 66
64 89
64 102
64 159
65 123
65 163
66 85
66 86
66 87
66 100
67 108
67 109
67 124
67 139
67 141
68 110
69 96
69 154
70 76
70 144
70 149
71 124
72 73
72 94
72 140
73 84
73 101
73 125
74 163
75 96
75 164
76 85
76 110
76 150
76 164
77 87
77 88
77 93
77 163
78 109
78 144
79 83
79 109
79 115
79 172
80 108
80 116
80 122
80 127
81 96
81 98
81 121
81 127
81 169
82 84
82 133
83 95
83 112
83 156
83 185
84 123
85 122
85 186
86 135
87 126
87 137
87 156
88 91
88 100
88 131
88 169
88 171
88 174
88 182
89 91
89 105
90 93
90 96
90 129
90 149
90 157
90 165
91 109
91 158
91 164
91 181
92 97
92 120
93 138
93 172
94 105
94 107
94 158
94 180
95 178
96 151
96 160
96 187
97 103
97 136
97 161
100 161
100 184
101 114
101 118
102 175
103 132
103 142
103 152
104 167
105 134
105 137
105 156
105 185
106 120
106 145
107 141
107 169
108 122
108 154
108 155
108 157
109 120
109 175
110 173
110 182
111 128
111 138
111 166
112 121
113 125
113 148
114 133
114 148
115 147
115 173
116 118
116 120
116 146
116 147
116 174
116 176
117 170
117 174
117 182
118 144
119 120
119 130
119 145
120 182
121 131
121 158
121 187
122 133
122 152
122 157
123 125
123 140
123 158
124 144
124 161
124 177
124 181
125 140
125 156
126 152
126 162
127 145
128 160
128 161
129 131
132 162
132 169
133 153
133 170
134 149
135 146
135 168
136 170
137 143
137 169
138 145
138 147
138 187
139 171
139 183
140 144
140 166
141 150
141 172
142 171
143 151
145 176
146 153
147 153
147 185
149 159
149 171
151 167
151 181
154 165
155 159
155 165
156 177
157 166
157 173
163 175
166 187
170 173
170 176
172 185
174 178
175 178
175 185
176 179
