180
0 1
0 3
0 6
0 7
0 9
0 12
0 32
0 33
0 59
1 2
1 5
1 13
1 138
2 15
2 18
2 36
2 68
3 4
3 26
3 46
4 21
4 23
4 54
5 8
5 19
5 24
5 35
5 43
6 10
6 14
6 32
6 88
7 50
7 61
7 84
7 111
7 171
8 11
8 45
8 62
9 16
9 25
9 53
10 31
10 98
11 31
11 40
12 17
12 41
12 83
13 42
13 49
13 86
14 52
14 59
14 105
15 34
15 140
15 149
15 163
16 22
16 24
16 150
17 37
17 71
17 77
17 176
18 38
18 92
19 20
19 118
20 28
20 29
20 44
20 45
20 78
20 152
21 47
21 69
21 93
22 65
22 106
23 61
23 107
23 130
23 168
24 85
24 120
24 153
25 27
25 30
25 45
25 71
25 72
26 57
26 101
27 33
27 68
27 149
27 150
28 48
28 88
28 124
29 40
29 46
29 91
29 164
30 63
30 67
30 108
30 148
31 39
32 76
32 110
33 90
33 97
33 103
33 123
34 144
34 163
35 55
35 174
36 103
37 80
37 97
37 122
37 133
37 156
38 91
38 111
38 137
38 161
39 82
39 113
39 179
40 54
40 89
40 141
40 165
41 52
41 138
42 53
42 70
42 99
42 133
43 74
44 103
45 170
46 64
47 88
47 130
48 51
48 60
48 66
48 80
48 170
49 64
49 110
49 137
50 100
50 145
50 151
51 111
51 129
52 81
52 85
52 95
53 81
53 109
54 56
54 58
55 102
55 117
56 114
56 128
56 163
57 165
58 94
59 101
59 131
59 133
59 141
60 159
60 173
60 176
61 74
61 124
61 127
62 127
62 136
62 147
62 176
63 109
63 122
63 157
64 72
64 79
65 89
66 104
66 139
66 141
67 75
67 99
68 81
68 152
68 172
69 73
69 145
70 76
70 100
71 126
71 151
71 167
71 178
72 90
72 100
73 158
73 174
74 118
75 76
76 151
76 155
77 104
77 153
78 116
78 132
79 92
79 130
79 135
80 106
81 108
82 98
83 87
84 114
84 115
84 136
85 128
87 89
87 126
87 132
87 142
88 123
89 170
90 107
90 134
91 92
91 171
92 132
93 96
93 125
93 160
94 114
95 98
95 142
95 151
96 112
96 176
97 119
101 102
101 170
104 139
104 140
105 146
105 154
106 146
109 125
109 134
109 154
112 136
112 167
116 144
117 121
118 122
119 127
119 158
119 168
119 177
120 127
120 156
122 139
122 165
122 178
123 142
128 153
129 166
130 138
130 161
131 154
131 178
132 143
136 160
137 143
137 167
139 167
140 148
140 149
143 169
145 169
145 171
148 172
149 162
150 156
153 164
155 169
156 175
163 165
169 172
172 173
173 178
