188
0 1
0 2
0 5
0 15
0 53
0 155
1 16
1 18
1 26
1 52
2 3
2 4
2 7
2 9
2 12
2 147
3 8
3 11
3 22
4 8
4 10
4 36
4 60
5 6
5 13
5 25
5 121
6 38
6 46
6 54
6 117
7 22
7 47
7 140
8 17
8 115
9 48
9 49
9 146
9 170
10 40
10 97
10 125
11 14
11 23
11 94
11 131
11 144
12 21
12 24
12 28
12 29
12 37
12 84
12 116
13 67
13 129
14 20
14 43
14 77
14 173
15 32
15 54
15 80
15 122
15 185
16 27
16 46
16 68
17 39
18 19
18 21
18 33
18 148
19 42
19 58
20 50
20 61
20 63
20 69
20 170
21 24
21 135
22 35
22 169
23 30
23 39
23 41
23 78
25 35
25 79
25 81
26 31
26 81
26 83
26 166
27 44
27 65
27 165
28 34
28 120
29 57
29 86
29 147
29 160
30 51
30 88
30 128
31 133
32 48
32 162
33 99
33 141
33 158
34 74
34 82
35 45
35 72
35 126
36 101
37 59
37 64
37 73
37 82
38 76
39 50
39 140
40 64
40 84
40 121
40 177
41 92
41 110
41 163
42 66
42 121
43 60
43 99
43 130
43 149
44 90
45 66
45 104
45 111
45 171
46 70
46 187
47 144
48 55
48 142
48 170
49 93
49 119
50 101
50 125
51 62
51 87
51 164
52 59
52 124
52 137
53 56
53 91
53 100
53 101
53 152
54 119
55 68
55 128
55 186
56 81
56 97
56 112
56 148
57 95
57 127
57 134
58 85
58 118
58 150
58 157
59 67
59 96
60 72
60 97
61 75
61 133
61 166
62 65
62 138
62 158
63 109
63 162
65 120
65 136
66 71
66 104
67 116
67 133
68 134
68 177
69 112
69 166
70 130
71 98
72 103
73 150
74 85
74 117
74 144
74 155
76 82
76 156
77 83
77 106
78 131
78 144
78 178
79 92
79 105
79 145
80 108
80 111
80 154
80 159
82 90
83 180
84 100
84 108
84 114
85 101
85 102
86 98
86 121
86 176
87 113
87 122
88 89
88 102
88 123
91 132
95 139
96 110
98 115
98 143
99 111
99 153
100 135
100 175
102 107
102 134
103 133
103 174
104 124
105 143
106 115
107 126
108 168
109 174
110 130
110 152
111 151
111 172
112 128
112 141
112 142
113 153
113 185
114 167
114 175
115 184
116 157
118 179
119 154
119 167
120 136
120 187
121 168
122 165
122 184
124 137
124 151
124 152
124 161
125 165
126 157
126 179
127 183
128 138
129 130
129 141
129 175
133 169
134 154
134 179
135 143
135 171
135 185
135 186
137 156
137 167
138 176
139 150
141 149
142 179
144 176
146 181
146 186
148 160
150 154
156 174
156 179
158 169
159 182
160 173
162 178
163 187
164 172
169 175
170 173
179 183
182 184
