180
0 1
0 14
0 16
0 34
0 38
0 54
0 74
1 2
1 3
1 4
1 7
1 30
1 33
1 68
1 70
1 91
1 93
1 140
1 142
2 5
2 10
2 18
2 22
2 91
3 6
3 15
3 19
3 29
3 35
3 39
3 41
3 88
3 92
4 20
4 28
4 125
4 128
5 26
5 100
5 104
5 137
5 166
6 9
6 25
6 149
6 151
6 178
7 8
7 10
7 16
7 17
7 59
7 83
7 95
7 162
8 11
8 12
8 32
8 99
8 135
8 165
9 56
9 88
9 94
9 113
9 143
10 18
10 47
10 51
10 61
10 65
10 79
11 43
11 76
11 142
11 154
12 13
12 23
12 30
12 49
12 82
12 135
12 138
13 116
13 127
13 159
13 167
14 21
14 34
14 113
14 117
14 132
15 41
15 44
15 88
15 107
16 27
16 175
17 29
17 70
17 110
17 111
17 135
17 151
18 24
18 98
19 67
19 74
19 91
19 170
20 58
20 68
20 111
20 136
21 26
21 37
21 48
21 98
21 152
21 163
22 25
22 28
22 49
22 94
22 112
22 173
23 31
23 57
23 71
23 130
23 143
23 166
23 176
24 42
24 64
24 87
24 93
24 94
24 114
24 120
24 144
25 39
25 70
25 95
25 102
25 129
26 46
26 60
27 103
27 108
27 152
27 163
28 33
28 36
28 74
28 86
29 56
29 63
29 81
29 95
29 118
29 141
30 40
30 44
30 53
30 60
30 109
30 139
31 43
31 85
31 97
31 98
31 110
31 121
31 126
31 143
31 149
32 41
32 52
32 54
32 55
33 47
33 61
33 107
34 84
34 94
34 120
34 146
34 164
35 87
35 110
35 124
35 129
36 45
36 49
36 51
36 95
36 106
36 127
36 154
36 161
37 50
37 51
37 62
37 109
37 128
37 129
37 173
38 82
38 92
38 139
38 167
39 79
39 110
39 125
39 158
40 50
40 91
40 110
40 126
40 162
40 178
41 89
41 109
42 48
42 77
42 83
42 160
43 77
43 94
43 105
43 168
43 174
44 96
44 99
44 156
45 106
45 120
45 133
46 139
46 176
46 179
47 57
47 77
47 82
47 111
47 159
48 119
48 125
48 140
48 155
49 57
49 67
49 75
49 78
49 153
49 173
50 103
50 150
51 54
51 86
51 142
51 173
52 115
52 168
53 55
53 73
53 148
54 112
54 178
55 63
55 64
55 65
55 70
55 121
55 164
56 169
57 101
57 109
57 117
57 161
58 65
58 105
58 128
58 163
59 67
59 68
59 72
59 78
59 148
60 66
60 73
61 76
61 167
61 172
61 174
62 108
62 116
62 144
63 105
63 168
63 174
63 178
64 89
64 91
64 154
64 157
64 158
64 165
64 169
65 67
65 109
65 133
66 69
66 73
66 79
66 125
66 144
66 171
67 150
68 72
68 90
68 155
69 138
69 177
70 75
70 85
70 154
71 82
71 90
71 95
71 112
71 132
71 141
72 134
72 138
72 172
72 176
73 77
73 172
74 90
74 92
74 111
74 114
74 123
74 151
75 88
75 90
75 123
76 105
76 118
76 139
76 143
76 157
76 162
77 80
77 97
77 117
77 172
77 179
78 83
78 97
78 98
78 175
79 144
79 146
80 96
80 130
80 163
80 170
81 82
81 123
81 136
81 143
81 160
81 169
82 114
82 119
82 136
82 170
84 108
84 116
85 138
85 156
86 98
86 116
86 130
86 137
86 150
87 118
87 132
87 134
89 102
89 113
89 128
89 173
90 97
90 153
91 110
92 114
92 177
92 178
93 127
93 140
94 133
95 106
95 169
96 101
96 122
96 163
97 104
97 112
97 124
98 106
98 160
98 164
99 106
99 111
99 119
99 141
100 115
100 135
100 136
100 144
101 137
101 153
101 164
101 168
101 177
102 104
102 162
103 112
103 156
103 166
103 174
106 165
107 152
107 165
108 159
109 167
110 115
110 140
111 134
113 116
114 121
114 153
114 158
116 139
117 139
117 142
118 160
119 122
119 125
119 131
119 152
119 177
120 165
121 145
122 152
122 154
122 170
122 177
123 148
124 127
124 161
124 168
124 179
125 149
126 129
126 147
126 166
126 179
128 132
128 147
128 157
128 164
129 157
129 176
130 136
131 135
131 155
133 145
134 177
135 158
136 147
136 166
138 146
140 155
141 149
141 163
141 167
142 158
144 159
145 161
147 158
150 152
150 154
151 164
151 171
151 172
153 159
154 178
155 175
157 159
157 165
162 166
167 171
171 175
173 175
