188
0 1
0 20
0 76
0 166
1 2
1 48
1 87
2 3
2 12
2 36
2 54
2 82
3 4
3 6
3 7
3 43
3 83
3 141
3 158
4 5
4 9
4 10
4 11
4 62
4 132
4 153
5 13
5 62
5 81
5 99
5 176
6 8
6 143
6 183
7 23
7 27
7 28
7 46
7 55
7 63
7 114
7 131
7 137
8 31
8 37
8 81
8 98
9 39
9 92
9 112
9 143
9 149
9 157
10 14
10 74
10 100
10 108
10 147
10 157
10 185
11 40
11 54
11 56
11 70
11 107
11 150
12 26
12 34
12 59
12 65
12 102
12 104
13 26
13 184
14 15
14 16
14 24
14 35
14 135
14 183
14 184
14 185
15 17
15 22
15 111
15 171
16 19
16 78
16 186
17 18
17 27
17 132
17 133
17 154
18 40
18 99
19 21
19 39
19 55
19 124
19 181
20 41
20 87
20 120
20 133
21 25
21 30
21 32
21 47
22 31
22 60
22 106
22 146
22 152
22 159
23 130
23 132
23 154
24 29
24 73
24 186
25 114
25 136
25 139
25 177
26 42
26 153
26 161
27 44
27 61
27 138
28 132
28 142
28 146
29 53
29 103
29 112
29 124
29 150
29 164
30 33
30 52
30 61
30 86
30 173
31 68
31 77
31 115
32 40
32 45
32 56
32 105
32 136
32 174
33 45
33 53
33 91
33 92
33 126
33 142
33 160
34 57
34 126
34 163
35 62
35 92
35 151
35 152
35 168
36 38
36 162
37 45
37 144
37 174
38 65
38 69
38 71
38 118
38 167
38 178
38 184
39 57
39 98
39 132
39 179
40 45
40 50
40 58
40 178
41 101
41 109
42 58
42 89
42 108
42 158
42 177
43 70
43 84
43 116
43 120
43 122
43 141
43 169
44 97
44 126
45 117
46 49
46 119
46 138
46 143
47 77
47 122
48 51
48 66
48 75
48 120
49 61
49 96
49 102
50 156
51 73
51 104
51 135
51 183
52 71
52 79
53 157
54 130
54 152
54 165
55 155
55 180
56 103
56 116
56 134
56 144
57 81
57 88
57 98
57 110
57 152
58 94
59 64
59 67
59 89
59 105
59 110
60 72
60 160
61 85
62 149
63 175
64 92
65 85
65 129
66 108
66 110
67 128
67 164
67 179
68 74
68 80
69 77
69 122
69 179
70 83
70 84
70 148
70 155
71 138
71 148
71 154
72 90
72 116
72 166
73 151
73 154
74 98
74 169
74 171
75 135
75 142
76 89
76 108
76 121
76 181
76 184
77 94
77 125
78 93
78 124
78 134
78 161
79 128
79 153
79 155
79 175
80 91
80 142
80 168
81 96
81 158
82 172
83 106
83 121
83 166
84 109
85 102
85 137
86 103
86 146
87 90
87 155
87 159
88 105
88 128
88 162
89 185
90 94
90 95
90 150
91 159
92 128
93 101
93 118
93 127
93 180
94 95
94 140
94 187
96 126
96 186
97 132
97 134
97 147
98 175
98 180
99 120
100 119
100 131
100 173
100 182
101 113
101 134
101 156
102 172
103 104
103 120
103 163
104 112
104 145
106 114
106 129
106 156
107 111
107 149
107 168
107 182
107 185
108 143
108 170
109 127
109 161
110 183
111 115
111 125
111 160
113 184
114 181
115 121
115 167
116 139
116 179
117 123
117 129
118 130
118 150
119 128
119 172
121 122
121 173
122 140
123 167
124 176
124 183
126 145
127 139
127 174
128 162
129 157
131 164
131 165
134 136
135 136
135 139
136 145
138 178
140 162
141 180
143 149
143 181
144 177
145 161
145 169
145 170
145 171
147 157
147 186
151 154
152 155
152 164
153 163
153 172
156 186
158 176
159 165
161 166
163 179
168 174
171 180
173 177
175 187
