188
0 1
0 2
0 4
0 5
0 6
0 8
0 9
0 10
0 12
0 13
0 14
0 15
0 17
0 18
0 19
0 23
0 27
0 28
0 29
0 30
0 32
0 34
0 37
0 39
0 42
0 44
0 45
0 47
0 49
0 51
0 52
0 53
0 56
0 57
0 58
0 59
0 64
0 65
0 66
0 67
0 68
0 69
0 70
0 71
0 72
0 73
0 74
0 77
0 82
0 83
0 85
0 86
0 89
0 90
0 91
0 92
0 93
0 95
0 96
0 97
0 98
0 99
0 101
0 102
0 104
0 105
0 107
0 111
0 112
0 113
0 115
0 117
0 118
0 120
0 122
0 124
0 125
0 127
0 128
0 129
0 132
0 135
0 136
0 137
0 138
0 139
0 140
0 141
0 142
0 144
0 145
0 149
0 150
0 153
0 155
0 156
0 160
0 162
0 167
0 168
0 169
0 170
0 172
0 173
0 176
0 178
0 184
0 185
0 187
1 3
1 4
1 5
1 6
1 7
1 11
1 12
1 13
1 16
1 20
1 22
1 23
1 25
1 26
1 27
1 28
1 29
1 32
1 34
1 35
1 36
1 37
1 38
1 39
1 41
1 43
1 44
1 45
1 46
1 47
1 48
1 52
1 53
1 54
1 55
1 61
1 62
1 63
1 64
1 68
1 69
1 70
1 71
1 72
1 73
1 76
1 77
1 78
1 80
1 82
1 84
1 86
1 88
1 91
1 98
1 99
1 104
1 106
1 107
1 110
1 113
1 115
1 116
1 117
1 118
1 119
1 122
1 123
1 128
1 130
1 131
1 133
1 139
1 140
1 142
1 143
1 145
1 146
1 149
1 150
1 151
1 152
1 153
1 154
1 156
1 157
1 158
1 160
1 162
1 165
1 166
1 167
1 169
1 171
1 172
1 173
1 174
1 175
1 176
1 177
1 180
1 181
1 183
1 184
1 185
1 187
2 3
2 5
2 6
2 7
2 8
2 10
2 11
2 12
2 14
2 17
2 18
2 19
2 21
2 23
2 24
2 26
2 27
2 29
2 31
2 35
2 36
2 38
2 40
2 44
2 45
2 46
2 47
2 52
2 53
2 54
2 55
2 57
2 58
2 59
2 60
2 61
2 64
2 68
2 70
2 71
2 72
2 74
2 78
2 79
2 81
2 83
2 84
2 89
2 91
2 92
2 93
2 95
2 96
2 97
2 101
2 102
2 103
2 104
2 105
2 109
2 110
2 114
2 116
2 117
2 118
2 119
2 121
2 124
2 125
2 126
2 129
2 131
2 132
2 134
2 135
2 137
2 140
2 141
2 143
2 144
2 145
2 146
2 147
2 148
2 149
2 150
2 152
2 154
2 155
2 156
2 157
2 158
2 160
2 161
2 165
2 166
2 167
2 170
2 171
2 173
2 176
2 182
2 187
3 4
3 6
3 7
3 8
3 9
3 10
3 11
3 12
3 14
3 15
3 16
3 17
3 18
3 19
3 22
3 25
3 28
3 30
3 31
3 32
3 33
3 34
3 37
3 38
3 39
3 42
3 44
3 52
3 54
3 55
3 58
3 60
3 61
3 63
3 64
3 67
3 68
3 69
3 71
3 72
3 74
3 75
3 76
3 77
3 78
3 79
3 80
3 81
3 82
3 86
3 87
3 89
3 90
3 91
3 95
3 96
3 99
3 100
3 104
3 107
3 111
3 112
3 113
3 114
3 115
3 116
3 117
3 118
3 119
3 120
3 123
3 127
3 131
3 134
3 136
3 137
3 139
3 140
3 141
3 142
3 143
3 144
3 145
3 150
3 153
3 154
3 156
3 159
3 161
3 162
3 163
3 164
3 165
3 169
3 170
3 171
3 175
3 179
3 180
3 181
3 182
4 5
4 7
4 8
4 9
4 10
4 11
4 12
4 13
4 14
4 15
4 18
4 19
4 20
4 25
4 26
4 28
4 29
4 32
4 34
4 35
4 36
4 39
4 41
4 42
4 44
4 45
4 47
4 49
4 50
4 51
4 52
4 55
4 57
4 59
4 61
4 62
4 64
4 65
4 66
4 67
4 68
4 69
4 70
4 71
4 72
4 73
4 77
4 78
4 79
4 80
4 81
4 83
4 84
4 87
4 90
4 91
4 92
4 94
4 95
4 97
4 98
4 99
4 102
4 104
4 105
4 106
4 107
4 111
4 112
4 113
4 115
4 117
4 119
4 120
4 121
4 124
4 128
4 129
4 130
4 131
4 133
4 135
4 137
4 138
4 141
4 143
4 144
4 149
4 152
4 155
4 156
4 158
4 159
4 161
4 166
4 167
4 169
4 170
4 171
4 172
4 173
4 175
4 179
4 184
4 186
5 6
5 8
5 9
5 10
5 11
5 12
5 14
5 15
5 16
5 18
5 20
5 21
5 22
5 23
5 24
5 29
5 30
5 31
5 33
5 34
5 35
5 36
5 37
5 38
5 39
5 42
5 45
5 46
5 47
5 49
5 50
5 53
5 55
5 56
5 58
5 59
5 62
5 64
5 65
5 67
5 68
5 71
5 76
5 78
5 80
5 81
5 82
5 84
5 86
5 87
5 88
5 89
5 90
5 93
5 95
5 96
5 97
5 98
5 103
5 104
5 105
5 106
5 107
5 108
5 109
5 111
5 114
5 116
5 117
5 118
5 119
5 121
5 122
5 123
5 124
5 125
5 127
5 128
5 129
5 134
5 135
5 136
5 137
5 138
5 139
5 140
5 141
5 143
5 147
5 149
5 153
5 154
5 155
5 156
5 157
5 160
5 162
5 163
5 164
5 165
5 166
5 168
5 170
5 171
5 172
5 173
5 175
5 176
5 178
5 179
5 183
5 185
5 187
6 7
6 8
6 10
6 11
6 12
6 13
6 14
6 15
6 18
6 19
6 21
6 23
6 24
6 25
6 28
6 30
6 31
6 32
6 33
6 34
6 35
6 37
6 38
6 39
6 40
6 41
6 42
6 44
6 45
6 47
6 48
6 49
6 50
6 51
6 52
6 53
6 54
6 59
6 60
6 61
6 62
6 68
6 70
6 75
6 78
6 79
6 83
6 84
6 85
6 88
6 91
6 92
6 93
6 94
6 96
6 99
6 100
6 102
6 104
6 106
6 111
6 112
6 115
6 116
6 117
6 118
6 120
6 122
6 123
6 124
6 126
6 127
6 129
6 130
6 132
6 134
6 135
6 137
6 138
6 140
6 141
6 143
6 144
6 145
6 146
6 147
6 151
6 153
6 154
6 157
6 158
6 159
6 161
6 163
6 164
6 168
6 172
6 174
6 176
6 178
6 179
6 180
6 185
7 8
7 10
7 12
7 13
7 14
7 16
7 17
7 18
7 23
7 25
7 26
7 28
7 29
7 30
7 31
7 32
7 35
7 37
7 38
7 41
7 42
7 44
7 45
7 46
7 47
7 50
7 51
7 53
7 54
7 55
7 56
7 57
7 58
7 59
7 61
7 62
7 63
7 64
7 65
7 67
7 70
7 71
7 72
7 76
7 78
7 81
7 82
7 84
7 85
7 87
7 88
7 89
7 93
7 95
7 99
7 102
7 103
7 104
7 105
7 106
7 108
7 109
7 111
7 113
7 114
7 118
7 121
7 123
7 124
7 125
7 126
7 127
7 129
7 130
7 131
7 132
7 135
7 136
7 138
7 139
7 140
7 143
7 147
7 149
7 150
7 151
7 153
7 155
7 159
7 160
7 161
7 162
7 165
7 167
7 171
7 172
7 176
7 178
7 179
7 181
7 182
7 184
7 186
7 187
8 9
8 10
8 13
8 14
8 15
8 19
8 22
8 23
8 25
8 26
8 30
8 31
8 33
8 34
8 37
8 39
8 40
8 42
8 44
8 45
8 47
8 48
8 51
8 53
8 54
8 55
8 56
8 57
8 58
8 60
8 61
8 62
8 63
8 64
8 67
8 68
8 73
8 74
8 76
8 77
8 78
8 79
8 80
8 82
8 86
8 88
8 89
8 90
8 92
8 93
8 94
8 97
8 98
8 99
8 100
8 101
8 103
8 107
8 110
8 113
8 114
8 115
8 116
8 117
8 118
8 121
8 122
8 128
8 129
8 130
8 133
8 134
8 135
8 136
8 138
8 139
8 141
8 146
8 147
8 148
8 155
8 156
8 160
8 161
8 164
8 165
8 166
8 167
8 173
8 176
8 177
8 178
8 181
8 183
8 184
8 186
9 12
9 16
9 19
9 20
9 22
9 23
9 24
9 25
9 26
9 27
9 28
9 29
9 30
9 31
9 34
9 35
9 36
9 37
9 38
9 39
9 40
9 41
9 42
9 43
9 45
9 46
9 47
9 48
9 50
9 51
9 54
9 55
9 56
9 62
9 63
9 64
9 65
9 67
9 68
9 70
9 71
9 72
9 74
9 75
9 76
9 80
9 81
9 84
9 89
9 91
9 93
9 94
9 96
9 97
9 99
9 100
9 101
9 102
9 103
9 108
9 109
9 110
9 112
9 113
9 114
9 115
9 116
9 117
9 121
9 122
9 124
9 125
9 127
9 136
9 137
9 138
9 140
9 141
9 146
9 147
9 149
9 153
9 156
9 158
9 160
9 162
9 163
9 169
9 170
9 171
9 172
9 174
9 175
9 177
9 179
9 181
9 182
9 184
9 185
10 11
10 12
10 13
10 14
10 15
10 18
10 19
10 20
10 21
10 23
10 25
10 30
10 32
10 33
10 34
10 35
10 37
10 40
10 42
10 43
10 44
10 45
10 46
10 47
10 48
10 53
10 56
10 57
10 58
10 59
10 61
10 62
10 63
10 64
10 65
10 66
10 68
10 70
10 72
10 73
10 74
10 75
10 77
10 78
10 79
10 81
10 83
10 84
10 86
10 87
10 88
10 89
10 90
10 92
10 93
10 94
10 95
10 97
10 99
10 100
10 101
10 103
10 104
10 106
10 107
10 108
10 113
10 114
10 116
10 118
10 119
10 120
10 124
10 125
10 129
10 130
10 133
10 135
10 139
10 140
10 141
10 144
10 145
10 146
10 149
10 153
10 154
10 155
10 157
10 160
10 162
10 163
10 164
10 165
10 166
10 170
10 172
10 174
10 175
10 177
10 181
10 182
10 183
10 186
11 12
11 15
11 16
11 17
11 20
11 21
11 24
11 25
11 26
11 27
11 28
11 29
11 32
11 33
11 34
11 35
11 36
11 38
11 39
11 43
11 44
11 46
11 47
11 49
11 51
11 53
11 54
11 55
11 56
11 59
11 61
11 62
11 63
11 65
11 66
11 67
11 68
11 71
11 72
11 73
11 76
11 77
11 79
11 80
11 81
11 82
11 85
11 88
11 91
11 92
11 94
11 96
11 99
11 100
11 103
11 104
11 107
11 109
11 114
11 116
11 117
11 118
11 119
11 120
11 124
11 125
11 126
11 127
11 133
11 135
11 136
11 137
11 139
11 144
11 145
11 146
11 148
11 149
11 150
11 151
11 154
11 157
11 158
11 161
11 164
11 165
11 166
11 167
11 169
11 170
11 177
11 178
11 180
11 184
11 185
11 187
12 13
12 14
12 16
12 17
12 18
12 19
12 21
12 22
12 23
12 24
12 26
12 27
12 28
12 34
12 36
12 37
12 38
12 39
12 40
12 43
12 44
12 45
12 47
12 48
12 50
12 51
12 54
12 56
12 59
12 60
12 61
12 63
12 66
12 68
12 72
12 74
12 76
12 78
12 79
12 80
12 81
12 84
12 85
12 86
12 88
12 90
12 94
12 95
12 97
12 98
12 99
12 102
12 105
12 106
12 109
12 111
12 112
12 116
12 117
12 119
12 123
12 124
12 127
12 128
12 129
12 130
12 131
12 132
12 135
12 138
12 139
12 141
12 143
12 144
12 146
12 150
12 151
12 152
12 153
12 157
12 158
12 159
12 161
12 162
12 164
12 165
12 167
12 168
12 169
12 170
12 172
12 176
12 178
12 182
12 183
12 184
12 186
12 187
13 16
13 17
13 18
13 19
13 20
13 21
13 22
13 23
13 24
13 25
13 27
13 31
13 32
13 33
13 35
13 38
13 39
13 40
13 42
13 45
13 46
13 48
13 49
13 50
13 52
13 54
13 56
13 58
13 62
13 64
13 67
13 70
13 71
13 72
13 73
13 75
13 76
13 81
13 82
13 83
13 87
13 88
13 91
13 92
13 93
13 94
13 98
13 100
13 101
13 105
13 106
13 107
13 108
13 112
13 114
13 115
13 116
13 120
13 121
13 122
13 123
13 124
13 125
13 126
13 128
13 131
13 133
13 134
13 135
13 136
13 138
13 141
13 142
13 143
13 145
13 146
13 149
13 151
13 152
13 154
13 155
13 156
13 157
13 160
13 163
13 166
13 168
13 170
13 172
13 177
13 179
13 183
13 185
13 186
13 187
14 16
14 17
14 18
14 19
14 22
14 23
14 25
14 26
14 27
14 28
14 29
14 31
14 34
14 36
14 37
14 40
14 41
14 42
14 45
14 46
14 49
14 51
14 52
14 53
14 58
14 59
14 60
14 61
14 63
14 65
14 66
14 67
14 69
14 70
14 72
14 73
14 74
14 76
14 77
14 78
14 83
14 85
14 86
14 89
14 90
14 91
14 92
14 93
14 97
14 98
14 102
14 105
14 107
14 109
14 110
14 111
14 112
14 113
14 114
14 116
14 117
14 118
14 123
14 126
14 127
14 128
14 129
14 130
14 132
14 134
14 135
14 136
14 140
14 141
14 142
14 143
14 144
14 145
14 146
14 147
14 148
14 149
14 150
14 151
14 152
14 153
14 154
14 155
14 156
14 158
14 163
14 164
14 166
14 168
14 169
14 171
14 173
14 175
14 177
14 178
14 179
14 181
14 183
14 184
14 187
15 16
15 17
15 20
15 21
15 22
15 23
15 24
15 25
15 26
15 31
15 33
15 34
15 36
15 38
15 39
15 42
15 49
15 52
15 54
15 56
15 58
15 59
15 60
15 61
15 62
15 64
15 65
15 66
15 68
15 71
15 76
15 77
15 80
15 84
15 85
15 86
15 87
15 88
15 91
15 92
15 93
15 94
15 95
15 97
15 98
15 99
15 100
15 102
15 103
15 104
15 105
15 106
15 107
15 108
15 109
15 110
15 113
15 117
15 118
15 119
15 122
15 123
15 124
15 125
15 126
15 129
15 131
15 133
15 136
15 137
15 138
15 139
15 141
15 142
15 145
15 146
15 147
15 148
15 149
15 151
15 152
15 153
15 158
15 162
15 166
15 167
15 171
15 173
15 174
15 175
15 176
15 179
15 182
15 185
15 186
16 17
16 18
16 19
16 21
16 23
16 25
16 26
16 28
16 29
16 30
16 33
16 34
16 35
16 36
16 37
16 40
16 41
16 44
16 46
16 48
16 50
16 52
16 53
16 55
16 57
16 58
16 61
16 62
16 65
16 66
16 67
16 69
16 70
16 72
16 73
16 74
16 75
16 76
16 80
16 81
16 83
16 85
16 86
16 87
16 89
16 94
16 96
16 97
16 100
16 101
16 103
16 105
16 109
16 113
16 114
16 115
16 117
16 120
16 121
16 122
16 123
16 128
16 130
16 135
16 137
16 138
16 141
16 143
16 145
16 147
16 148
16 149
16 151
16 152
16 153
16 154
16 157
16 161
16 162
16 165
16 167
16 168
16 169
16 170
16 172
16 174
16 175
16 176
16 180
16 182
16 184
17 19
17 22
17 23
17 24
17 25
17 26
17 27
17 28
17 29
17 30
17 32
17 33
17 35
17 42
17 44
17 45
17 46
17 49
17 50
17 52
17 53
17 54
17 55
17 59
17 62
17 63
17 67
17 69
17 70
17 71
17 72
17 73
17 76
17 77
17 78
17 82
17 85
17 86
17 89
17 90
17 91
17 92
17 93
17 94
17 99
17 101
17 102
17 103
17 104
17 105
17 106
17 108
17 109
17 110
17 112
17 113
17 116
17 117
17 119
17 126
17 128
17 129
17 131
17 132
17 136
17 137
17 138
17 141
17 144
17 145
17 146
17 147
17 148
17 149
17 151
17 152
17 153
17 154
17 155
17 156
17 158
17 159
17 161
17 162
17 163
17 164
17 167
17 168
17 171
17 172
17 174
17 176
17 184
17 186
17 187
18 19
18 20
18 22
18 23
18 24
18 25
18 26
18 27
18 28
18 29
18 30
18 31
18 33
18 34
18 37
18 39
18 43
18 46
18 47
18 48
18 50
18 51
18 52
18 53
18 54
18 55
18 56
18 57
18 58
18 61
18 62
18 63
18 67
18 69
18 70
18 72
18 74
18 75
18 78
18 80
18 81
18 82
18 85
18 87
18 92
18 94
18 95
18 96
18 97
18 102
18 103
18 104
18 105
18 111
18 112
18 113
18 117
18 118
18 119
18 120
18 121
18 124
18 127
18 128
18 131
18 133
18 136
18 137
18 141
18 144
18 145
18 146
18 150
18 152
18 153
18 154
18 159
18 160
18 161
18 162
18 164
18 165
18 166
18 171
18 172
18 173
18 174
18 175
18 176
18 178
18 182
18 187
19 21
19 22
19 24
19 26
19 27
19 28
19 30
19 31
19 32
19 33
19 36
19 37
19 41
19 43
19 44
19 48
19 52
19 53
19 54
19 55
19 57
19 59
19 61
19 62
19 63
19 64
19 66
19 67
19 69
19 70
19 71
19 72
19 73
19 76
19 78
19 79
19 80
19 83
19 84
19 86
19 87
19 88
19 90
19 91
19 92
19 93
19 94
19 96
19 97
19 99
19 100
19 101
19 103
19 106
19 107
19 111
19 112
19 113
19 115
19 116
19 118
19 121
19 125
19 126
19 129
19 130
19 131
19 132
19 134
19 136
19 137
19 138
19 139
19 141
19 142
19 144
19 146
19 147
19 148
19 150
19 152
19 154
19 155
19 158
19 159
19 160
19 162
19 163
19 166
19 169
19 172
19 174
19 177
19 180
19 182
19 183
19 184
19 186
20 21
20 22
20 23
20 24
20 26
20 27
20 28
20 29
20 30
20 31
20 32
20 33
20 34
20 35
20 36
20 37
20 38
20 39
20 43
20 44
20 45
20 47
20 49
20 50
20 52
20 54
20 55
20 56
20 57
20 59
20 60
20 63
20 74
20 76
20 78
20 81
20 82
20 83
20 84
20 85
20 89
20 91
20 92
20 93
20 95
20 96
20 100
20 101
20 102
20 105
20 106
20 107
20 108
20 110
20 111
20 112
20 113
20 114
20 115
20 116
20 120
20 122
20 124
20 125
20 126
20 127
20 131
20 132
20 133
20 134
20 135
20 136
20 138
20 139
20 141
20 143
20 147
20 149
20 150
20 151
20 152
20 153
20 155
20 157
20 158
20 160
20 162
20 164
20 165
20 166
20 169
20 177
20 178
20 179
20 180
20 181
20 182
20 183
20 184
20 186
20 187
21 24
21 25
21 27
21 28
21 29
21 30
21 31
21 32
21 34
21 35
21 36
21 37
21 39
21 40
21 41
21 44
21 45
21 46
21 47
21 48
21 50
21 51
21 52
21 53
21 55
21 56
21 57
21 58
21 60
21 61
21 63
21 64
21 66
21 67
21 69
21 70
21 71
21 73
21 74
21 77
21 79
21 80
21 82
21 84
21 85
21 87
21 91
21 92
21 93
21 94
21 95
21 96
21 98
21 100
21 103
21 105
21 106
21 108
21 110
21 112
21 116
21 117
21 119
21 120
21 123
21 133
21 137
21 138
21 142
21 143
21 144
21 147
21 150
21 151
21 152
21 153
21 155
21 157
21 158
21 159
21 161
21 164
21 171
21 173
21 174
21 175
21 176
21 180
21 182
21 185
22 23
22 24
22 25
22 26
22 28
22 29
22 30
22 31
22 32
22 33
22 34
22 35
22 36
22 38
22 40
22 43
22 45
22 47
22 49
22 51
22 52
22 56
22 57
22 58
22 59
22 60
22 62
22 63
22 65
22 66
22 67
22 69
22 70
22 71
22 72
22 73
22 74
22 75
22 76
22 77
22 78
22 80
22 81
22 82
22 84
22 87
22 88
22 89
22 90
22 91
22 94
22 96
22 98
22 99
22 100
22 101
22 105
22 108
22 109
22 110
22 120
22 121
22 122
22 123
22 126
22 128
22 129
22 131
22 132
22 134
22 136
22 139
22 141
22 143
22 146
22 148
22 149
22 150
22 153
22 154
22 156
22 158
22 159
22 160
22 161
22 162
22 163
22 165
22 166
22 167
22 168
22 169
22 170
22 171
22 172
22 173
22 174
22 177
22 179
22 180
22 181
22 182
23 24
23 25
23 26
23 27
23 28
23 29
23 30
23 31
23 36
23 37
23 38
23 39
23 40
23 41
23 42
23 43
23 45
23 46
23 47
23 48
23 53
23 56
23 57
23 58
23 60
23 61
23 62
23 63
23 65
23 66
23 67
23 70
23 71
23 72
23 74
23 75
23 77
23 79
23 81
23 86
23 87
23 91
23 92
23 93
23 95
23 97
23 101
23 103
23 106
23 107
23 109
23 113
23 114
23 116
23 117
23 118
23 121
23 123
23 125
23 126
23 128
23 129
23 130
23 131
23 133
23 134
23 137
23 141
23 143
23 144
23 145
23 146
23 149
23 153
23 157
23 159
23 160
23 165
23 166
23 170
23 171
23 175
23 177
23 178
23 179
23 180
23 182
23 185
24 26
24 27
24 28
24 30
24 31
24 32
24 33
24 34
24 37
24 40
24 41
24 42
24 44
24 45
24 46
24 47
24 48
24 50
24 54
24 55
24 56
24 57
24 60
24 61
24 62
24 63
24 64
24 66
24 67
24 73
24 74
24 76
24 77
24 78
24 82
24 83
24 85
24 88
24 89
24 90
24 92
24 95
24 97
24 100
24 101
24 102
24 104
24 108
24 109
24 110
24 112
24 115
24 118
24 119
24 120
24 121
24 125
24 126
24 128
24 130
24 131
24 132
24 134
24 135
24 136
24 139
24 140
24 141
24 142
24 143
24 145
24 146
24 148
24 150
24 152
24 153
24 156
24 157
24 159
24 160
24 163
24 164
24 171
24 172
24 175
24 176
24 177
24 178
24 179
24 180
24 181
24 182
24 186
24 187
25 26
25 27
25 28
25 29
25 30
25 33
25 34
25 35
25 38
25 40
25 41
25 42
25 45
25 47
25 49
25 50
25 51
25 54
25 56
25 57
25 58
25 59
25 60
25 61
25 62
25 63
25 64
25 65
25 68
25 70
25 71
25 72
25 73
25 74
25 78
25 80
25 84
25 87
25 89
25 92
25 93
25 94
25 96
25 98
25 99
25 103
25 105
25 106
25 107
25 108
25 109
25 112
25 114
25 116
25 118
25 121
25 124
25 126
25 127
25 131
25 132
25 135
25 136
25 137
25 140
25 143
25 145
25 148
25 149
25 151
25 152
25 153
25 154
25 156
25 157
25 158
25 161
25 163
25 165
25 167
25 168
25 169
25 170
25 174
25 175
25 180
25 181
25 185
25 187
26 27
26 29
26 30
26 32
26 33
26 34
26 40
26 42
26 43
26 44
26 45
26 47
26 50
26 51
26 52
26 54
26 56
26 57
26 58
26 60
26 61
26 62
26 63
26 65
26 66
26 67
26 68
26 72
26 74
26 75
26 77
26 78
26 79
26 81
26 82
26 83
26 84
26 86
26 87
26 88
26 90
26 91
26 92
26 93
26 94
26 95
26 98
26 99
26 100
26 101
26 102
26 103
26 104
26 105
26 109
26 111
26 113
26 115
26 116
26 119
26 122
26 123
26 127
26 129
26 130
26 131
26 132
26 133
26 136
26 137
26 142
26 147
26 150
26 151
26 152
26 153
26 154
26 155
26 156
26 158
26 159
26 162
26 163
26 164
26 167
26 168
26 169
26 170
26 171
26 173
26 174
26 175
26 183
26 184
26 185
26 186
26 187
27 28
27 31
27 32
27 33
27 34
27 35
27 36
27 39
27 40
27 43
27 45
27 46
27 48
27 49
27 50
27 51
27 53
27 54
27 55
27 59
27 61
27 62
27 64
27 65
27 66
27 67
27 68
27 69
27 71
27 72
27 74
27 75
27 76
27 77
27 79
27 80
27 81
27 82
27 83
27 84
27 87
27 89
27 91
27 93
27 95
27 97
27 98
27 99
27 100
27 105
27 107
27 108
27 109
27 110
27 111
27 112
27 113
27 114
27 118
27 120
27 122
27 125
27 127
27 128
27 132
27 133
27 135
27 136
27 138
27 140
27 142
27 143
27 144
27 146
27 147
27 148
27 150
27 151
27 154
27 155
27 156
27 157
27 158
27 159
27 161
27 163
27 164
27 167
27 168
27 170
27 171
27 173
27 176
27 178
27 180
27 181
27 182
27 183
27 185
28 29
28 30
28 32
28 33
28 35
28 36
28 39
28 43
28 45
28 46
28 48
28 50
28 51
28 52
28 54
28 56
28 57
28 59
28 61
28 62
28 65
28 66
28 67
28 68
28 69
28 72
28 74
28 75
28 77
28 78
28 82
28 85
28 86
28 88
28 89
28 90
28 92
28 94
28 95
28 97
28 98
28 101
28 102
28 103
28 107
28 109
28 115
28 116
28 117
28 118
28 120
28 121
28 122
28 123
28 125
28 126
28 128
28 130
28 131
28 133
28 137
28 138
28 143
28 150
28 151
28 152
28 153
28 154
28 155
28 158
28 159
28 161
28 162
28 166
28 167
28 169
28 171
28 176
28 181
28 183
28 186
28 187
29 33
29 35
29 39
29 40
29 42
29 45
29 46
29 47
29 48
29 52
29 53
29 54
29 56
29 58
29 59
29 60
29 61
29 64
29 65
29 66
29 67
29 69
29 70
29 73
29 75
29 77
29 78
29 80
29 81
29 82
29 86
29 88
29 89
29 91
29 92
29 97
29 98
29 99
29 102
29 107
29 111
29 112
29 114
29 115
29 118
29 123
29 126
29 128
29 131
29 133
29 138
29 139
29 140
29 141
29 142
29 147
29 148
29 150
29 151
29 152
29 155
29 158
29 159
29 161
29 165
29 166
29 167
29 172
29 173
29 174
29 175
29 178
29 179
29 180
29 184
29 186
29 187
30 31
30 32
30 34
30 36
30 37
30 38
30 39
30 41
30 42
30 43
30 45
30 47
30 48
30 50
30 52
30 54
30 55
30 56
30 57
30 58
30 62
30 64
30 65
30 66
30 67
30 69
30 70
30 72
30 74
30 75
30 76
30 77
30 82
30 87
30 89
30 90
30 92
30 98
30 99
30 100
30 102
30 103
30 106
30 107
30 108
30 109
30 110
30 111
30 112
30 113
30 114
30 117
30 119
30 120
30 121
30 124
30 125
30 126
30 127
30 128
30 130
30 135
30 136
30 137
30 138
30 139
30 140
30 142
30 143
30 147
30 148
30 149
30 152
30 156
30 157
30 159
30 160
30 161
30 164
30 165
30 166
30 167
30 170
30 171
30 173
30 176
30 178
30 179
30 180
30 181
30 182
30 183
30 187
31 34
31 37
31 39
31 41
31 47
31 48
31 54
31 59
31 60
31 61
31 62
31 64
31 66
31 67
31 68
31 69
31 70
31 71
31 75
31 76
31 77
31 78
31 79
31 80
31 82
31 84
31 86
31 90
31 91
31 94
31 96
31 97
31 98
31 99
31 102
31 106
31 108
31 111
31 114
31 115
31 116
31 118
31 119
31 120
31 121
31 122
31 123
31 125
31 127
31 128
31 131
31 132
31 137
31 139
31 140
31 141
31 142
31 144
31 148
31 149
31 150
31 151
31 152
31 157
31 160
31 162
31 164
31 165
31 166
31 167
31 171
31 172
31 175
31 176
31 178
31 179
31 181
31 183
31 186
32 33
32 34
32 35
32 36
32 37
32 38
32 41
32 44
32 47
32 48
32 49
32 50
32 55
32 57
32 60
32 61
32 62
32 64
32 66
32 67
32 69
32 71
32 73
32 74
32 76
32 77
32 78
32 79
32 80
32 84
32 85
32 87
32 88
32 90
32 92
32 93
32 94
32 97
32 98
32 99
32 101
32 107
32 109
32 110
32 112
32 113
32 114
32 117
32 118
32 120
32 121
32 122
32 123
32 124
32 125
32 126
32 128
32 130
32 132
32 133
32 134
32 136
32 137
32 138
32 140
32 141
32 142
32 143
32 145
32 147
32 151
32 157
32 159
32 161
32 164
32 167
32 171
32 172
32 173
32 174
32 178
32 179
32 180
32 182
32 184
32 185
33 35
33 36
33 37
33 38
33 39
33 40
33 41
33 43
33 46
33 47
33 49
33 51
33 53
33 54
33 55
33 57
33 59
33 60
33 62
33 64
33 66
33 68
33 69
33 75
33 77
33 79
33 80
33 82
33 83
33 84
33 85
33 89
33 93
33 94
33 98
33 104
33 105
33 107
33 108
33 110
33 111
33 113
33 116
33 117
33 118
33 120
33 123
33 124
33 125
33 128
33 129
33 132
33 135
33 137
33 138
33 139
33 142
33 143
33 144
33 145
33 147
33 148
33 151
33 152
33 153
33 155
33 156
33 157
33 161
33 162
33 164
33 165
33 166
33 167
33 171
33 172
33 174
33 175
33 176
33 184
33 186
34 35
34 36
34 38
34 39
34 41
34 42
34 43
34 45
34 51
34 52
34 56
34 58
34 59
34 60
34 63
34 65
34 66
34 71
34 72
34 80
34 81
34 82
34 83
34 85
34 86
34 87
34 88
34 89
34 91
34 93
34 94
34 96
34 97
34 100
34 102
34 103
34 107
34 108
34 110
34 112
34 114
34 115
34 116
34 117
34 121
34 123
34 124
34 125
34 126
34 128
34 129
34 131
34 135
34 138
34 139
34 142
34 143
34 144
34 145
34 148
34 149
34 156
34 158
34 160
34 162
34 164
34 165
34 167
34 168
34 171
34 174
34 175
34 178
34 181
34 186
35 36
35 37
35 39
35 43
35 44
35 45
35 47
35 53
35 54
35 60
35 63
35 64
35 65
35 66
35 67
35 68
35 69
35 73
35 76
35 77
35 78
35 79
35 80
35 81
35 82
35 83
35 84
35 87
35 88
35 89
35 90
35 92
35 93
35 94
35 95
35 97
35 98
35 99
35 103
35 106
35 107
35 108
35 109
35 111
35 112
35 113
35 115
35 117
35 119
35 120
35 121
35 125
35 129
35 131
35 132
35 133
35 137
35 138
35 139
35 140
35 143
35 146
35 147
35 149
35 151
35 152
35 154
35 155
35 157
35 158
35 159
35 165
35 167
35 168
35 169
35 173
35 178
35 179
35 181
35 183
35 184
35 185
36 37
36 38
36 39
36 40
36 41
36 42
36 44
36 46
36 48
36 49
36 52
36 53
36 54
36 56
36 57
36 58
36 59
36 64
36 66
36 67
36 68
36 72
36 74
36 75
36 76
36 78
36 79
36 81
36 82
36 83
36 84
36 86
36 88
36 89
36 93
36 96
36 97
36 99
36 100
36 104
36 106
36 107
36 110
36 112
36 113
36 115
36 116
36 121
36 124
36 126
36 128
36 129
36 130
36 131
36 132
36 133
36 136
36 137
36 139
36 143
36 145
36 146
36 148
36 151
36 152
36 153
36 160
36 161
36 164
36 165
36 167
36 168
36 170
36 173
36 175
36 176
36 179
36 180
36 183
36 184
36 185
36 187
37 38
37 39
37 40
37 42
37 44
37 46
37 52
37 53
37 54
37 56
37 57
37 61
37 62
37 63
37 64
37 66
37 67
37 69
37 73
37 75
37 79
37 80
37 81
37 83
37 85
37 86
37 87
37 88
37 89
37 90
37 91
37 92
37 95
37 96
37 104
37 107
37 108
37 110
37 111
37 112
37 113
37 115
37 120
37 124
37 126
37 127
37 129
37 131
37 134
37 135
37 136
37 137
37 139
37 142
37 144
37 147
37 151
37 154
37 155
37 157
37 161
37 162
37 163
37 164
37 165
37 167
37 168
37 169
37 170
37 172
37 173
37 179
37 180
37 185
38 39
38 40
38 42
38 43
38 46
38 47
38 48
38 49
38 50
38 52
38 58
38 59
38 61
38 63
38 65
38 66
38 67
38 69
38 72
38 73
38 74
38 76
38 77
38 78
38 79
38 80
38 81
38 88
38 91
38 93
38 95
38 96
38 98
38 100
38 101
38 104
38 106
38 107
38 108
38 109
38 111
38 114
38 115
38 116
38 117
38 120
38 121
38 122
38 123
38 124
38 125
38 130
38 131
38 132
38 133
38 135
38 136
38 137
38 138
38 141
38 146
38 147
38 149
38 151
38 152
38 154
38 155
38 157
38 159
38 160
38 161
38 165
38 168
38 170
38 171
38 173
38 175
38 176
38 179
38 181
38 184
38 185
38 186
38 187
39 41
39 42
39 43
39 44
39 48
39 49
39 50
39 51
39 52
39 55
39 56
39 57
39 58
39 59
39 60
39 61
39 62
39 64
39 65
39 66
39 70
39 73
39 75
39 76
39 78
39 79
39 83
39 85
39 86
39 87
39 88
39 89
39 92
39 93
39 94
39 95
39 96
39 97
39 99
39 101
39 104
39 106
39 107
39 109
39 110
39 112
39 114
39 117
39 119
39 120
39 121
39 127
39 128
39 130
39 131
39 137
39 140
39 141
39 147
39 148
39 149
39 150
39 151
39 153
39 154
39 155
39 160
39 162
39 163
39 165
39 168
39 169
39 174
39 179
39 183
40 42
40 44
40 45
40 47
40 51
40 54
40 56
40 57
40 58
40 61
40 62
40 63
40 65
40 66
40 67
40 68
40 69
40 70
40 73
40 74
40 79
40 80
40 84
40 85
40 86
40 87
40 91
40 92
40 94
40 95
40 97
40 98
40 99
40 100
40 101
40 102
40 105
40 107
40 108
40 110
40 112
40 113
40 114
40 116
40 117
40 120
40 121
40 122
40 125
40 126
40 127
40 128
40 129
40 140
40 141
40 144
40 145
40 146
40 150
40 151
40 153
40 155
40 157
40 158
40 159
40 160
40 162
40 163
40 164
40 166
40 167
40 168
40 169
40 170
40 172
40 175
40 178
40 179
40 180
40 182
40 183
40 184
40 185
40 186
40 187
41 43
41 44
41 47
41 51
41 52
41 54
41 55
41 56
41 57
41 58
41 59
41 61
41 62
41 63
41 65
41 67
41 68
41 70
41 72
41 74
41 77
41 80
41 83
41 86
41 87
41 89
41 91
41 92
41 93
41 94
41 96
41 97
41 98
41 100
41 101
41 106
41 107
41 108
41 109
41 110
41 112
41 114
41 119
41 120
41 122
41 123
41 124
41 125
41 127
41 129
41 130
41 131
41 134
41 137
41 138
41 139
41 143
41 144
41 146
41 153
41 155
41 161
41 162
41 163
41 164
41 165
41 169
41 173
41 174
41 175
41 177
41 179
41 181
41 182
41 183
41 184
41 186
41 187
42 43
42 45
42 47
42 48
42 49
42 53
42 54
42 55
42 57
42 61
42 62
42 63
42 65
42 67
42 68
42 72
42 73
42 74
42 75
42 80
42 81
42 82
42 83
42 87
42 88
42 91
42 93
42 94
42 95
42 96
42 98
42 100
42 103
42 104
42 105
42 106
42 107
42 109
42 110
42 112
42 113
42 114
42 115
42 120
42 122
42 123
42 124
42 125
42 126
42 127
42 129
42 131
42 134
42 135
42 137
42 142
42 144
42 145
42 147
42 148
42 149
42 150
42 152
42 153
42 156
42 157
42 159
42 161
42 162
42 165
42 166
42 168
42 171
42 174
42 176
42 177
42 178
42 182
42 184
42 185
42 187
43 45
43 46
43 47
43 48
43 50
43 51
43 54
43 55
43 58
43 61
43 63
43 64
43 65
43 67
43 69
43 70
43 72
43 73
43 74
43 76
43 77
43 78
43 79
43 82
43 84
43 85
43 86
43 89
43 90
43 92
43 93
43 95
43 96
43 97
43 98
43 100
43 101
43 102
43 103
43 105
43 106
43 111
43 112
43 114
43 115
43 116
43 117
43 118
43 119
43 120
43 122
43 124
43 125
43 127
43 128
43 129
43 130
43 133
43 134
43 135
43 136
43 137
43 140
43 145
43 146
43 148
43 149
43 150
43 151
43 152
43 153
43 159
43 160
43 166
43 174
43 177
43 178
43 179
43 180
43 181
43 184
43 185
43 187
44 45
44 46
44 47
44 49
44 51
44 52
44 53
44 55
44 56
44 57
44 58
44 61
44 62
44 63
44 65
44 66
44 74
44 75
44 76
44 77
44 80
44 82
44 83
44 91
44 92
44 93
44 94
44 95
44 96
44 99
44 100
44 101
44 102
44 103
44 105
44 106
44 108
44 109
44 110
44 111
44 113
44 116
44 117
44 118
44 119
44 124
44 125
44 128
44 129
44 130
44 132
44 134
44 135
44 142
44 147
44 148
44 151
44 154
44 158
44 159
44 160
44 161
44 163
44 164
44 165
44 166
44 168
44 170
44 173
44 176
44 177
44 178
44 179
44 180
44 181
44 185
44 187
45 46
45 47
45 48
45 49
45 51
45 52
45 55
45 57
45 58
45 59
45 62
45 63
45 64
45 65
45 67
45 69
45 70
45 73
45 75
45 76
45 78
45 79
45 80
45 82
45 83
45 84
45 85
45 86
45 87
45 88
45 90
45 96
45 97
45 99
45 101
45 103
45 106
45 107
45 110
45 113
45 114
45 116
45 118
45 119
45 121
45 122
45 124
45 126
45 128
45 129
45 130
45 131
45 132
45 133
45 135
45 136
45 139
45 143
45 144
45 146
45 147
45 150
45 154
45 156
45 157
45 160
45 162
45 169
45 170
45 172
45 174
45 175
45 177
45 184
45 187
46 47
46 49
46 50
46 51
46 53
46 54
46 55
46 57
46 58
46 59
46 61
46 62
46 63
46 64
46 65
46 69
46 70
46 71
46 72
46 74
46 78
46 79
46 81
46 83
46 85
46 86
46 87
46 88
46 90
46 93
46 94
46 95
46 97
46 98
46 100
46 103
46 104
46 105
46 107
46 109
46 110
46 112
46 113
46 115
46 116
46 118
46 121
46 123
46 124
46 125
46 126
46 128
46 130
46 131
46 132
46 134
46 135
46 139
46 140
46 141
46 142
46 144
46 146
46 154
46 155
46 158
46 160
46 161
46 163
46 167
46 169
46 173
46 176
46 177
46 178
46 179
46 181
46 182
46 186
47 48
47 49
47 50
47 52
47 54
47 57
47 59
47 61
47 63
47 66
47 68
47 69
47 70
47 72
47 74
47 75
47 77
47 81
47 82
47 84
47 86
47 88
47 90
47 92
47 93
47 94
47 95
47 96
47 97
47 99
47 100
47 102
47 104
47 106
47 107
47 108
47 109
47 110
47 112
47 116
47 118
47 120
47 122
47 127
47 129
47 131
47 132
47 133
47 134
47 135
47 137
47 139
47 140
47 141
47 142
47 144
47 145
47 148
47 151
47 153
47 155
47 158
47 161
47 162
47 164
47 168
47 169
47 170
47 171
47 172
47 174
47 177
47 181
47 185
47 187
48 49
48 50
48 53
48 55
48 57
48 58
48 59
48 60
48 63
48 65
48 66
48 68
48 69
48 70
48 74
48 75
48 77
48 78
48 79
48 81
48 83
48 85
48 87
48 89
48 91
48 92
48 93
48 97
48 102
48 104
48 106
48 107
48 109
48 110
48 111
48 112
48 116
48 117
48 118
48 126
48 129
48 133
48 134
48 135
48 138
48 141
48 144
48 145
48 146
48 148
48 150
48 152
48 153
48 157
48 163
48 166
48 169
48 170
48 171
48 173
48 174
48 175
48 176
48 178
48 182
48 183
48 184
48 185
48 186
48 187
49 53
49 56
49 57
49 59
49 61
49 69
49 72
49 73
49 74
49 76
49 79
49 83
49 85
49 88
49 92
49 93
49 94
49 96
49 97
49 98
49 100
49 101
49 102
49 105
49 106
49 109
49 111
49 113
49 114
49 115
49 116
49 119
49 121
49 122
49 124
49 126
49 127
49 134
49 135
49 137
49 139
49 140
49 141
49 142
49 144
49 146
49 147
49 148
49 149
49 151
49 153
49 154
49 155
49 156
49 158
49 161
49 162
49 167
49 171
49 173
49 174
49 177
49 178
49 180
49 183
49 185
49 186
49 187
50 52
50 54
50 60
50 61
50 62
50 63
50 64
50 65
50 66
50 67
50 68
50 69
50 70
50 71
50 73
50 75
50 76
50 77
50 78
50 79
50 83
50 84
50 85
50 91
50 92
50 93
50 95
50 96
50 97
50 98
50 99
50 100
50 101
50 103
50 106
50 111
50 113
50 115
50 116
50 117
50 119
50 120
50 121
50 122
50 123
50 124
50 131
50 133
50 135
50 137
50 138
50 140
50 145
50 146
50 147
50 148
50 149
50 151
50 152
50 154
50 155
50 157
50 168
50 171
50 174
50 175
50 177
50 178
50 179
50 182
50 185
50 187
51 55
51 56
51 57
51 62
51 63
51 65
51 69
51 70
51 72
51 73
51 74
51 75
51 80
51 82
51 83
51 84
51 85
51 89
51 90
51 94
51 95
51 97
51 100
51 101
51 102
51 103
51 104
51 107
51 108
51 109
51 113
51 115
51 117
51 118
51 120
51 121
51 125
51 127
51 130
51 131
51 132
51 133
51 139
51 140
51 141
51 143
51 144
51 145
51 146
51 152
51 153
51 154
51 155
51 156
51 157
51 158
51 160
51 161
51 162
51 163
51 165
51 166
51 167
51 171
51 173
51 174
51 175
51 176
51 177
51 181
51 183
51 186
51 187
52 56
52 59
52 60
52 61
52 62
52 67
52 68
52 69
52 70
52 71
52 73
52 74
52 76
52 79
52 81
52 82
52 83
52 84
52 85
52 94
52 97
52 101
52 102
52 105
52 106
52 109
52 111
52 112
52 116
52 117
52 118
52 119
52 122
52 126
52 128
52 129
52 131
52 132
52 134
52 136
52 138
52 139
52 141
52 149
52 151
52 156
52 158
52 161
52 162
52 165
52 166
52 169
52 170
52 171
52 172
52 175
52 176
52 178
52 180
52 182
53 55
53 58
53 60
53 62
53 63
53 64
53 66
53 68
53 71
53 72
53 73
53 74
53 75
53 79
53 81
53 82
53 86
53 89
53 90
53 92
53 93
53 94
53 95
53 106
53 107
53 108
53 109
53 110
53 112
53 113
53 117
53 121
53 122
53 123
53 125
53 127
53 129
53 132
53 134
53 136
53 137
53 140
53 141
53 143
53 145
53 146
53 148
53 150
53 155
53 156
53 157
53 158
53 159
53 160
53 161
53 163
53 165
53 166
53 167
53 168
53 170
53 171
53 172
53 174
53 175
53 176
53 179
53 184
53 187
54 55
54 57
54 59
54 61
54 63
54 65
54 67
54 68
54 71
54 72
54 73
54 75
54 77
54 78
54 79
54 84
54 85
54 86
54 88
54 90
54 92
54 93
54 95
54 96
54 98
54 100
54 101
54 102
54 103
54 104
54 107
54 109
54 110
54 111
54 113
54 117
54 119
54 121
54 122
54 123
54 125
54 126
54 131
54 132
54 134
54 138
54 139
54 140
54 145
54 146
54 147
54 153
54 154
54 155
54 156
54 158
54 159
54 161
54 164
54 165
54 166
54 167
54 168
54 169
54 170
54 172
54 175
54 177
54 178
54 180
54 181
54 182
54 183
54 185
54 186
55 57
55 60
55 61
55 63
55 64
55 65
55 66
55 70
55 72
55 75
55 76
55 79
55 80
55 83
55 85
55 86
55 87
55 88
55 89
55 90
55 96
55 101
55 104
55 106
55 108
55 110
55 111
55 112
55 114
55 115
55 117
55 119
55 122
55 123
55 124
55 125
55 126
55 128
55 130
55 132
55 134
55 136
55 137
55 143
55 147
55 150
55 151
55 152
55 153
55 154
55 156
55 157
55 158
55 160
55 161
55 162
55 164
55 165
55 166
55 169
55 170
55 171
55 173
55 174
55 176
55 179
55 181
55 182
55 183
55 186
55 187
56 58
56 61
56 63
56 65
56 67
56 68
56 69
56 70
56 71
56 73
56 74
56 75
56 79
56 80
56 82
56 83
56 85
56 90
56 91
56 93
56 94
56 95
56 102
56 104
56 106
56 107
56 109
56 115
56 118
56 120
56 121
56 123
56 124
56 125
56 127
56 132
56 134
56 140
56 141
56 143
56 144
56 145
56 148
56 155
56 157
56 158
56 160
56 163
56 167
56 168
56 173
56 176
56 177
56 178
56 179
56 180
56 181
56 182
56 183
56 184
56 185
56 187
57 61
57 63
57 64
57 68
57 69
57 72
57 74
57 77
57 78
57 79
57 80
57 82
57 84
57 86
57 87
57 88
57 90
57 95
57 96
57 97
57 98
57 100
57 101
57 102
57 106
57 108
57 113
57 116
57 118
57 119
57 120
57 121
57 123
57 125
57 126
57 128
57 129
57 130
57 136
57 138
57 139
57 140
57 143
57 146
57 148
57 149
57 150
57 151
57 152
57 153
57 157
57 159
57 160
57 162
57 164
57 168
57 171
57 173
57 174
57 175
57 178
57 179
57 184
57 186
58 61
58 63
58 64
58 66
58 67
58 68
58 71
58 72
58 77
58 78
58 81
58 82
58 83
58 85
58 86
58 87
58 88
58 91
58 93
58 94
58 95
58 99
58 100
58 101
58 103
58 107
58 108
58 111
58 112
58 115
58 117
58 118
58 121
58 123
58 125
58 127
58 132
58 133
58 135
58 137
58 141
58 143
58 147
58 148
58 153
58 154
58 156
58 157
58 159
58 161
58 162
58 165
58 167
58 172
58 173
58 174
58 176
58 178
58 181
58 184
58 187
59 61
59 63
59 66
59 67
59 68
59 69
59 73
59 76
59 79
59 80
59 81
59 84
59 86
59 89
59 90
59 94
59 97
59 98
59 101
59 103
59 107
59 108
59 110
59 112
59 114
59 116
59 118
59 119
59 120
59 121
59 124
59 125
59 126
59 128
59 131
59 132
59 134
59 135
59 137
59 138
59 140
59 142
59 146
59 147
59 148
59 151
59 153
59 154
59 158
59 159
59 160
59 161
59 162
59 164
59 166
59 168
59 169
59 170
59 172
59 181
59 183
59 184
59 186
60 61
60 62
60 66
60 69
60 70
60 72
60 73
60 74
60 75
60 76
60 77
60 79
60 81
60 82
60 84
60 85
60 86
60 87
60 88
60 90
60 93
60 95
60 96
60 97
60 103
60 104
60 105
60 106
60 107
60 110
60 111
60 113
60 115
60 116
60 117
60 118
60 119
60 122
60 123
60 124
60 126
60 127
60 129
60 130
60 132
60 134
60 139
60 143
60 146
60 149
60 150
60 151
60 154
60 158
60 160
60 163
60 164
60 169
60 170
60 171
60 172
60 179
60 181
60 185
61 66
61 70
61 71
61 72
61 73
61 76
61 77
61 78
61 82
61 84
61 85
61 86
61 88
61 90
61 91
61 92
61 93
61 94
61 96
61 99
61 101
61 102
61 103
61 104
61 106
61 108
61 109
61 110
61 112
61 115
61 117
61 119
61 122
61 125
61 130
61 132
61 133
61 135
61 140
61 141
61 142
61 144
61 146
61 152
61 153
61 155
61 159
61 167
61 168
61 172
61 173
61 174
61 178
61 183
62 63
62 68
62 70
62 71
62 74
62 76
62 77
62 79
62 80
62 81
62 83
62 84
62 87
62 89
62 91
62 92
62 95
62 96
62 99
62 100
62 101
62 103
62 106
62 107
62 110
62 111
62 114
62 115
62 117
62 118
62 119
62 120
62 123
62 124
62 125
62 130
62 133
62 135
62 138
62 141
62 142
62 144
62 147
62 151
62 153
62 154
62 155
62 156
62 157
62 158
62 161
62 166
62 170
62 171
62 175
62 176
62 178
62 179
62 181
62 182
62 183
62 187
63 64
63 67
63 68
63 70
63 71
63 74
63 75
63 78
63 80
63 81
63 83
63 85
63 87
63 88
63 90
63 91
63 92
63 94
63 95
63 98
63 104
63 105
63 110
63 111
63 113
63 115
63 116
63 119
63 121
63 122
63 123
63 126
63 129
63 132
63 133
63 134
63 135
63 138
63 139
63 140
63 142
63 143
63 147
63 149
63 155
63 156
63 158
63 160
63 165
63 167
63 168
63 170
63 171
63 175
63 176
63 180
63 181
63 185
63 186
64 65
64 66
64 68
64 69
64 70
64 71
64 72
64 75
64 77
64 79
64 81
64 82
64 83
64 84
64 86
64 87
64 88
64 89
64 94
64 95
64 96
64 97
64 98
64 99
64 100
64 101
64 102
64 104
64 105
64 106
64 107
64 110
64 111
64 113
64 115
64 116
64 122
64 123
64 129
64 131
64 132
64 134
64 137
64 139
64 140
64 143
64 146
64 148
64 150
64 151
64 152
64 153
64 154
64 155
64 160
64 162
64 163
64 168
64 171
64 175
64 181
64 183
64 184
64 185
64 186
65 69
65 70
65 71
65 72
65 74
65 76
65 77
65 81
65 83
65 87
65 88
65 89
65 90
65 91
65 95
65 96
65 103
65 105
65 106
65 109
65 110
65 113
65 114
65 117
65 119
65 120
65 122
65 123
65 124
65 125
65 129
65 130
65 131
65 136
65 137
65 139
65 142
65 143
65 145
65 147
65 149
65 151
65 155
65 156
65 157
65 158
65 160
65 162
65 165
65 166
65 171
65 172
65 173
65 175
65 180
65 182
66 68
66 69
66 73
66 75
66 76
66 77
66 80
66 84
66 87
66 88
66 89
66 90
66 91
66 94
66 95
66 98
66 101
66 102
66 103
66 106
66 107
66 109
66 110
66 111
66 115
66 116
66 118
66 119
66 121
66 123
66 125
66 126
66 129
66 132
66 133
66 134
66 135
66 137
66 139
66 140
66 142
66 143
66 144
66 145
66 147
66 154
66 156
66 157
66 167
66 169
66 170
66 180
66 184
66 186
67 71
67 72
67 75
67 76
67 77
67 78
67 79
67 83
67 84
67 85
67 86
67 87
67 88
67 90
67 93
67 94
67 96
67 101
67 102
67 105
67 111
67 114
67 116
67 117
67 118
67 121
67 123
67 126
67 127
67 128
67 130
67 131
67 132
67 133
67 140
67 142
67 143
67 144
67 145
67 146
67 151
67 152
67 154
67 155
67 158
67 161
67 165
67 169
67 173
67 174
67 176
67 180
67 183
67 184
67 185
68 75
68 76
68 79
68 80
68 81
68 83
68 84
68 85
68 88
68 89
68 90
68 94
68 95
68 96
68 98
68 99
68 100
68 101
68 102
68 105
68 106
68 109
68 110
68 112
68 113
68 118
68 119
68 120
68 121
68 125
68 126
68 127
68 129
68 130
68 131
68 132
68 135
68 136
68 143
68 153
68 154
68 157
68 158
68 160
68 161
68 162
68 163
68 164
68 165
68 166
68 168
68 173
68 174
68 177
68 178
68 183
69 73
69 74
69 79
69 80
69 81
69 82
69 84
69 85
69 87
69 89
69 91
69 93
69 94
69 96
69 97
69 99
69 100
69 101
69 103
69 104
69 105
69 108
69 110
69 113
69 114
69 115
69 116
69 118
69 119
69 121
69 123
69 125
69 127
69 128
69 129
69 131
69 132
69 133
69 134
69 138
69 141
69 142
69 143
69 145
69 146
69 147
69 148
69 149
69 151
69 152
69 153
69 158
69 162
69 166
69 169
69 170
69 172
69 173
69 177
69 179
69 181
69 183
69 186
70 72
70 73
70 75
70 76
70 77
70 79
70 82
70 84
70 85
70 88
70 91
70 93
70 94
70 95
70 96
70 98
70 101
70 102
70 103
70 107
70 108
70 111
70 112
70 117
70 121
70 122
70 124
70 128
70 130
70 132
70 133
70 134
70 136
70 137
70 139
70 141
70 142
70 144
70 147
70 149
70 151
70 157
70 159
70 160
70 163
70 165
70 169
70 171
70 173
70 174
70 175
70 176
70 177
70 178
70 179
70 184
71 73
71 75
71 76
71 78
71 79
71 80
71 83
71 84
71 85
71 86
71 88
71 91
71 92
71 93
71 94
71 95
71 97
71 99
71 102
71 103
71 105
71 106
71 107
71 108
71 109
71 112
71 113
71 115
71 117
71 119
71 120
71 121
71 125
71 126
71 127
71 128
71 129
71 130
71 132
71 134
71 135
71 142
71 143
71 147
71 150
71 155
71 161
71 162
71 163
71 167
71 171
71 175
71 177
71 179
71 180
71 181
71 182
71 184
71 186
72 74
72 78
72 79
72 80
72 82
72 84
72 87
72 88
72 89
72 92
72 93
72 94
72 95
72 100
72 101
72 106
72 109
72 112
72 113
72 114
72 118
72 119
72 121
72 122
72 123
72 124
72 126
72 127
72 128
72 129
72 131
72 137
72 139
72 140
72 141
72 143
72 144
72 145
72 149
72 151
72 152
72 154
72 155
72 156
72 160
72 164
72 169
72 174
72 181
72 184
72 186
73 75
73 78
73 79
73 80
73 81
73 82
73 84
73 86
73 88
73 90
73 92
73 93
73 97
73 98
73 100
73 102
73 104
73 105
73 107
73 108
73 109
73 111
73 112
73 113
73 118
73 120
73 123
73 124
73 130
73 131
73 137
73 139
73 140
73 143
73 145
73 148
73 149
73 150
73 152
73 153
73 155
73 156
73 158
73 160
73 161
73 162
73 164
73 166
73 168
73 170
73 178
73 179
73 180
73 181
73 186
74 75
74 76
74 79
74 80
74 81
74 84
74 88
74 89
74 94
74 95
74 97
74 99
74 101
74 102
74 106
74 109
74 111
74 112
74 113
74 114
74 116
74 117
74 120
74 122
74 127
74 133
74 137
74 141
74 144
74 147
74 148
74 150
74 153
74 154
74 155
74 159
74 160
74 161
74 162
74 166
74 170
74 171
74 172
74 177
74 178
74 179
74 180
74 181
74 184
74 186
75 77
75 79
75 81
75 83
75 84
75 85
75 88
75 89
75 90
75 91
75 93
75 96
75 100
75 102
75 103
75 107
75 108
75 110
75 113
75 115
75 116
75 123
75 125
75 126
75 128
75 132
75 133
75 135
75 137
75 139
75 141
75 142
75 144
75 145
75 146
75 147
75 148
75 149
75 150
75 151
75 153
75 155
75 156
75 162
75 164
75 169
75 172
75 173
75 175
75 176
75 178
75 180
75 181
75 185
75 186
76 78
76 79
76 83
76 86
76 95
76 96
76 97
76 98
76 99
76 100
76 101
76 102
76 103
76 104
76 105
76 106
76 114
76 115
76 116
76 118
76 119
76 120
76 122
76 123
76 124
76 129
76 132
76 133
76 134
76 135
76 137
76 140
76 141
76 142
76 143
76 145
76 146
76 147
76 149
76 150
76 153
76 158
76 160
76 161
76 162
76 163
76 164
76 166
76 169
76 173
76 174
76 175
76 176
76 184
76 187
77 80
77 81
77 82
77 83
77 84
77 85
77 86
77 87
77 88
77 89
77 91
77 92
77 93
77 94
77 95
77 96
77 97
77 100
77 101
77 108
77 110
77 114
77 118
77 119
77 125
77 127
77 131
77 132
77 135
77 136
77 139
77 140
77 142
77 147
77 149
77 151
77 153
77 154
77 155
77 160
77 161
77 162
77 164
77 168
77 171
77 172
77 175
77 177
77 178
77 179
77 180
77 181
77 182
77 183
77 185
77 186
78 80
78 82
78 83
78 84
78 85
78 86
78 87
78 91
78 93
78 94
78 95
78 96
78 97
78 99
78 101
78 102
78 106
78 107
78 108
78 109
78 112
78 114
78 115
78 116
78 117
78 121
78 124
78 128
78 131
78 133
78 135
78 136
78 138
78 140
78 141
78 144
78 146
78 148
78 150
78 151
78 153
78 158
78 159
78 162
78 163
78 166
78 168
78 169
78 172
78 178
78 180
78 182
78 183
79 80
79 81
79 83
79 87
79 88
79 89
79 90
79 95
79 96
79 97
79 104
79 105
79 106
79 107
79 110
79 112
79 114
79 118
79 119
79 121
79 122
79 130
79 136
79 137
79 138
79 139
79 140
79 143
79 144
79 147
79 150
79 151
79 154
79 155
79 156
79 159
79 160
79 162
79 165
79 168
79 170
79 173
79 175
79 176
79 177
79 180
79 181
79 182
79 184
79 185
79 187
80 83
80 84
80 85
80 86
80 88
80 89
80 90
80 92
80 94
80 96
80 99
80 102
80 103
80 104
80 105
80 110
80 111
80 112
80 116
80 117
80 118
80 119
80 122
80 124
80 125
80 130
80 133
80 134
80 137
80 138
80 142
80 143
80 145
80 147
80 149
80 151
80 152
80 153
80 155
80 156
80 160
80 161
80 163
80 164
80 165
80 168
80 169
80 174
80 175
80 181
80 182
80 183
80 185
80 186
81 82
81 83
81 86
81 87
81 88
81 90
81 92
81 97
81 98
81 99
81 102
81 105
81 106
81 107
81 112
81 113
81 116
81 118
81 121
81 123
81 125
81 127
81 136
81 138
81 139
81 141
81 144
81 145
81 146
81 150
81 152
81 154
81 158
81 159
81 163
81 165
81 167
81 168
81 169
81 170
81 173
81 174
81 175
81 177
81 180
81 182
81 183
81 186
81 187
82 84
82 89
82 90
82 92
82 97
82 99
82 103
82 104
82 105
82 109
82 113
82 114
82 115
82 116
82 118
82 119
82 120
82 122
82 123
82 126
82 127
82 128
82 131
82 135
82 137
82 139
82 142
82 143
82 144
82 148
82 149
82 150
82 153
82 155
82 157
82 158
82 161
82 162
82 163
82 165
82 166
82 174
82 176
82 179
82 180
82 181
82 182
82 183
82 184
83 85
83 86
83 87
83 90
83 91
83 93
83 94
83 96
83 97
83 101
83 103
83 105
83 108
83 109
83 111
83 112
83 114
83 115
83 116
83 119
83 121
83 122
83 123
83 127
83 128
83 129
83 130
83 132
83 134
83 135
83 136
83 137
83 140
83 142
83 144
83 145
83 148
83 157
83 164
83 165
83 169
83 170
83 171
83 173
83 174
83 175
83 176
83 178
83 180
83 183
84 89
84 90
84 92
84 94
84 96
84 97
84 99
84 101
84 102
84 104
84 105
84 107
84 108
84 109
84 116
84 118
84 119
84 122
84 125
84 126
84 127
84 129
84 130
84 131
84 134
84 135
84 142
84 144
84 145
84 148
84 150
84 156
84 158
84 159
84 160
84 165
84 168
84 171
84 173
84 175
84 176
84 177
84 178
84 179
84 180
84 183
84 185
84 186
85 86
85 87
85 89
85 90
85 91
85 95
85 97
85 98
85 99
85 101
85 102
85 104
85 105
85 106
85 108
85 111
85 114
85 116
85 120
85 123
85 125
85 126
85 130
85 131
85 136
85 137
85 138
85 142
85 148
85 151
85 152
85 153
85 154
85 161
85 164
85 166
85 168
85 169
85 172
85 173
85 175
85 177
85 183
85 184
85 185
85 186
86 87
86 90
86 92
86 94
86 95
86 96
86 97
86 98
86 99
86 100
86 101
86 102
86 105
86 106
86 108
86 109
86 113
86 117
86 118
86 122
86 123
86 124
86 125
86 126
86 128
86 130
86 131
86 133
86 134
86 136
86 138
86 139
86 140
86 141
86 143
86 147
86 149
86 152
86 155
86 159
86 162
86 163
86 164
86 171
86 173
86 175
86 177
86 182
86 184
86 185
87 88
87 90
87 92
87 93
87 94
87 96
87 99
87 100
87 101
87 102
87 104
87 105
87 108
87 109
87 110
87 113
87 114
87 116
87 117
87 118
87 119
87 120
87 121
87 126
87 127
87 128
87 129
87 130
87 131
87 133
87 134
87 136
87 138
87 143
87 144
87 145
87 153
87 154
87 156
87 159
87 162
87 164
87 165
87 167
87 170
87 171
87 180
87 185
87 187
88 89
88 91
88 93
88 99
88 100
88 102
88 104
88 105
88 107
88 108
88 110
88 111
88 112
88 117
88 118
88 119
88 120
88 124
88 125
88 126
88 128
88 129
88 131
88 132
88 133
88 134
88 136
88 137
88 140
88 142
88 143
88 153
88 155
88 156
88 161
88 162
88 163
88 164
88 166
88 172
88 173
88 175
88 178
88 179
88 181
88 186
89 90
89 94
89 95
89 97
89 98
89 99
89 105
89 107
89 110
89 113
89 119
89 121
89 122
89 126
89 128
89 130
89 131
89 132
89 133
89 134
89 135
89 137
89 138
89 139
89 149
89 151
89 152
89 153
89 160
89 161
89 163
89 164
89 165
89 166
89 171
89 174
89 175
89 176
89 177
89 179
89 183
89 184
90 91
90 94
90 97
90 98
90 99
90 100
90 103
90 104
90 105
90 106
90 111
90 112
90 114
90 116
90 120
90 121
90 122
90 124
90 129
90 130
90 131
90 132
90 138
90 142
90 143
90 145
90 146
90 149
90 150
90 151
90 157
90 159
90 161
90 162
90 164
90 166
90 169
90 170
90 174
90 178
90 180
90 184
90 185
90 187
91 94
91 96
91 97
91 98
91 99
91 100
91 103
91 104
91 106
91 108
91 109
91 111
91 114
91 117
91 120
91 122
91 123
91 124
91 126
91 127
91 131
91 132
91 133
91 134
91 136
91 138
91 139
91 140
91 142
91 148
91 153
91 155
91 156
91 157
91 159
91 161
91 162
91 163
91 164
91 166
91 167
91 168
91 179
91 181
91 184
91 185
91 186
92 94
92 98
92 99
92 100
92 101
92 104
92 105
92 108
92 109
92 110
92 112
92 113
92 114
92 118
92 119
92 120
92 125
92 127
92 128
92 129
92 130
92 132
92 133
92 135
92 138
92 143
92 145
92 147
92 148
92 149
92 150
92 157
92 159
92 160
92 164
92 165
92 171
92 173
92 175
92 176
92 178
92 179
92 182
92 186
93 94
93 96
93 100
93 102
93 104
93 105
93 106
93 108
93 109
93 111
93 115
93 118
93 119
93 123
93 124
93 125
93 127
93 128
93 129
93 130
93 132
93 133
93 134
93 135
93 136
93 137
93 139
93 141
93 150
93 152
93 159
93 160
93 163
93 164
93 166
93 167
93 169
93 170
93 173
93 174
93 175
93 176
93 182
93 183
93 185
94 96
94 99
94 101
94 102
94 104
94 105
94 109
94 111
94 114
94 115
94 118
94 122
94 123
94 124
94 133
94 134
94 137
94 138
94 148
94 149
94 150
94 151
94 152
94 154
94 157
94 159
94 160
94 163
94 170
94 171
94 172
94 173
94 174
94 175
94 178
94 179
94 183
94 186
94 187
95 97
95 98
95 100
95 101
95 104
95 105
95 109
95 111
95 117
95 119
95 123
95 127
95 128
95 132
95 133
95 134
95 141
95 142
95 144
95 145
95 146
95 147
95 158
95 159
95 160
95 161
95 162
95 165
95 166
95 168
95 172
95 174
95 176
95 179
95 180
95 181
95 182
96 97
96 98
96 99
96 103
96 104
96 106
96 107
96 108
96 109
96 110
96 115
96 117
96 120
96 121
96 123
96 125
96 130
96 132
96 134
96 135
96 139
96 141
96 142
96 144
96 145
96 146
96 147
96 148
96 149
96 150
96 152
96 153
96 155
96 156
96 157
96 160
96 164
96 166
96 168
96 173
96 178
96 180
96 181
96 183
96 185
97 99
97 100
97 104
97 106
97 107
97 108
97 110
97 113
97 114
97 118
97 119
97 120
97 121
97 127
97 129
97 130
97 131
97 134
97 142
97 145
97 150
97 152
97 159
97 160
97 163
97 165
97 167
97 170
97 172
97 174
97 175
97 176
97 182
97 187
98 100
98 102
98 103
98 107
98 108
98 109
98 110
98 111
98 112
98 113
98 118
98 119
98 122
98 128
98 130
98 132
98 136
98 137
98 138
98 140
98 142
98 143
98 147
98 155
98 157
98 158
98 159
98 160
98 162
98 166
98 167
98 169
98 170
98 173
98 175
98 176
98 177
98 178
98 180
98 182
98 184
98 185
98 187
99 100
99 101
99 107
99 108
99 111
99 112
99 113
99 116
99 119
99 120
99 121
99 123
99 126
99 129
99 134
99 135
99 136
99 138
99 139
99 141
99 145
99 146
99 155
99 157
99 158
99 159
99 160
99 164
99 165
99 166
99 170
99 173
99 174
99 176
99 177
99 186
99 187
100 104
100 105
100 106
100 108
100 109
100 110
100 111
100 113
100 114
100 117
100 118
100 124
100 127
100 128
100 132
100 134
100 135
100 136
100 137
100 142
100 146
100 148
100 149
100 150
100 151
100 152
100 154
100 156
100 157
100 158
100 163
100 164
100 165
100 168
100 170
100 172
100 175
100 177
100 178
100 180
100 182
100 187
101 102
101 108
101 112
101 113
101 114
101 115
101 116
101 118
101 119
101 122
101 123
101 129
101 132
101 133
101 135
101 138
101 139
101 145
101 147
101 148
101 149
101 150
101 152
101 155
101 156
101 157
101 158
101 163
101 165
101 169
101 170
101 173
101 182
101 183
101 187
102 104
102 105
102 107
102 109
102 110
102 112
102 114
102 115
102 119
102 120
102 123
102 124
102 125
102 126
102 127
102 128
102 130
102 134
102 138
102 139
102 142
102 146
102 147
102 150
102 154
102 156
102 160
102 165
102 167
102 168
102 172
102 173
102 174
102 176
102 179
102 181
102 186
102 187
103 104
103 106
103 107
103 109
103 110
103 111
103 112
103 113
103 114
103 115
103 120
103 121
103 122
103 123
103 124
103 125
103 128
103 129
103 130
103 131
103 134
103 138
103 139
103 140
103 144
103 145
103 146
103 147
103 148
103 154
103 156
103 157
103 160
103 164
103 166
103 167
103 168
103 170
103 171
103 177
103 178
103 179
103 180
103 181
103 185
104 105
104 109
104 110
104 113
104 115
104 116
104 118
104 121
104 122
104 125
104 126
104 127
104 133
104 135
104 140
104 145
104 146
104 149
104 150
104 151
104 152
104 155
104 157
104 159
104 164
104 166
104 167
104 168
104 169
104 170
104 171
104 172
104 176
104 180
104 181
104 183
104 184
104 185
104 187
105 111
105 115
105 116
105 117
105 121
105 124
105 129
105 130
105 131
105 133
105 134
105 135
105 136
105 138
105 139
105 141
105 142
105 148
105 149
105 150
105 151
105 154
105 156
105 160
105 166
105 169
105 172
105 173
105 174
105 175
105 176
105 177
105 179
105 181
106 110
106 113
106 114
106 115
106 118
106 120
106 122
106 126
106 129
106 130
106 134
106 136
106 137
106 138
106 141
106 144
106 145
106 147
106 152
106 153
106 156
106 158
106 160
106 163
106 164
106 168
106 173
106 174
106 175
106 176
106 180
106 184
106 186
106 187
107 109
107 112
107 118
107 119
107 123
107 124
107 126
107 127
107 133
107 136
107 137
107 138
107 140
107 141
107 142
107 143
107 144
107 147
107 150
107 155
107 157
107 159
107 162
107 163
107 168
107 169
107 173
107 174
107 177
107 178
107 179
107 182
108 109
108 111
108 112
108 113
108 116
108 118
108 119
108 120
108 124
108 128
108 129
108 130
108 131
108 134
108 137
108 138
108 141
108 145
108 147
108 149
108 151
108 153
108 154
108 156
108 157
108 159
108 164
108 165
108 167
108 168
108 171
108 176
108 177
108 180
108 182
108 183
108 186
109 110
109 111
109 112
109 129
109 130
109 133
109 136
109 139
109 142
109 143
109 144
109 146
109 148
109 149
109 154
109 155
109 156
109 157
109 158
109 159
109 163
109 165
109 167
109 172
109 173
109 174
109 181
109 182
109 183
109 185
109 186
109 187
110 112
110 114
110 115
110 118
110 119
110 120
110 122
110 126
110 129
110 130
110 131
110 134
110 135
110 138
110 142
110 145
110 146
110 148
110 149
110 150
110 151
110 153
110 157
110 159
110 168
110 169
110 171
110 172
110 173
110 174
110 176
110 177
110 185
110 186
111 112
111 114
111 118
111 120
111 122
111 123
111 126
111 128
111 130
111 131
111 133
111 135
111 136
111 137
111 138
111 140
111 141
111 142
111 143
111 145
111 146
111 148
111 150
111 151
111 152
111 154
111 155
111 156
111 158
111 163
111 164
111 166
111 169
111 172
111 173
111 179
111 182
111 184
111 186
111 187
112 113
112 120
112 121
112 122
112 127
112 128
112 129
112 130
112 131
112 134
112 136
112 137
112 138
112 139
112 143
112 147
112 148
112 151
112 152
112 159
112 163
112 165
112 166
112 167
112 171
112 177
112 178
113 116
113 117
113 120
113 121
113 127
113 130
113 131
113 134
113 135
113 138
113 140
113 141
113 142
113 147
113 148
113 152
113 154
113 155
113 156
113 158
113 160
113 163
113 164
113 166
113 167
113 172
113 173
113 176
113 178
113 180
113 182
113 183
113 185
114 115
114 117
114 122
114 123
114 124
114 126
114 127
114 128
114 129
114 135
114 136
114 144
114 148
114 154
114 158
114 161
114 162
114 165
114 167
114 168
114 169
114 171
114 172
114 173
114 174
114 175
114 176
114 177
114 178
114 180
114 181
114 184
114 186
115 117
115 119
115 121
115 122
115 125
115 126
115 128
115 129
115 130
115 131
115 132
115 134
115 135
115 146
115 149
115 150
115 151
115 152
115 153
115 157
115 158
115 162
115 164
115 165
115 166
115 176
115 177
115 179
115 181
115 183
116 125
116 126
116 127
116 131
116 132
116 133
116 136
116 140
116 144
116 145
116 146
116 147
116 152
116 153
116 156
116 160
116 162
116 166
116 177
116 180
116 184
116 186
116 187
117 121
117 123
117 124
117 127
117 128
117 131
117 133
117 134
117 136
117 137
117 138
117 141
117 143
117 144
117 147
117 150
117 151
117 152
117 154
117 155
117 156
117 163
117 165
117 169
117 170
117 180
117 184
117 186
118 119
118 121
118 124
118 127
118 128
118 129
118 130
118 131
118 133
118 138
118 139
118 143
118 144
118 145
118 148
118 149
118 150
118 154
118 156
118 157
118 161
118 166
118 171
118 178
118 184
118 187
119 120
119 122
119 124
119 126
119 128
119 135
119 137
119 138
119 148
119 149
119 150
119 151
119 152
119 153
119 154
119 155
119 160
119 163
119 167
119 169
119 170
119 172
119 174
119 175
119 177
119 182
119 183
120 122
120 127
120 136
120 139
120 141
120 143
120 148
120 149
120 150
120 151
120 152
120 154
120 156
120 157
120 158
120 159
120 161
120 164
120 167
120 168
120 172
120 174
120 179
120 181
120 183
120 185
121 122
121 126
121 130
121 131
121 135
121 136
121 143
121 146
121 158
121 159
121 160
121 161
121 164
121 168
121 169
121 170
121 174
121 175
121 176
121 178
121 179
121 182
121 184
121 185
121 186
122 123
122 125
122 126
122 127
122 128
122 133
122 134
122 135
122 136
122 140
122 142
122 145
122 149
122 152
122 155
122 156
122 157
122 159
122 161
122 163
122 165
122 167
122 170
122 179
122 185
122 187
123 124
123 126
123 131
123 132
123 133
123 134
123 139
123 141
123 143
123 150
123 152
123 155
123 158
123 159
123 161
123 163
123 165
123 167
123 171
123 173
123 176
123 177
123 178
123 180
123 182
123 183
123 184
123 187
124 126
124 130
124 133
124 139
124 140
124 142
124 143
124 144
124 148
124 149
124 152
124 159
124 161
124 163
124 165
124 167
124 168
124 169
124 172
124 174
124 176
124 178
124 179
124 180
124 183
124 185
125 126
125 127
125 129
125 132
125 133
125 136
125 137
125 138
125 141
125 142
125 144
125 150
125 154
125 155
125 157
125 163
125 165
125 168
125 169
125 173
125 178
125 180
125 183
125 184
126 129
126 134
126 136
126 139
126 141
126 144
126 145
126 146
126 147
126 155
126 156
126 157
126 158
126 159
126 162
126 163
126 164
126 171
126 176
126 181
126 183
127 128
127 130
127 131
127 134
127 138
127 139
127 140
127 141
127 142
127 145
127 150
127 152
127 156
127 158
127 159
127 160
127 161
127 162
127 166
127 169
127 170
127 174
127 175
127 176
127 177
127 182
127 185
127 187
128 129
128 130
128 133
128 136
128 139
128 140
128 143
128 147
128 149
128 150
128 152
128 154
128 157
128 158
128 159
128 161
128 164
128 166
128 167
128 172
128 177
128 187
129 130
129 132
129 133
129 134
129 138
129 139
129 142
129 144
129 145
129 146
129 148
129 149
129 151
129 152
129 153
129 154
129 157
129 159
129 160
129 161
129 162
129 167
129 168
129 171
129 180
129 182
129 183
129 184
129 185
130 131
130 133
130 134
130 139
130 140
130 142
130 144
130 147
130 149
130 153
130 154
130 155
130 156
130 157
130 159
130 165
130 166
130 170
130 176
130 182
131 132
131 133
131 141
131 143
131 144
131 145
131 147
131 150
131 155
131 156
131 161
131 162
131 171
131 174
131 175
131 176
131 177
131 181
131 183
131 185
131 186
131 187
132 136
132 137
132 141
132 143
132 144
132 145
132 147
132 150
132 154
132 155
132 157
132 161
132 162
132 163
132 168
132 169
132 170
132 174
132 179
132 180
132 182
132 184
132 185
132 187
133 135
133 138
133 141
133 146
133 151
133 156
133 158
133 161
133 162
133 163
133 164
133 165
133 168
133 170
133 174
133 178
133 182
133 183
133 184
133 186
133 187
134 136
134 140
134 142
134 145
134 150
134 156
134 158
134 159
134 163
134 168
134 173
134 174
134 175
134 177
134 180
134 181
134 183
134 185
134 187
135 139
135 140
135 142
135 143
135 150
135 153
135 156
135 161
135 164
135 167
135 168
135 169
135 170
135 172
135 175
135 178
135 179
135 182
135 183
135 185
135 186
136 137
136 138
136 140
136 142
136 146
136 147
136 148
136 151
136 154
136 158
136 159
136 163
136 164
136 167
136 169
136 170
136 175
136 179
136 180
136 184
136 186
137 139
137 143
137 148
137 149
137 150
137 151
137 152
137 157
137 158
137 160
137 164
137 169
137 170
137 172
137 173
137 175
137 176
137 179
137 185
138 140
138 142
138 143
138 144
138 145
138 148
138 149
138 151
138 152
138 153
138 155
138 157
138 163
138 168
138 171
138 172
138 173
138 174
138 177
138 178
138 179
138 181
138 182
138 183
138 184
138 186
139 140
139 142
139 143
139 144
139 147
139 149
139 150
139 152
139 155
139 156
139 162
139 163
139 165
139 170
139 171
139 172
139 177
139 178
139 185
140 142
140 143
140 145
140 146
140 149
140 153
140 160
140 161
140 162
140 163
140 170
140 171
140 173
140 174
140 177
140 179
140 181
140 182
140 187
141 145
141 146
141 148
141 149
141 150
141 156
141 159
141 160
141 161
141 163
141 164
141 167
141 168
141 170
141 174
141 176
141 181
141 184
141 185
142 144
142 145
142 146
142 147
142 148
142 152
142 153
142 154
142 159
142 160
142 161
142 163
142 168
142 169
142 172
142 177
142 179
142 181
142 184
142 186
142 187
143 146
143 147
143 156
143 157
143 170
143 171
143 178
143 180
143 181
143 182
143 183
144 145
144 146
144 149
144 151
144 153
144 157
144 158
144 159
144 160
144 162
144 163
144 164
144 171
144 172
144 173
144 176
144 182
144 183
144 184
145 152
145 153
145 155
145 156
145 159
145 160
145 161
145 164
145 170
145 171
145 186
145 187
146 148
146 149
146 150
146 151
146 154
146 162
146 164
146 165
146 168
146 169
146 170
146 171
146 172
146 173
146 174
146 175
146 176
146 177
146 181
146 182
146 185
146 186
147 151
147 154
147 160
147 166
147 168
147 169
147 172
147 173
147 177
147 179
147 180
147 183
147 184
147 186
148 152
148 158
148 159
148 164
148 166
148 170
148 172
148 174
148 176
148 177
148 179
148 182
148 183
148 184
148 185
149 150
149 151
149 152
149 154
149 155
149 156
149 160
149 163
149 167
149 170
149 173
149 178
149 180
149 182
149 184
149 185
149 186
150 152
150 157
150 163
150 164
150 170
150 176
150 179
150 180
150 181
150 182
150 185
150 187
151 156
151 158
151 159
151 160
151 162
151 163
151 165
151 167
151 169
151 171
151 174
151 176
151 186
152 153
152 156
152 157
152 161
152 162
152 164
152 165
152 166
152 167
152 168
152 171
152 172
152 178
152 183
152 187
153 154
153 157
153 158
153 162
153 165
153 166
153 175
153 176
153 179
153 182
153 184
153 187
154 155
154 158
154 160
154 161
154 162
154 163
154 167
154 169
154 171
154 172
154 173
154 176
154 177
154 178
154 184
154 186
155 166
155 168
155 169
155 171
155 172
155 185
155 186
156 160
156 166
156 168
156 169
156 171
156 174
156 177
156 182
156 185
157 162
157 163
157 164
157 166
157 172
157 175
157 176
157 179
157 181
157 184
158 162
158 164
158 165
158 168
158 172
158 174
158 175
158 178
158 180
158 182
158 186
158 187
159 162
159 164
159 171
159 172
159 173
159 177
159 178
159 181
160 163
160 164
160 166
160 171
160 175
160 177
160 180
160 184
160 187
161 162
161 165
161 169
161 170
161 172
161 173
161 175
161 176
161 178
161 179
161 180
161 181
161 183
161 187
162 168
162 172
162 173
162 181
163 165
163 168
163 169
163 172
163 175
163 177
163 179
163 182
163 183
163 185
164 166
164 167
164 172
164 177
164 181
164 182
164 184
165 170
165 171
165 174
165 177
165 179
165 180
165 185
165 186
165 187
166 167
166 169
166 171
166 174
166 178
166 179
166 186
166 187
167 168
167 169
167 174
167 176
167 178
167 180
167 183
167 184
167 185
167 186
167 187
168 173
168 175
168 177
168 178
168 181
168 185
168 187
169 171
169 175
169 177
169 179
169 180
169 181
169 184
169 185
169 186
170 172
170 175
170 178
170 181
170 186
171 184
172 182
172 183
172 186
172 187
173 177
173 178
173 180
173 181
173 183
173 186
174 177
174 180
174 183
174 185
174 187
175 177
175 179
175 183
176 179
177 178
177 180
177 181
177 183
178 182
178 183
178 184
178 185
179 180
179 182
179 184
179 185
180 182
180 187
181 182
181 183
181 184
181 186
183 185
184 185
185 187
