188
0 1
0 14
0 31
0 38
0 47
0 158
1 2
1 3
1 4
1 7
1 30
1 33
1 46
1 63
1 70
1 89
1 93
1 140
1 142
2 5
2 18
2 22
2 91
3 6
3 11
3 15
3 19
3 29
3 35
3 39
3 41
3 43
3 88
3 125
4 20
4 31
4 92
4 96
4 105
4 118
4 150
5 26
5 100
5 104
5 137
5 170
6 9
6 74
6 145
6 149
6 178
7 8
7 10
7 16
7 17
7 59
7 95
7 187
8 11
8 12
8 32
8 99
9 45
9 51
9 108
9 148
9 167
10 47
10 58
10 76
10 97
10 99
10 166
11 15
11 20
11 46
12 13
12 23
12 26
12 49
12 138
13 79
13 113
13 167
14 21
14 34
14 117
14 132
15 44
15 61
16 27
16 57
16 95
16 109
16 175
17 27
17 79
17 110
17 151
17 159
18 24
18 52
18 98
18 121
18 136
18 185
19 25
19 67
19 74
19 170
19 173
20 58
20 63
20 68
20 111
20 136
21 25
21 37
21 64
21 67
21 111
21 112
21 130
21 137
22 25
22 28
22 73
22 100
22 106
23 31
23 45
23 57
23 71
23 115
23 134
23 143
23 145
23 175
24 38
24 42
24 95
24 170
24 179
25 73
25 93
25 126
25 133
26 46
26 60
26 114
26 132
26 145
26 177
27 38
27 132
27 149
27 156
28 36
28 43
28 83
28 86
28 96
29 56
29 63
29 69
29 81
29 118
29 186
29 187
30 40
30 53
30 95
30 139
30 143
31 41
31 43
31 121
31 176
32 51
32 52
32 53
32 54
32 55
32 88
32 98
32 99
33 61
33 107
33 112
34 84
34 94
34 120
34 168
35 36
35 87
35 109
35 124
35 167
35 174
35 186
36 45
36 52
36 86
36 95
37 50
37 51
37 62
37 112
37 128
37 129
37 133
37 140
37 173
38 91
38 92
38 131
38 156
39 59
39 79
39 87
39 170
40 59
40 74
40 80
40 98
40 110
40 126
40 166
41 59
41 89
41 104
41 109
41 130
42 45
42 48
42 77
42 100
42 163
43 157
44 80
44 117
44 156
44 161
44 169
44 184
45 106
45 133
45 171
45 178
46 57
46 90
46 148
47 82
47 125
47 170
47 175
48 57
48 119
48 125
48 126
48 129
48 138
48 179
49 73
49 78
49 163
49 180
50 103
50 141
50 184
51 85
51 112
51 155
51 176
51 180
52 115
52 151
52 168
53 73
53 120
53 148
53 149
53 176
54 68
54 108
54 112
55 62
55 64
55 65
55 71
55 114
55 161
56 61
56 76
56 77
56 82
56 182
57 101
57 137
57 167
58 121
58 173
58 174
59 72
59 120
59 123
59 127
60 66
60 111
60 121
60 179
60 186
61 76
61 93
61 115
61 152
61 165
62 68
63 94
63 162
64 116
64 158
64 165
64 169
65 94
65 109
65 110
66 69
66 71
66 109
66 144
66 178
67 87
67 89
67 113
67 122
67 134
67 160
67 180
68 111
68 171
68 180
69 128
69 147
69 173
69 177
70 75
70 78
70 85
70 153
70 154
71 99
71 141
72 92
72 151
72 187
73 97
74 115
74 123
74 169
74 183
75 90
75 150
75 153
75 182
76 105
76 182
77 80
77 127
77 172
78 83
78 97
78 176
78 177
79 104
79 109
79 118
79 131
80 96
80 98
80 120
80 139
80 163
81 123
81 154
81 160
82 119
82 143
82 162
83 144
83 173
84 90
84 108
84 115
84 124
84 136
84 175
85 123
85 128
85 132
85 138
86 116
86 130
86 150
87 105
87 134
87 145
88 111
88 141
88 152
89 102
89 113
90 91
90 99
90 153
90 154
90 155
90 185
90 186
92 114
93 107
93 127
93 139
93 176
94 97
95 181
96 122
97 101
97 142
97 174
98 141
99 108
100 103
101 110
101 116
101 122
101 124
101 147
102 108
102 140
102 142
102 150
102 152
102 162
102 167
103 146
103 174
103 185
104 124
104 136
104 178
105 116
105 117
105 124
105 174
106 107
106 137
107 168
108 160
111 168
111 174
112 128
112 168
114 135
116 121
116 144
118 120
119 131
119 154
119 185
121 141
121 160
122 141
122 152
123 172
124 161
124 181
125 155
125 168
126 146
126 147
126 166
126 179
126 182
127 155
127 162
127 171
128 156
129 135
129 157
129 176
129 185
130 136
130 138
130 171
130 174
130 183
131 135
131 155
132 152
132 180
133 145
134 149
135 183
136 164
138 146
138 154
138 163
141 161
142 143
142 149
142 158
142 165
142 170
144 159
146 157
146 182
147 156
147 160
150 164
151 164
152 156
152 159
153 161
154 187
157 181
159 177
160 180
161 175
161 182
161 187
162 172
166 172
167 171
175 183
179 181
182 184
