188
0 1
0 13
0 76
0 81
0 123
1 2
1 3
1 10
2 4
2 8
3 5
3 9
3 31
3 88
3 181
3 183
4 6
4 34
4 35
4 65
4 178
5 7
5 12
5 20
5 49
5 73
5 82
5 97
5 138
5 175
5 179
6 11
6 96
6 141
7 19
7 47
7 93
7 122
7 130
7 152
8 15
8 30
8 76
8 108
8 113
9 21
9 28
9 43
9 56
9 60
9 154
9 157
9 186
10 17
10 29
10 39
10 52
10 55
10 84
10 134
11 16
11 24
11 53
11 64
11 74
11 130
11 185
12 14
12 17
12 18
12 37
12 45
12 77
13 17
13 72
13 104
14 37
14 67
14 79
15 22
15 25
15 33
15 58
15 61
15 64
15 69
15 104
15 128
16 69
16 90
16 140
16 173
17 32
17 85
17 141
17 151
17 163
18 27
19 101
19 136
19 143
19 162
19 174
20 43
20 65
20 67
20 124
21 23
21 26
21 36
21 71
21 141
22 41
22 90
22 107
22 114
22 154
22 174
23 78
23 97
23 99
23 132
23 181
24 37
24 158
25 106
25 156
25 176
26 57
26 63
26 99
26 107
26 112
26 168
26 170
27 71
27 78
27 103
27 148
28 38
28 46
28 91
28 115
28 129
28 184
29 53
29 116
29 150
29 169
29 187
30 74
30 83
30 84
30 120
31 59
31 79
31 88
32 40
32 44
32 45
32 120
33 58
33 119
33 159
34 38
34 50
34 112
34 132
35 66
35 100
35 121
35 124
35 157
36 38
36 51
36 136
37 93
37 103
37 111
38 62
39 64
39 70
39 125
39 134
39 166
40 42
40 48
40 102
40 125
40 126
40 128
41 55
41 178
42 47
42 59
42 89
42 158
43 60
43 67
43 159
44 50
44 107
45 80
45 133
45 150
45 155
45 180
46 91
46 117
46 120
47 83
47 85
47 99
47 119
47 146
47 185
48 83
48 87
48 89
48 90
48 120
48 128
49 52
49 86
49 106
49 161
49 165
50 155
51 54
51 73
51 117
51 160
52 74
52 169
53 68
53 113
54 65
54 75
55 123
55 135
56 143
56 165
56 166
56 168
57 71
57 82
57 116
57 120
57 153
58 80
58 95
58 152
59 107
59 114
60 62
60 82
60 127
60 182
60 186
61 69
61 149
61 166
63 94
63 135
63 136
63 182
64 95
64 148
64 187
65 136
65 159
66 127
66 147
66 153
66 170
67 98
67 103
68 86
69 126
70 78
70 81
70 106
70 121
71 94
71 105
71 139
71 161
72 75
72 163
72 169
73 111
73 114
73 136
73 141
74 91
74 118
74 123
75 100
75 118
75 121
76 115
76 137
76 161
77 113
77 147
77 181
77 182
78 84
78 108
78 121
78 176
79 92
79 122
79 139
79 163
79 186
80 109
81 146
81 158
81 162
82 180
83 115
83 132
83 136
83 170
84 129
84 140
85 100
85 112
85 117
85 153
86 130
86 170
87 137
88 97
88 116
88 121
88 174
89 95
89 115
89 173
89 182
90 159
90 169
91 145
92 140
92 156
93 100
93 116
93 161
93 166
94 97
94 110
94 111
94 131
94 182
95 142
95 157
96 147
96 177
96 186
98 146
98 178
99 157
99 163
100 115
101 151
101 183
102 112
102 167
103 158
103 160
104 107
104 142
105 106
105 110
105 145
106 130
106 158
108 113
109 122
109 148
110 150
110 168
111 139
111 142
111 147
111 148
111 152
113 143
115 126
117 184
118 166
122 144
123 158
123 173
124 150
127 141
127 178
128 131
128 133
128 138
128 159
128 179
130 176
131 149
131 153
132 164
133 160
133 167
134 172
135 172
136 144
137 146
137 151
139 147
139 175
142 170
143 164
144 172
146 153
148 174
149 178
150 175
152 173
155 157
155 175
159 164
160 177
163 164
166 171
167 171
167 186
171 177
171 181
172 181
175 180
