188
0 1
0 7
0 11
0 12
0 23
0 33
0 38
0 83
0 125
1 2
1 4
1 6
1 10
2 3
2 32
2 54
2 62
2 91
2 143
3 42
3 44
3 50
3 82
3 142
3 171
3 185
4 5
4 20
4 27
4 45
5 8
5 18
5 31
5 101
5 166
5 169
6 20
6 29
6 73
6 107
6 118
6 159
7 9
7 14
7 88
7 137
7 176
8 53
8 59
8 60
8 79
8 88
8 92
8 134
8 138
9 31
9 35
9 37
9 119
10 13
10 21
10 36
10 140
10 144
10 154
10 158
11 18
11 22
11 108
11 172
11 185
12 28
12 42
12 43
12 52
12 76
12 92
12 133
13 19
13 75
13 96
13 108
13 127
13 160
13 169
13 178
14 15
14 17
14 58
14 59
14 93
14 109
15 16
15 24
15 55
15 91
16 26
16 39
16 68
16 99
16 109
16 153
17 32
17 51
17 53
17 117
17 166
17 181
18 85
18 99
19 23
19 63
19 91
19 115
19 170
20 64
20 65
20 81
20 90
20 130
20 151
20 186
21 25
21 30
21 34
21 59
21 100
21 139
21 161
21 168
22 47
22 61
22 84
22 166
23 48
23 54
23 89
23 107
23 119
23 159
23 180
24 39
24 46
24 52
24 54
24 70
24 129
24 132
25 66
25 79
25 81
25 109
25 126
25 171
26 40
26 70
26 121
26 123
26 154
26 164
27 37
27 89
27 99
27 104
27 123
27 176
27 184
28 43
28 64
28 76
28 115
28 121
29 38
29 49
29 56
29 57
29 72
29 93
29 95
29 163
30 50
30 96
30 163
31 62
31 67
31 104
32 41
32 80
33 44
33 90
33 101
33 119
33 139
34 105
34 110
34 111
34 140
35 46
35 48
35 51
35 66
35 96
35 128
35 181
36 52
36 124
36 125
36 126
36 134
36 161
37 70
37 72
37 74
37 131
37 163
37 179
38 43
38 68
38 69
38 89
38 142
38 163
39 51
39 84
39 89
39 114
39 120
39 143
39 183
40 50
40 56
40 71
40 152
41 77
41 159
41 182
42 150
42 179
43 64
43 75
43 79
43 138
43 172
43 183
44 53
44 83
44 108
44 185
45 87
45 115
45 129
45 152
46 79
46 112
46 132
46 153
47 60
47 74
47 83
47 117
47 141
48 69
48 78
48 98
48 112
49 58
49 87
49 94
49 128
49 154
49 183
50 77
50 135
50 161
50 182
51 82
51 99
53 65
53 104
54 106
54 119
54 137
54 164
55 75
55 83
55 84
55 116
55 117
56 68
56 90
56 95
56 175
57 78
57 83
57 147
57 172
58 79
59 73
59 105
59 111
59 120
59 130
60 130
60 143
60 148
60 184
61 86
61 105
61 174
62 85
62 129
62 136
62 187
63 145
63 174
64 65
64 160
64 164
64 175
65 126
65 144
65 145
65 162
65 167
66 74
66 86
66 111
66 116
66 173
66 181
67 68
67 108
67 120
67 171
67 181
68 101
68 123
68 156
68 177
68 182
69 78
69 97
69 140
70 92
70 101
70 148
71 93
71 149
71 154
71 156
71 177
71 187
72 125
72 152
72 155
72 165
73 97
73 137
73 140
73 147
73 152
73 161
74 103
74 129
74 138
74 158
74 169
75 141
75 169
76 87
76 155
77 88
77 136
77 152
78 80
78 102
78 114
78 179
79 122
80 133
80 153
80 180
81 82
81 121
81 127
81 134
82 106
82 151
82 157
82 159
82 179
83 104
83 136
84 128
84 137
84 141
85 100
85 153
85 180
85 182
86 96
86 98
86 112
86 116
87 91
87 145
88 146
89 113
89 166
90 102
90 116
90 131
92 100
92 109
92 151
93 103
94 98
94 110
94 136
95 107
95 109
95 123
96 99
96 135
96 148
96 154
96 158
97 158
97 166
98 118
99 114
99 134
99 182
100 110
100 118
100 163
100 171
101 135
101 171
102 156
102 157
102 163
102 165
102 176
102 185
103 111
103 170
103 181
103 184
104 141
105 154
105 161
105 165
106 182
107 110
107 127
107 158
107 167
108 113
108 174
109 135
110 160
111 152
112 170
113 126
113 139
114 120
114 149
114 174
115 140
115 160
115 178
116 153
119 164
119 173
119 178
119 183
121 123
121 173
122 156
122 173
122 184
124 136
124 169
124 175
125 132
125 143
125 187
126 157
126 174
126 179
127 162
127 180
128 161
128 162
129 144
129 180
130 165
131 142
131 148
131 150
133 146
133 168
134 160
135 151
135 177
137 145
137 156
137 158
137 173
138 147
138 150
138 181
139 149
140 151
141 144
141 173
142 143
144 167
146 155
150 174
152 170
153 184
156 185
157 162
157 164
159 168
159 170
159 186
165 186
166 176
166 177
168 178
168 183
169 180
171 175
172 183
174 185
175 187
