180
0 1
0 2
0 11
0 30
0 34
0 46
0 50
0 117
0 133
1 4
1 8
1 12
2 3
2 5
2 33
2 55
2 112
2 150
3 28
3 32
3 79
3 148
3 164
3 170
4 6
4 7
4 21
4 49
4 77
4 88
4 103
5 18
5 24
5 65
5 79
5 133
5 168
6 21
6 86
6 161
7 9
7 10
7 11
7 126
7 139
7 174
8 23
8 85
8 99
8 137
8 167
8 179
9 16
9 17
9 35
9 173
10 24
10 42
10 47
10 50
10 55
10 58
10 67
10 158
11 14
11 42
11 63
11 73
11 81
11 85
11 95
11 107
11 134
11 152
12 13
12 15
12 17
12 19
12 39
12 51
12 70
12 72
12 106
13 58
13 63
13 130
13 158
14 25
14 28
14 30
14 45
14 54
14 60
14 115
15 20
15 78
15 119
16 33
16 44
16 58
16 178
17 23
17 89
17 127
17 148
17 153
18 22
18 26
18 83
18 104
18 126
19 52
19 150
19 166
20 45
20 60
20 80
20 107
20 146
21 77
21 111
21 123
21 131
21 141
22 44
22 79
22 154
22 156
23 95
23 97
23 132
23 137
24 29
24 110
24 165
24 171
25 27
25 68
25 79
25 103
25 141
25 155
26 29
26 48
26 82
26 157
27 40
27 49
27 78
28 65
28 69
28 72
28 160
28 168
28 177
29 32
29 81
29 91
29 119
29 131
29 142
30 31
30 87
30 92
30 100
30 108
31 36
31 37
31 61
31 84
31 114
31 141
31 144
31 145
31 162
32 75
32 90
32 121
32 159
33 36
33 43
33 57
33 82
33 136
33 150
34 41
34 97
34 105
34 111
34 119
35 80
35 136
35 158
35 175
36 101
36 130
36 138
37 38
37 63
37 124
37 138
37 162
38 76
38 92
38 99
38 110
39 62
39 71
39 177
40 43
40 45
40 72
40 74
40 161
40 172
41 80
41 98
41 144
42 72
42 83
42 115
42 128
43 67
43 68
43 102
43 166
44 56
44 84
44 123
45 127
45 164
45 177
46 59
46 74
46 95
46 112
46 115
46 172
47 49
47 53
47 114
47 147
48 73
48 75
48 81
48 94
48 113
49 63
49 70
49 74
49 78
49 132
49 149
50 70
50 76
50 78
50 93
50 102
50 150
51 64
51 129
52 63
52 65
52 106
52 170
53 82
53 136
53 142
53 150
54 57
54 69
54 76
54 85
54 109
54 120
54 129
54 167
55 62
55 89
55 96
56 115
56 132
56 133
56 155
56 173
57 59
57 68
57 69
57 74
57 121
57 165
58 71
58 85
58 95
58 147
58 162
59 67
59 71
59 128
60 148
60 156
61 62
61 153
61 158
62 90
62 97
62 98
62 112
63 99
63 125
64 66
64 121
64 140
64 175
65 84
65 163
66 68
66 87
66 96
66 153
67 98
67 108
67 131
67 143
68 118
68 174
69 75
69 154
70 101
70 157
70 167
70 173
72 94
72 140
73 84
74 92
74 119
75 96
75 107
75 120
75 164
76 107
76 110
76 117
76 124
76 169
77 88
77 117
77 120
78 112
78 119
78 157
79 88
79 172
79 174
80 116
80 122
80 127
80 155
81 104
81 110
81 123
81 142
82 94
82 133
82 145
83 95
83 122
84 91
84 103
84 177
85 91
85 109
85 117
86 92
86 93
86 100
86 135
86 157
87 107
87 137
87 141
87 156
88 121
88 135
88 139
88 164
89 91
89 100
90 96
90 106
90 145
90 179
91 99
91 162
91 176
92 99
92 149
92 160
93 103
93 126
93 152
93 165
94 105
94 131
94 158
95 142
96 144
96 153
97 112
97 161
97 166
100 101
101 113
101 159
102 175
103 109
103 154
103 160
104 105
104 107
104 115
104 118
104 133
104 177
104 178
106 117
106 135
107 129
107 155
108 157
108 171
109 116
109 127
109 170
109 174
110 171
111 128
111 138
112 122
112 142
112 170
113 125
113 143
113 148
114 118
114 127
114 136
114 139
115 147
116 118
116 120
116 151
116 174
116 176
117 123
117 131
118 145
119 121
119 131
119 164
120 134
120 151
121 154
122 152
123 149
123 155
123 160
124 144
125 127
125 154
126 140
127 143
127 170
130 155
130 162
131 161
132 144
132 146
132 161
133 153
134 149
134 167
136 158
137 143
137 169
140 165
140 176
141 150
141 166
142 171
143 151
144 146
145 146
146 173
147 152
147 161
147 166
148 159
149 173
149 174
152 156
154 177
156 168
162 169
163 165
163 172
167 172
167 179
170 172
175 178
