180
0 1
0 13
0 76
0 81
0 123
1 2
1 3
1 10
1 137
2 4
2 8
3 5
3 9
3 14
3 31
3 174
4 6
4 34
4 35
4 65
4 157
4 178
5 7
5 12
5 20
5 49
5 54
5 73
5 84
5 97
5 138
5 175
5 179
6 11
6 96
7 19
7 47
7 93
7 116
7 156
8 15
8 30
8 108
8 127
8 156
9 21
9 28
9 43
9 52
9 56
9 60
9 154
9 160
10 20
10 29
10 39
10 65
10 87
10 90
10 134
11 16
11 24
11 53
11 74
11 130
12 14
12 18
12 37
12 45
12 73
12 77
13 17
13 72
13 104
15 22
15 25
15 33
15 58
15 61
15 65
15 69
15 128
16 63
16 76
16 143
16 150
16 164
17 32
17 98
17 129
18 27
18 53
18 166
18 174
19 44
19 101
19 106
19 117
19 138
19 143
19 162
20 67
20 117
20 124
21 23
21 26
21 36
21 71
21 113
21 139
21 141
21 157
22 41
22 103
22 114
22 130
22 174
23 132
23 169
24 75
24 86
24 106
24 158
24 159
25 35
25 61
25 95
25 171
26 57
26 63
26 99
26 107
26 109
26 113
26 149
27 38
27 67
27 78
27 101
28 46
28 54
28 152
29 85
29 116
29 169
30 62
30 84
30 94
30 175
30 176
31 59
31 79
31 88
31 132
31 178
32 40
32 44
32 115
32 121
32 162
33 43
33 47
33 114
33 124
33 132
33 144
34 68
34 93
34 123
34 125
34 129
35 66
36 38
36 51
36 136
36 141
37 63
37 103
37 111
37 119
38 55
38 93
38 120
38 130
39 64
39 70
39 125
39 166
40 42
40 48
40 102
40 117
41 55
41 60
41 73
41 177
41 178
42 45
42 57
42 112
42 120
42 151
43 83
43 159
44 50
44 51
44 109
45 148
46 86
46 91
46 117
46 120
46 122
46 137
47 83
47 85
47 112
47 119
48 87
48 89
48 90
49 52
49 86
49 120
49 161
49 165
50 97
50 123
50 153
50 155
51 54
51 113
51 171
52 71
52 162
53 68
53 88
53 107
53 126
54 62
55 82
55 101
55 122
55 135
55 155
55 175
56 118
56 172
57 58
57 82
57 153
57 159
58 72
58 80
58 125
58 161
59 91
59 170
60 62
60 127
61 149
61 159
62 145
63 129
64 73
64 148
65 88
65 101
65 122
66 76
66 108
66 133
67 98
68 82
68 140
68 141
68 164
69 126
69 140
70 76
70 146
71 94
71 97
71 105
71 151
71 172
72 75
74 118
74 157
74 177
75 77
75 98
75 116
75 121
75 124
76 88
76 115
77 90
77 147
77 156
78 106
78 109
78 113
78 130
78 176
79 92
79 163
80 94
80 96
80 107
80 109
80 118
81 131
81 154
81 164
82 103
82 154
83 152
84 117
84 123
84 129
84 151
84 155
84 162
84 178
85 100
86 162
87 91
87 134
87 137
88 165
89 95
89 119
89 173
90 103
90 111
90 136
90 174
91 160
91 167
91 168
92 118
92 140
92 156
94 116
95 137
96 118
97 100
97 139
97 148
98 146
98 159
99 105
99 125
99 154
100 106
101 110
101 132
101 149
101 151
102 110
102 112
102 169
104 150
105 106
105 110
105 122
105 145
106 149
108 113
109 122
110 136
110 168
111 139
111 142
111 152
111 157
112 151
112 165
113 130
114 171
119 161
120 163
123 140
124 150
126 133
126 154
126 166
128 131
128 133
128 173
131 148
132 164
133 160
133 167
135 172
136 144
137 149
137 161
138 147
138 171
138 176
140 141
140 150
142 170
143 153
146 165
148 158
152 166
152 167
155 157
156 167
160 170
160 177
166 171
169 178
173 176
175 179
