188
0 1
0 8
0 14
0 35
0 48
0 108
0 118
0 121
1 2
1 7
1 13
1 19
1 23
1 36
1 89
1 135
2 3
2 5
2 28
2 57
3 4
3 6
3 11
3 55
3 165
4 32
4 44
4 140
4 166
4 174
5 9
5 12
5 15
5 54
6 10
6 18
6 25
6 33
6 45
6 77
7 21
7 51
8 46
8 101
8 171
9 16
9 63
9 122
10 47
10 77
10 103
10 113
10 133
10 143
10 176
11 17
11 24
11 31
11 69
11 111
11 132
12 20
12 154
12 161
13 42
13 78
13 91
14 26
14 167
15 39
15 90
15 109
16 29
16 82
16 87
17 27
17 56
17 152
18 71
18 79
18 81
19 22
19 30
19 139
20 43
20 91
21 41
21 65
21 185
22 31
22 74
22 100
22 171
23 34
23 75
23 84
23 106
23 137
23 148
23 154
24 68
24 70
24 94
24 144
25 32
25 37
25 72
25 119
26 32
26 38
26 44
26 67
26 183
27 52
27 128
28 64
28 128
28 130
28 134
29 40
29 119
29 153
30 55
30 93
30 161
30 180
31 36
32 65
32 129
33 78
33 187
34 38
34 136
35 59
35 104
35 107
36 58
36 60
36 73
36 80
36 96
37 47
37 50
37 98
37 150
37 162
38 167
38 176
39 141
39 160
40 117
40 179
41 44
41 94
41 109
41 174
42 49
42 187
43 58
43 86
43 134
43 145
43 166
44 99
44 102
44 132
45 50
45 53
45 66
46 61
46 76
46 126
47 63
47 76
47 131
47 150
48 68
48 97
48 159
49 90
50 107
50 160
51 92
51 112
51 158
51 174
52 100
53 159
54 56
54 110
54 133
54 157
55 131
55 163
56 105
56 131
57 89
57 157
58 72
59 168
59 183
60 62
60 136
60 139
60 154
61 76
62 105
62 116
63 83
63 97
64 105
64 146
64 185
65 77
65 129
65 178
66 85
66 134
66 164
68 92
68 103
68 165
69 111
69 125
70 71
70 77
71 121
71 178
72 109
72 113
72 169
73 86
73 145
73 158
74 88
74 137
74 146
74 177
75 183
76 99
78 85
79 95
79 96
80 116
80 171
81 147
82 95
82 145
83 115
83 126
83 152
83 184
84 174
85 114
85 170
86 185
87 161
89 122
89 180
90 93
90 112
90 117
90 124
91 168
91 186
92 144
92 161
93 112
93 121
93 127
94 120
94 171
95 105
95 114
96 127
96 157
97 156
98 151
100 135
101 130
102 106
102 177
103 115
103 139
104 172
106 137
106 176
107 166
108 125
108 155
110 127
111 119
114 150
115 135
116 142
117 129
117 149
117 152
118 179
120 123
121 130
122 156
123 138
123 177
131 152
131 181
133 152
133 172
134 173
135 156
135 182
136 142
138 140
138 178
139 153
140 142
140 168
141 181
142 176
143 145
143 162
143 183
144 160
146 153
146 164
148 157
148 173
149 153
149 156
149 178
151 164
154 167
155 180
159 187
160 175
163 184
163 186
166 168
174 182
179 187
