180
0 1
0 7
0 11
0 12
0 24
0 30
0 33
0 38
0 83
1 2
1 4
1 6
1 10
2 3
2 32
2 54
2 73
2 107
2 143
3 93
3 119
3 152
3 158
3 167
3 171
3 174
4 5
4 20
4 27
4 45
5 8
5 18
5 31
6 27
6 29
6 37
6 73
6 107
6 169
7 9
7 14
7 88
7 99
8 40
8 57
8 67
8 70
8 92
8 172
9 35
9 37
9 92
9 109
10 13
10 21
10 36
10 52
10 113
11 22
11 114
11 126
12 28
12 42
12 43
12 52
12 76
12 126
12 133
13 19
13 127
13 178
14 15
14 17
14 58
15 16
15 24
15 55
15 91
16 17
16 26
16 39
16 68
16 99
16 109
16 149
17 31
17 84
17 115
17 122
17 131
17 134
17 165
18 28
18 46
18 68
18 85
18 107
18 132
18 134
18 139
19 23
19 63
19 77
19 89
19 175
20 64
21 25
21 30
21 34
21 59
21 139
21 168
22 47
22 61
22 84
22 123
22 140
22 166
23 48
23 51
23 52
23 159
24 31
24 137
24 164
24 174
25 66
25 81
25 123
25 126
25 176
26 40
26 105
26 123
27 75
27 78
27 86
27 176
28 68
28 85
28 109
28 169
28 170
29 49
29 57
29 72
29 95
29 164
30 148
30 163
31 62
31 67
31 104
31 122
32 41
32 80
32 88
33 44
33 65
33 90
33 101
33 121
34 76
34 110
34 111
34 140
35 46
35 51
35 96
35 164
36 67
36 124
36 125
36 157
37 62
37 70
37 99
37 104
37 153
38 69
38 89
38 120
38 142
39 114
39 141
40 50
40 56
40 71
40 152
41 77
41 91
41 94
41 104
41 148
41 161
42 98
42 150
42 179
43 87
43 101
43 133
43 176
44 53
44 108
44 176
45 87
45 115
45 129
45 140
46 112
46 114
46 132
46 167
47 60
47 71
47 74
47 103
47 117
48 52
48 69
48 113
48 134
48 138
48 160
49 94
49 154
50 135
50 141
50 175
51 65
51 82
52 142
52 160
53 65
54 98
54 106
54 119
55 75
55 170
56 135
56 151
57 147
57 172
58 66
58 75
58 79
59 66
59 71
59 120
59 150
60 79
60 123
60 130
61 77
61 86
61 105
61 126
61 129
62 82
62 95
63 100
63 145
64 100
64 130
64 139
65 80
65 144
65 167
66 112
66 114
66 163
67 86
67 108
67 115
67 117
68 178
69 78
69 88
69 146
70 99
70 104
70 137
70 142
71 93
71 149
71 177
72 148
72 167
72 178
73 97
73 103
73 179
74 103
74 138
74 158
75 168
76 127
76 155
76 171
77 126
77 139
77 141
78 122
79 106
79 122
80 147
81 121
81 169
82 100
82 104
82 177
83 136
83 162
84 128
84 137
84 141
85 100
87 152
87 158
87 160
87 168
88 138
88 146
89 113
89 117
89 131
89 175
90 102
90 116
90 130
90 131
91 125
91 135
91 162
92 100
93 96
93 130
93 143
94 98
94 144
95 109
95 113
95 133
96 146
97 119
98 115
98 118
99 134
100 178
101 121
101 165
102 157
102 165
102 178
105 123
105 159
108 121
108 128
108 174
110 128
110 160
111 118
111 173
112 170
113 115
113 161
114 118
114 136
115 133
116 153
117 163
118 172
119 120
120 155
121 158
122 124
122 173
124 169
124 175
125 160
125 165
127 162
127 170
128 161
128 177
129 144
130 145
131 148
132 173
133 167
133 170
133 177
134 150
134 153
135 151
136 154
136 177
137 156
138 142
139 163
140 164
140 166
142 166
144 154
145 165
146 179
148 154
151 158
156 161
157 164
158 159
159 163
160 168
164 169
164 176
