180
0 1
0 2
0 26
0 37
0 39
0 58
0 72
0 82
0 104
1 4
1 5
1 20
1 24
1 74
1 106
1 165
2 3
2 9
2 10
2 47
3 19
3 64
3 112
3 135
3 137
4 15
4 27
4 41
4 96
5 6
5 7
5 18
5 32
5 81
5 113
6 8
6 11
6 13
6 23
6 37
6 61
6 62
6 84
6 115
6 173
7 12
7 14
8 14
8 19
8 28
8 32
8 51
8 93
8 152
8 154
8 155
8 160
8 168
9 16
9 17
9 45
9 89
9 117
10 29
10 33
10 37
10 88
10 120
10 170
11 16
11 26
11 43
11 82
12 67
12 87
12 106
12 146
13 76
13 80
14 27
14 123
14 172
15 25
15 35
15 49
15 83
15 93
15 136
16 55
16 65
16 151
17 22
17 34
17 36
17 38
17 81
17 88
18 56
18 71
18 90
18 111
18 164
18 165
19 24
19 30
19 69
19 73
19 101
20 21
20 77
20 92
20 133
21 44
21 85
21 169
21 177
22 53
22 55
22 68
22 76
22 153
23 31
23 53
23 68
23 81
24 28
25 40
25 77
25 107
25 156
26 35
26 61
26 76
26 128
27 46
27 49
27 55
28 139
28 177
29 42
29 47
29 50
29 54
29 111
30 52
30 82
30 91
30 124
31 103
31 144
31 169
32 43
32 70
32 75
32 147
33 78
33 116
34 66
34 94
34 129
35 44
36 47
36 116
36 122
37 68
37 129
37 147
38 60
38 114
39 74
39 128
39 134
39 146
40 41
40 57
40 112
41 100
42 73
42 77
42 105
42 129
42 133
42 161
43 107
43 168
44 59
44 73
44 153
45 48
45 116
45 140
45 179
46 60
46 102
46 137
46 141
46 142
47 120
47 125
48 75
48 80
48 127
48 130
48 149
48 161
48 167
49 92
49 104
49 178
50 72
50 76
50 88
50 121
50 134
51 56
51 113
51 174
52 65
52 71
52 75
52 121
53 74
53 105
53 112
53 166
54 103
54 106
54 132
54 145
55 69
55 87
55 107
55 109
56 57
56 160
57 99
57 148
58 145
58 151
58 152
58 157
59 100
59 105
59 114
59 138
60 148
61 115
62 63
62 67
62 86
62 95
63 70
63 78
63 83
63 91
63 143
64 71
64 97
64 111
64 120
64 142
64 152
65 163
65 173
66 90
67 85
67 141
67 155
69 148
69 155
70 108
70 170
71 108
71 125
71 129
71 171
72 154
73 130
73 134
74 79
74 110
74 139
74 174
75 89
75 90
76 139
76 156
77 155
78 84
78 123
79 133
79 156
80 87
80 169
81 118
81 121
81 178
82 103
82 118
82 148
82 178
83 110
84 106
84 138
84 145
84 167
85 124
86 99
86 111
86 144
86 172
86 174
87 114
87 128
87 173
88 98
89 117
89 126
89 158
89 172
90 128
90 153
90 164
91 119
92 149
93 101
93 125
93 127
94 132
94 179
95 123
96 160
96 161
96 179
97 102
97 176
98 125
98 171
99 131
99 147
99 153
99 168
100 131
100 146
100 150
101 140
101 143
101 160
102 166
102 178
104 118
104 157
104 159
105 122
106 118
107 119
107 159
109 136
110 147
110 175
110 177
111 127
111 161
112 148
112 165
112 167
112 168
112 177
113 133
113 178
114 143
114 158
114 166
115 130
115 176
116 117
116 135
117 151
118 138
118 162
119 160
120 150
121 176
123 135
123 157
124 143
124 163
126 128
126 138
126 142
127 132
133 136
134 152
134 166
135 145
135 147
137 143
141 164
142 158
142 172
144 165
144 175
145 157
149 169
150 168
151 176
152 162
153 172
155 164
158 164
159 169
159 172
161 162
162 167
163 174
169 177
