188
0 1
0 7
0 11
0 12
0 33
0 38
0 83
1 2
1 4
1 6
1 10
1 103
2 3
2 32
2 54
2 88
2 143
3 44
3 50
3 171
4 5
4 20
4 27
4 45
5 8
5 18
5 31
6 29
6 73
6 107
7 9
7 14
7 88
7 118
8 53
8 59
8 86
8 92
8 109
9 35
9 37
9 105
9 176
10 13
10 21
10 36
11 22
11 140
11 159
11 172
12 28
12 42
12 43
12 52
12 76
12 133
13 19
13 105
13 127
13 139
13 159
13 178
14 15
14 17
14 58
14 85
15 16
15 24
15 55
15 91
16 26
16 39
16 68
16 99
17 175
18 85
18 144
18 154
19 23
19 63
19 170
20 32
20 64
20 92
21 25
21 30
21 34
21 59
21 139
21 144
21 168
22 47
22 61
22 84
22 166
23 48
23 78
23 159
24 58
25 66
25 81
25 126
25 162
26 40
26 123
27 126
27 151
27 176
28 171
29 49
29 56
29 57
29 72
29 82
29 95
30 140
30 163
31 62
31 67
31 104
32 41
32 80
33 44
33 90
33 101
33 176
34 101
34 110
34 111
34 140
34 153
35 46
35 51
35 69
35 91
35 96
36 124
36 125
37 70
38 69
38 89
38 96
38 142
38 150
39 70
39 114
39 118
39 164
39 179
40 50
40 56
40 71
40 152
41 77
41 123
41 160
42 150
42 179
43 56
43 76
43 104
43 109
43 121
43 124
44 53
44 99
44 108
44 115
45 87
45 115
45 129
46 109
46 112
46 132
47 60
47 74
47 117
49 94
49 154
50 135
51 82
52 73
52 128
53 65
53 151
54 74
54 106
54 119
55 72
55 75
55 115
55 167
55 172
56 142
56 147
57 147
57 172
58 79
58 89
59 120
59 125
59 153
60 130
61 86
61 105
62 67
62 159
62 173
63 145
64 92
64 177
65 144
65 167
66 83
66 119
66 141
66 175
67 181
68 78
69 78
69 142
70 128
70 146
70 149
71 93
71 149
71 177
72 77
72 135
72 184
73 97
74 91
74 103
74 138
74 158
75 186
76 155
77 121
78 164
78 169
79 122
80 107
80 115
80 117
80 150
81 114
81 121
82 154
83 136
83 152
84 128
84 137
84 141
85 100
85 111
86 118
86 143
87 122
87 148
87 174
88 106
88 146
88 161
89 113
89 186
90 102
90 116
90 131
91 179
92 145
92 162
93 111
93 116
93 181
94 98
95 109
95 158
96 123
96 177
98 118
98 120
99 134
99 155
99 169
100 108
100 133
100 165
100 187
101 152
101 155
102 107
102 152
102 157
102 165
103 183
103 185
104 169
105 116
106 136
106 182
107 179
108 174
110 155
110 160
110 186
112 120
112 127
112 134
112 170
113 161
113 187
116 153
120 170
122 173
122 184
123 142
123 180
124 169
124 175
126 132
126 166
127 157
127 162
127 180
128 161
131 148
135 151
137 156
138 139
140 170
144 171
145 184
149 156
152 166
154 165
156 185
157 164
158 167
164 176
165 186
168 183
170 182
171 178
173 180
175 187
179 187
