180
0 1
0 8
0 14
0 35
0 48
0 81
0 108
0 118
0 167
1 2
1 7
1 13
1 19
1 23
1 36
1 59
1 112
1 135
2 3
2 5
2 9
2 28
2 57
2 83
3 4
3 6
3 11
3 39
3 55
3 165
4 37
4 40
4 42
4 111
4 139
4 155
4 165
4 167
5 9
5 12
5 15
5 42
5 54
5 80
6 10
6 18
6 25
6 33
6 45
6 50
6 58
6 131
7 21
7 51
7 63
7 127
8 28
8 46
8 101
8 163
8 171
9 16
9 122
9 154
9 167
9 176
10 47
10 50
10 103
10 113
10 115
10 133
10 143
10 169
11 17
11 24
11 31
11 69
11 132
12 20
12 25
12 104
12 141
12 161
13 42
13 53
13 78
13 91
13 135
14 18
14 26
14 38
14 90
14 167
15 39
15 90
15 109
16 29
16 38
16 82
16 84
16 87
17 27
17 48
17 56
17 152
18 72
18 79
18 81
18 115
19 22
19 30
19 53
19 80
19 139
20 21
20 34
20 43
20 98
20 101
20 138
21 41
21 65
21 112
21 113
21 141
22 52
22 54
22 74
23 34
23 75
23 84
23 124
23 137
23 148
23 154
24 41
24 47
24 68
24 70
24 80
24 94
24 140
24 144
24 162
24 170
25 37
25 86
25 121
25 134
25 142
25 163
25 170
26 32
26 44
26 45
26 67
26 78
26 79
26 131
26 153
27 52
27 109
27 134
27 136
27 160
27 176
27 179
28 64
28 103
28 119
28 128
28 130
29 40
29 90
29 100
29 109
29 118
29 119
29 126
30 93
30 95
30 114
30 137
31 65
31 68
31 70
31 86
31 124
31 132
31 171
32 53
32 54
32 95
32 102
32 126
32 129
33 110
33 131
34 38
34 55
34 98
34 136
34 145
35 52
35 59
35 104
35 107
36 60
36 73
36 80
36 96
36 101
37 49
37 61
37 98
37 162
38 77
38 130
38 133
39 115
39 128
39 140
39 141
39 160
40 74
40 84
40 97
40 179
41 59
41 91
41 123
41 148
42 49
42 106
42 158
42 163
43 58
43 119
43 121
43 153
43 166
44 99
44 102
44 103
44 126
44 161
45 50
45 53
45 66
45 175
46 61
46 65
46 126
47 63
47 76
47 109
47 118
47 127
47 150
47 168
48 95
48 108
48 144
48 159
49 83
49 140
49 149
49 152
50 99
50 176
51 87
51 92
51 112
51 158
51 167
51 174
52 70
52 92
52 100
53 88
53 107
53 123
53 145
54 110
54 152
55 89
55 110
55 121
55 147
55 163
56 78
56 118
56 130
56 131
56 173
57 61
57 67
57 89
57 104
57 157
58 72
58 101
58 154
59 80
59 114
59 117
59 126
59 144
59 175
60 62
60 65
60 96
60 138
60 154
60 161
60 172
61 70
61 73
61 106
61 107
61 108
61 116
62 69
62 76
62 86
62 87
62 105
62 116
63 83
63 97
63 110
64 65
64 93
64 106
64 150
66 67
66 78
66 129
66 134
66 146
68 117
68 124
69 89
69 100
69 111
69 113
70 71
70 77
70 151
71 105
71 116
71 121
71 125
71 129
71 169
72 120
72 169
73 86
74 88
74 97
74 116
74 146
75 102
75 114
75 158
75 164
76 100
76 115
77 91
77 102
78 85
78 108
79 98
79 156
79 165
79 169
80 122
80 137
81 89
81 124
81 147
82 95
82 145
83 90
84 106
85 88
85 89
85 92
85 114
85 142
85 170
87 112
87 147
87 151
87 155
88 96
88 179
90 113
90 117
90 124
90 135
91 156
91 163
91 165
92 102
92 174
92 175
93 99
93 146
94 120
94 145
94 161
94 174
95 96
95 141
95 142
96 111
96 134
97 137
97 141
97 156
97 162
98 151
98 170
100 137
101 157
102 106
102 134
102 177
103 115
103 120
103 140
104 130
104 172
104 178
105 117
105 143
105 168
106 176
107 116
107 129
107 139
108 125
108 133
108 153
108 155
109 161
109 172
110 127
111 135
111 175
111 179
112 133
112 138
113 130
113 168
113 176
114 166
114 170
114 176
115 144
117 128
117 149
117 156
117 179
118 125
120 123
120 137
120 145
121 158
121 163
122 126
122 165
123 130
123 138
123 151
123 167
124 152
127 164
127 166
129 153
129 171
130 131
131 143
132 146
133 149
134 158
134 173
135 160
136 138
136 142
136 174
138 140
138 157
139 160
139 177
140 156
142 156
142 157
143 162
144 166
146 150
146 159
146 164
148 162
148 173
148 175
149 153
149 178
151 154
153 177
159 166
159 178
160 175
161 170
162 169
166 168
167 173
