188
0 1
0 2
0 3
0 4
0 5
0 6
0 7
0 8
0 11
0 15
0 16
0 18
0 19
0 21
0 22
0 29
0 30
0 31
0 34
0 35
0 38
0 41
0 42
0 43
0 44
0 45
0 47
0 48
0 49
0 51
0 52
0 54
0 55
0 56
0 57
0 58
0 60
0 62
0 63
0 64
0 66
0 67
0 69
0 70
0 71
0 72
0 74
0 75
0 76
0 78
0 80
0 81
0 85
0 87
0 88
0 89
0 93
0 94
0 96
0 99
0 100
0 101
0 104
0 107
0 109
0 110
0 111
0 112
0 113
0 115
0 116
0 117
0 118
0 121
0 122
0 123
0 125
0 126
0 129
0 133
0 134
0 135
0 136
0 137
0 139
0 140
0 141
0 142
0 144
0 148
0 149
0 152
0 153
0 154
0 155
0 156
0 160
0 161
0 162
0 165
0 167
0 168
0 170
0 171
0 172
0 174
0 175
0 181
0 186
1 2
1 4
1 6
1 9
1 10
1 11
1 12
1 13
1 14
1 15
1 16
1 17
1 19
1 24
1 25
1 26
1 27
1 28
1 29
1 30
1 31
1 33
1 35
1 36
1 37
1 38
1 40
1 42
1 43
1 44
1 45
1 49
1 51
1 53
1 56
1 57
1 60
1 61
1 62
1 63
1 64
1 65
1 66
1 68
1 69
1 70
1 71
1 72
1 73
1 75
1 76
1 78
1 80
1 81
1 83
1 84
1 90
1 91
1 92
1 93
1 95
1 96
1 97
1 98
1 100
1 101
1 102
1 106
1 107
1 112
1 114
1 117
1 120
1 121
1 122
1 123
1 130
1 132
1 133
1 137
1 138
1 139
1 142
1 144
1 146
1 148
1 149
1 150
1 152
1 153
1 155
1 156
1 157
1 158
1 163
1 164
1 168
1 169
1 173
1 175
1 176
1 178
1 179
1 180
1 181
1 182
1 183
1 185
1 186
1 187
2 4
2 6
2 7
2 8
2 10
2 11
2 12
2 13
2 14
2 15
2 16
2 18
2 19
2 20
2 21
2 22
2 26
2 27
2 28
2 29
2 31
2 33
2 34
2 37
2 38
2 41
2 42
2 44
2 45
2 46
2 47
2 50
2 52
2 54
2 56
2 58
2 61
2 62
2 64
2 65
2 66
2 67
2 70
2 72
2 73
2 74
2 79
2 80
2 82
2 83
2 85
2 88
2 89
2 91
2 92
2 93
2 95
2 97
2 98
2 102
2 105
2 109
2 110
2 111
2 112
2 113
2 114
2 115
2 118
2 119
2 120
2 125
2 126
2 127
2 128
2 131
2 133
2 134
2 135
2 136
2 137
2 138
2 139
2 140
2 141
2 144
2 145
2 146
2 148
2 149
2 150
2 152
2 155
2 158
2 160
2 161
2 163
2 164
2 165
2 171
2 173
2 174
2 175
2 176
2 177
2 180
2 183
2 185
2 187
3 4
3 5
3 6
3 8
3 9
3 12
3 13
3 15
3 17
3 19
3 21
3 22
3 23
3 24
3 25
3 26
3 28
3 30
3 31
3 32
3 33
3 34
3 35
3 36
3 39
3 41
3 42
3 46
3 47
3 48
3 49
3 50
3 51
3 52
3 55
3 57
3 58
3 59
3 61
3 62
3 63
3 66
3 67
3 70
3 76
3 80
3 81
3 82
3 85
3 86
3 88
3 89
3 91
3 92
3 94
3 96
3 98
3 100
3 104
3 105
3 106
3 109
3 111
3 112
3 113
3 114
3 116
3 121
3 122
3 124
3 125
3 127
3 128
3 129
3 133
3 135
3 137
3 138
3 140
3 143
3 144
3 146
3 147
3 148
3 150
3 153
3 157
3 158
3 160
3 161
3 162
3 163
3 164
3 165
3 166
3 172
3 173
3 174
3 176
3 177
3 179
3 183
3 185
3 186
4 5
4 6
4 8
4 10
4 12
4 15
4 16
4 18
4 19
4 21
4 22
4 23
4 24
4 25
4 26
4 27
4 28
4 29
4 30
4 31
4 33
4 34
4 36
4 37
4 38
4 39
4 40
4 41
4 46
4 48
4 50
4 55
4 59
4 60
4 63
4 64
4 68
4 70
4 71
4 72
4 74
4 75
4 76
4 77
4 79
4 80
4 82
4 83
4 85
4 87
4 88
4 89
4 90
4 94
4 95
4 96
4 98
4 99
4 100
4 101
4 103
4 105
4 107
4 108
4 109
4 110
4 117
4 121
4 122
4 123
4 126
4 127
4 128
4 129
4 131
4 137
4 140
4 141
4 143
4 144
4 145
4 147
4 149
4 151
4 153
4 154
4 155
4 160
4 161
4 162
4 165
4 168
4 171
4 172
4 175
4 176
4 179
4 181
4 183
4 185
4 186
4 187
5 6
5 7
5 8
5 12
5 14
5 15
5 16
5 17
5 19
5 20
5 21
5 22
5 23
5 26
5 29
5 30
5 31
5 32
5 34
5 36
5 37
5 38
5 40
5 41
5 42
5 43
5 44
5 46
5 48
5 49
5 50
5 51
5 52
5 53
5 54
5 55
5 56
5 57
5 58
5 59
5 60
5 63
5 64
5 65
5 66
5 67
5 69
5 71
5 72
5 77
5 78
5 79
5 81
5 83
5 84
5 85
5 92
5 93
5 94
5 96
5 97
5 98
5 99
5 101
5 105
5 106
5 108
5 110
5 112
5 113
5 114
5 118
5 119
5 120
5 121
5 123
5 125
5 127
5 129
5 134
5 137
5 138
5 142
5 143
5 145
5 146
5 148
5 149
5 151
5 152
5 155
5 156
5 157
5 160
5 162
5 163
5 165
5 167
5 169
5 171
5 173
5 174
5 175
5 176
5 179
5 182
5 184
5 185
5 186
5 187
6 7
6 8
6 9
6 10
6 12
6 13
6 16
6 17
6 18
6 19
6 21
6 22
6 23
6 24
6 25
6 26
6 27
6 28
6 32
6 33
6 34
6 35
6 36
6 37
6 38
6 41
6 43
6 45
6 46
6 48
6 49
6 50
6 52
6 53
6 54
6 58
6 59
6 60
6 61
6 63
6 65
6 66
6 68
6 69
6 70
6 71
6 72
6 73
6 75
6 78
6 79
6 83
6 85
6 86
6 88
6 90
6 93
6 98
6 99
6 101
6 104
6 105
6 109
6 110
6 111
6 112
6 114
6 115
6 116
6 117
6 119
6 120
6 122
6 123
6 125
6 126
6 129
6 130
6 131
6 133
6 134
6 135
6 137
6 138
6 139
6 142
6 144
6 147
6 151
6 154
6 157
6 159
6 162
6 163
6 164
6 165
6 167
6 169
6 170
6 171
6 173
6 177
6 179
6 182
6 183
7 8
7 9
7 11
7 14
7 15
7 16
7 18
7 19
7 20
7 21
7 23
7 24
7 25
7 29
7 30
7 31
7 33
7 35
7 36
7 37
7 40
7 41
7 42
7 48
7 50
7 51
7 52
7 53
7 54
7 55
7 58
7 59
7 60
7 61
7 62
7 63
7 64
7 65
7 67
7 68
7 72
7 73
7 74
7 75
7 77
7 78
7 82
7 83
7 84
7 85
7 86
7 88
7 91
7 93
7 96
7 98
7 99
7 106
7 108
7 110
7 111
7 113
7 114
7 116
7 118
7 121
7 122
7 125
7 127
7 128
7 130
7 131
7 132
7 137
7 138
7 139
7 140
7 143
7 144
7 145
7 147
7 149
7 151
7 152
7 154
7 158
7 159
7 163
7 165
7 166
7 167
7 172
7 173
7 174
7 175
7 176
7 178
7 179
7 180
7 181
7 182
7 185
7 186
7 187
8 9
8 11
8 12
8 13
8 14
8 16
8 17
8 18
8 19
8 20
8 21
8 22
8 23
8 24
8 26
8 27
8 28
8 29
8 31
8 32
8 33
8 34
8 35
8 36
8 37
8 39
8 40
8 41
8 42
8 43
8 44
8 45
8 47
8 48
8 53
8 56
8 57
8 59
8 60
8 62
8 64
8 65
8 68
8 70
8 73
8 74
8 80
8 84
8 85
8 86
8 87
8 88
8 90
8 91
8 93
8 94
8 95
8 100
8 101
8 103
8 104
8 108
8 110
8 111
8 112
8 113
8 116
8 118
8 121
8 122
8 124
8 125
8 127
8 128
8 129
8 131
8 132
8 134
8 135
8 138
8 140
8 141
8 143
8 144
8 146
8 148
8 149
8 152
8 155
8 157
8 158
8 159
8 162
8 164
8 168
8 173
8 174
8 177
8 179
8 180
8 181
8 183
8 184
8 186
8 187
9 10
9 12
9 14
9 15
9 17
9 20
9 21
9 25
9 26
9 27
9 28
9 29
9 32
9 33
9 35
9 36
9 37
9 38
9 39
9 43
9 44
9 48
9 49
9 50
9 51
9 53
9 54
9 55
9 56
9 57
9 60
9 62
9 64
9 65
9 66
9 67
9 68
9 70
9 72
9 73
9 74
9 78
9 80
9 83
9 85
9 89
9 90
9 92
9 94
9 95
9 98
9 100
9 103
9 104
9 107
9 108
9 110
9 113
9 115
9 116
9 118
9 119
9 120
9 121
9 126
9 129
9 133
9 135
9 136
9 139
9 142
9 143
9 149
9 152
9 154
9 156
9 157
9 158
9 159
9 160
9 161
9 165
9 166
9 167
9 168
9 171
9 174
9 175
9 176
9 178
9 179
9 180
9 182
9 183
9 184
9 186
9 187
10 11
10 13
10 14
10 15
10 16
10 18
10 21
10 23
10 25
10 27
10 28
10 29
10 30
10 32
10 33
10 34
10 35
10 38
10 41
10 42
10 43
10 44
10 45
10 47
10 48
10 49
10 51
10 52
10 53
10 54
10 55
10 56
10 57
10 58
10 60
10 61
10 62
10 65
10 71
10 72
10 73
10 76
10 78
10 80
10 81
10 82
10 83
10 85
10 86
10 87
10 88
10 91
10 92
10 93
10 96
10 98
10 99
10 100
10 102
10 103
10 104
10 105
10 106
10 109
10 115
10 116
10 118
10 119
10 120
10 123
10 124
10 125
10 126
10 127
10 128
10 129
10 130
10 131
10 134
10 135
10 138
10 139
10 144
10 145
10 146
10 148
10 149
10 150
10 151
10 153
10 154
10 155
10 157
10 158
10 161
10 163
10 165
10 166
10 168
10 169
10 170
10 171
10 174
10 177
10 179
10 181
10 182
10 183
10 184
10 186
11 12
11 13
11 14
11 16
11 17
11 18
11 19
11 21
11 23
11 25
11 26
11 27
11 29
11 31
11 32
11 33
11 34
11 35
11 36
11 37
11 38
11 40
11 41
11 42
11 43
11 44
11 48
11 49
11 51
11 52
11 53
11 54
11 55
11 56
11 58
11 60
11 62
11 64
11 68
11 69
11 70
11 71
11 72
11 77
11 78
11 82
11 83
11 84
11 85
11 87
11 92
11 93
11 95
11 96
11 97
11 102
11 106
11 108
11 109
11 110
11 111
11 113
11 114
11 115
11 116
11 117
11 118
11 120
11 121
11 122
11 124
11 125
11 127
11 129
11 133
11 134
11 135
11 136
11 137
11 138
11 142
11 143
11 145
11 146
11 147
11 148
11 149
11 150
11 151
11 153
11 154
11 155
11 157
11 159
11 160
11 161
11 162
11 163
11 164
11 167
11 168
11 169
11 170
11 172
11 179
11 180
11 184
11 185
11 187
12 14
12 15
12 17
12 18
12 19
12 22
12 23
12 24
12 25
12 26
12 27
12 30
12 31
12 33
12 34
12 35
12 37
12 38
12 39
12 40
12 41
12 42
12 43
12 44
12 45
12 47
12 51
12 52
12 56
12 58
12 59
12 61
12 62
12 63
12 64
12 67
12 68
12 69
12 71
12 72
12 73
12 74
12 75
12 76
12 78
12 81
12 82
12 83
12 85
12 88
12 90
12 92
12 93
12 98
12 101
12 102
12 103
12 104
12 105
12 106
12 107
12 108
12 111
12 112
12 115
12 116
12 121
12 124
12 125
12 126
12 127
12 129
12 130
12 133
12 135
12 136
12 140
12 144
12 146
12 147
12 148
12 149
12 151
12 154
12 155
12 157
12 162
12 167
12 168
12 169
12 171
12 172
12 175
12 177
12 179
12 181
12 182
12 183
12 185
12 187
13 14
13 15
13 16
13 17
13 19
13 22
13 26
13 27
13 28
13 30
13 32
13 39
13 42
13 43
13 44
13 47
13 49
13 51
13 52
13 53
13 54
13 55
13 56
13 59
13 62
13 63
13 65
13 69
13 70
13 71
13 72
13 74
13 75
13 76
13 77
13 79
13 80
13 81
13 82
13 86
13 87
13 89
13 90
13 91
13 92
13 93
13 94
13 95
13 97
13 99
13 101
13 102
13 103
13 106
13 107
13 108
13 109
13 110
13 111
13 112
13 113
13 117
13 121
13 122
13 124
13 129
13 130
13 132
13 133
13 136
13 137
13 141
13 147
13 149
13 150
13 151
13 154
13 157
13 158
13 159
13 162
13 163
13 165
13 166
13 167
13 168
13 169
13 172
13 173
13 174
13 176
13 178
13 179
13 180
13 185
13 187
14 17
14 18
14 19
14 20
14 21
14 24
14 25
14 26
14 30
14 31
14 32
14 33
14 34
14 35
14 36
14 39
14 42
14 45
14 46
14 49
14 50
14 51
14 52
14 54
14 55
14 56
14 59
14 60
14 61
14 62
14 69
14 70
14 72
14 73
14 74
14 75
14 77
14 79
14 80
14 81
14 82
14 83
14 85
14 86
14 93
14 94
14 96
14 98
14 100
14 102
14 103
14 108
14 109
14 111
14 113
14 114
14 115
14 116
14 117
14 119
14 122
14 123
14 124
14 126
14 127
14 129
14 134
14 136
14 138
14 139
14 140
14 142
14 143
14 148
14 151
14 152
14 153
14 154
14 156
14 161
14 165
14 167
14 168
14 169
14 170
14 173
14 174
14 176
14 177
14 178
14 182
14 185
15 16
15 20
15 22
15 23
15 24
15 25
15 26
15 28
15 29
15 31
15 32
15 36
15 38
15 39
15 40
15 41
15 43
15 47
15 48
15 50
15 53
15 54
15 60
15 61
15 62
15 63
15 66
15 67
15 68
15 69
15 70
15 72
15 73
15 75
15 81
15 82
15 83
15 84
15 86
15 87
15 91
15 94
15 95
15 97
15 99
15 101
15 102
15 103
15 105
15 108
15 109
15 110
15 111
15 114
15 116
15 121
15 122
15 125
15 128
15 130
15 131
15 136
15 137
15 141
15 144
15 145
15 147
15 148
15 150
15 151
15 153
15 154
15 155
15 160
15 161
15 165
15 166
15 170
15 171
15 172
15 173
15 175
15 176
15 177
15 178
15 179
15 180
15 181
15 182
15 187
16 18
16 23
16 24
16 26
16 28
16 29
16 31
16 33
16 34
16 35
16 36
16 38
16 40
16 42
16 43
16 45
16 46
16 47
16 49
16 52
16 53
16 55
16 56
16 59
16 63
16 64
16 65
16 67
16 68
16 69
16 70
16 72
16 74
16 77
16 78
16 79
16 82
16 85
16 86
16 87
16 88
16 92
16 96
16 99
16 100
16 101
16 102
16 103
16 104
16 105
16 106
16 108
16 109
16 111
16 112
16 115
16 116
16 117
16 121
16 123
16 125
16 126
16 127
16 128
16 129
16 130
16 132
16 135
16 136
16 139
16 141
16 142
16 143
16 145
16 146
16 147
16 150
16 152
16 153
16 154
16 156
16 158
16 159
16 162
16 165
16 166
16 167
16 168
16 171
16 172
16 179
16 180
16 181
16 182
16 185
16 186
17 19
17 20
17 21
17 22
17 24
17 27
17 28
17 29
17 31
17 32
17 33
17 38
17 39
17 40
17 42
17 45
17 47
17 50
17 51
17 55
17 56
17 57
17 61
17 62
17 64
17 66
17 69
17 70
17 71
17 74
17 75
17 77
17 78
17 79
17 80
17 81
17 82
17 84
17 86
17 91
17 93
17 94
17 95
17 102
17 103
17 104
17 105
17 106
17 107
17 108
17 110
17 112
17 113
17 116
17 119
17 120
17 121
17 124
17 126
17 128
17 130
17 131
17 132
17 133
17 134
17 135
17 136
17 137
17 140
17 142
17 143
17 144
17 145
17 147
17 149
17 154
17 155
17 156
17 158
17 159
17 162
17 163
17 164
17 166
17 167
17 168
17 169
17 170
17 171
17 173
17 175
17 176
17 177
17 180
17 181
17 184
17 185
18 19
18 20
18 22
18 25
18 26
18 28
18 29
18 30
18 32
18 33
18 35
18 36
18 38
18 41
18 43
18 45
18 47
18 48
18 50
18 51
18 52
18 54
18 57
18 59
18 61
18 62
18 65
18 67
18 68
18 71
18 72
18 73
18 74
18 79
18 80
18 81
18 82
18 83
18 84
18 85
18 87
18 88
18 89
18 90
18 92
18 93
18 96
18 97
18 98
18 99
18 101
18 103
18 104
18 106
18 107
18 109
18 112
18 113
18 115
18 116
18 120
18 123
18 128
18 129
18 130
18 131
18 132
18 133
18 134
18 136
18 139
18 140
18 142
18 145
18 148
18 150
18 153
18 154
18 155
18 156
18 157
18 158
18 159
18 163
18 164
18 171
18 175
18 179
18 181
18 182
18 184
18 185
19 20
19 21
19 22
19 24
19 25
19 27
19 28
19 30
19 33
19 34
19 35
19 38
19 39
19 40
19 42
19 43
19 49
19 51
19 53
19 55
19 56
19 57
19 58
19 59
19 63
19 65
19 69
19 70
19 71
19 72
19 74
19 76
19 77
19 78
19 79
19 82
19 83
19 86
19 91
19 94
19 95
19 96
19 97
19 98
19 99
19 101
19 102
19 104
19 105
19 106
19 108
19 110
19 114
19 117
19 119
19 120
19 122
19 123
19 124
19 126
19 128
19 129
19 131
19 132
19 133
19 138
19 139
19 141
19 143
19 144
19 147
19 148
19 151
19 153
19 154
19 157
19 158
19 159
19 161
19 163
19 167
19 169
19 170
19 173
19 174
19 175
19 177
19 179
19 180
19 182
19 183
19 184
20 21
20 24
20 25
20 26
20 29
20 30
20 31
20 32
20 33
20 34
20 35
20 36
20 37
20 39
20 40
20 41
20 44
20 47
20 48
20 50
20 51
20 54
20 55
20 56
20 57
20 58
20 59
20 60
20 61
20 62
20 63
20 68
20 70
20 71
20 74
20 76
20 77
20 81
20 85
20 86
20 87
20 89
20 90
20 92
20 93
20 94
20 96
20 97
20 99
20 101
20 102
20 104
20 105
20 107
20 108
20 109
20 111
20 112
20 113
20 115
20 116
20 117
20 118
20 119
20 122
20 127
20 128
20 129
20 130
20 131
20 132
20 133
20 134
20 135
20 137
20 138
20 140
20 141
20 142
20 145
20 146
20 147
20 148
20 152
20 157
20 159
20 164
20 166
20 168
20 169
20 170
20 172
20 175
20 177
20 179
20 180
20 181
20 182
20 183
20 184
20 186
21 22
21 25
21 26
21 27
21 29
21 30
21 32
21 33
21 34
21 36
21 37
21 40
21 44
21 45
21 47
21 48
21 51
21 52
21 53
21 54
21 59
21 61
21 62
21 63
21 64
21 66
21 70
21 71
21 73
21 75
21 76
21 77
21 78
21 79
21 81
21 82
21 83
21 85
21 86
21 87
21 89
21 92
21 93
21 94
21 97
21 99
21 100
21 104
21 107
21 108
21 112
21 113
21 115
21 116
21 117
21 118
21 119
21 124
21 126
21 127
21 129
21 135
21 136
21 138
21 141
21 142
21 143
21 145
21 147
21 148
21 151
21 158
21 159
21 161
21 165
21 167
21 168
21 169
21 170
21 171
21 173
21 175
21 176
21 178
21 179
21 181
21 182
21 184
21 185
21 186
21 187
22 23
22 24
22 27
22 28
22 29
22 30
22 31
22 32
22 33
22 38
22 39
22 40
22 44
22 45
22 46
22 48
22 49
22 50
22 52
22 53
22 55
22 58
22 59
22 60
22 63
22 65
22 66
22 67
22 68
22 69
22 71
22 72
22 73
22 74
22 75
22 77
22 78
22 79
22 81
22 82
22 83
22 84
22 85
22 88
22 90
22 95
22 96
22 97
22 98
22 103
22 104
22 106
22 108
22 109
22 111
22 112
22 114
22 117
22 118
22 119
22 120
22 121
22 123
22 124
22 128
22 129
22 130
22 134
22 135
22 138
22 139
22 140
22 141
22 144
22 145
22 146
22 147
22 149
22 151
22 153
22 154
22 158
22 161
22 163
22 165
22 168
22 169
22 172
22 174
22 177
22 178
22 180
22 181
22 184
22 185
23 25
23 28
23 30
23 33
23 34
23 35
23 36
23 37
23 38
23 39
23 40
23 41
23 42
23 43
23 44
23 45
23 46
23 48
23 50
23 53
23 55
23 58
23 61
23 62
23 63
23 64
23 65
23 68
23 69
23 70
23 72
23 73
23 74
23 75
23 77
23 79
23 80
23 83
23 84
23 88
23 89
23 90
23 91
23 92
23 94
23 97
23 98
23 100
23 104
23 106
23 107
23 108
23 110
23 112
23 114
23 118
23 120
23 121
23 122
23 125
23 128
23 129
23 133
23 134
23 137
23 142
23 144
23 145
23 148
23 150
23 151
23 152
23 156
23 160
23 161
23 162
23 163
23 165
23 166
23 168
23 169
23 170
23 172
23 173
23 174
23 176
23 177
23 180
23 181
23 182
23 184
24 26
24 27
24 28
24 30
24 31
24 33
24 34
24 36
24 37
24 38
24 42
24 43
24 44
24 45
24 46
24 48
24 50
24 55
24 57
24 58
24 60
24 61
24 62
24 63
24 65
24 66
24 70
24 76
24 77
24 78
24 79
24 80
24 81
24 83
24 84
24 85
24 86
24 89
24 90
24 91
24 95
24 97
24 99
24 100
24 106
24 109
24 112
24 113
24 115
24 116
24 118
24 119
24 121
24 122
24 123
24 124
24 125
24 129
24 133
24 134
24 136
24 141
24 142
24 143
24 145
24 147
24 149
24 150
24 151
24 152
24 154
24 155
24 156
24 158
24 159
24 160
24 161
24 162
24 163
24 164
24 167
24 168
24 172
24 174
24 175
24 177
24 183
24 187
25 27
25 29
25 30
25 31
25 32
25 33
25 34
25 35
25 36
25 40
25 41
25 42
25 43
25 44
25 45
25 46
25 47
25 48
25 49
25 50
25 52
25 54
25 55
25 58
25 59
25 60
25 61
25 62
25 63
25 64
25 65
25 71
25 74
25 75
25 76
25 77
25 79
25 82
25 83
25 84
25 86
25 88
25 89
25 90
25 91
25 92
25 96
25 98
25 99
25 102
25 103
25 107
25 108
25 113
25 114
25 115
25 118
25 119
25 121
25 122
25 124
25 125
25 126
25 131
25 132
25 133
25 134
25 137
25 141
25 142
25 144
25 148
25 149
25 152
25 154
25 156
25 157
25 158
25 159
25 160
25 163
25 164
25 167
25 170
25 171
25 172
25 175
25 177
25 183
25 185
25 186
25 187
26 27
26 28
26 31
26 33
26 34
26 35
26 36
26 37
26 39
26 40
26 44
26 45
26 48
26 49
26 50
26 56
26 57
26 58
26 60
26 61
26 62
26 65
26 66
26 67
26 68
26 69
26 70
26 74
26 75
26 77
26 79
26 81
26 82
26 85
26 87
26 88
26 91
26 93
26 94
26 95
26 97
26 99
26 100
26 101
26 104
26 108
26 111
26 112
26 116
26 117
26 118
26 120
26 122
26 123
26 124
26 126
26 127
26 128
26 129
26 131
26 132
26 133
26 134
26 135
26 137
26 138
26 139
26 140
26 142
26 147
26 149
26 150
26 151
26 153
26 154
26 159
26 166
26 168
26 169
26 170
26 171
26 172
26 177
26 178
26 183
26 185
27 28
27 29
27 32
27 33
27 36
27 38
27 41
27 42
27 44
27 45
27 46
27 47
27 51
27 52
27 53
27 55
27 57
27 59
27 60
27 61
27 62
27 64
27 66
27 67
27 68
27 70
27 72
27 73
27 74
27 76
27 78
27 81
27 82
27 83
27 85
27 86
27 87
27 89
27 90
27 92
27 94
27 96
27 97
27 99
27 100
27 102
27 103
27 104
27 107
27 108
27 109
27 110
27 111
27 112
27 113
27 116
27 118
27 119
27 125
27 127
27 129
27 130
27 132
27 133
27 134
27 135
27 137
27 140
27 142
27 143
27 144
27 148
27 149
27 153
27 154
27 157
27 158
27 159
27 160
27 167
27 168
27 169
27 171
27 176
27 177
27 179
27 180
27 181
27 183
27 185
28 30
28 32
28 33
28 34
28 35
28 36
28 41
28 42
28 43
28 45
28 46
28 47
28 48
28 49
28 50
28 51
28 53
28 55
28 58
28 60
28 61
28 62
28 63
28 66
28 70
28 73
28 74
28 75
28 76
28 77
28 78
28 79
28 81
28 82
28 83
28 84
28 85
28 87
28 89
28 93
28 94
28 95
28 96
28 97
28 98
28 102
28 105
28 106
28 111
28 113
28 114
28 116
28 117
28 118
28 120
28 122
28 124
28 127
28 128
28 129
28 130
28 133
28 134
28 139
28 141
28 142
28 145
28 147
28 150
28 151
28 153
28 156
28 164
28 165
28 167
28 170
28 172
28 177
28 179
28 181
28 182
28 185
28 187
29 30
29 32
29 33
29 36
29 37
29 38
29 42
29 44
29 46
29 47
29 48
29 50
29 51
29 53
29 55
29 56
29 57
29 59
29 60
29 61
29 63
29 65
29 66
29 69
29 70
29 71
29 74
29 81
29 82
29 83
29 84
29 89
29 94
29 96
29 98
29 99
29 100
29 101
29 102
29 105
29 110
29 111
29 112
29 113
29 114
29 117
29 118
29 127
29 128
29 129
29 131
29 132
29 135
29 138
29 145
29 146
29 149
29 153
29 155
29 156
29 158
29 159
29 161
29 162
29 165
29 166
29 167
29 168
29 169
29 174
29 175
29 176
29 178
29 183
29 185
29 186
29 187
30 31
30 33
30 34
30 35
30 36
30 39
30 40
30 42
30 43
30 44
30 45
30 46
30 47
30 48
30 49
30 54
30 56
30 57
30 60
30 61
30 63
30 64
30 65
30 66
30 67
30 68
30 70
30 71
30 73
30 75
30 76
30 77
30 80
30 81
30 82
30 83
30 85
30 88
30 89
30 92
30 94
30 95
30 102
30 104
30 105
30 106
30 107
30 108
30 110
30 111
30 114
30 115
30 116
30 117
30 118
30 120
30 122
30 123
30 124
30 125
30 126
30 127
30 128
30 130
30 132
30 133
30 136
30 138
30 141
30 142
30 143
30 145
30 146
30 149
30 151
30 152
30 156
30 157
30 159
30 160
30 161
30 162
30 167
30 171
30 172
30 173
30 177
30 179
30 180
30 182
31 32
31 35
31 36
31 40
31 41
31 42
31 43
31 45
31 46
31 48
31 49
31 50
31 53
31 56
31 57
31 58
31 59
31 60
31 61
31 63
31 64
31 65
31 66
31 67
31 69
31 70
31 74
31 76
31 77
31 78
31 81
31 82
31 84
31 85
31 88
31 89
31 90
31 91
31 92
31 95
31 96
31 97
31 98
31 99
31 102
31 104
31 109
31 111
31 115
31 117
31 118
31 120
31 123
31 125
31 126
31 127
31 129
31 130
31 131
31 132
31 133
31 139
31 140
31 141
31 142
31 144
31 145
31 146
31 148
31 149
31 150
31 156
31 157
31 159
31 160
31 164
31 165
31 166
31 167
31 170
31 173
31 175
31 177
31 180
31 181
31 182
31 183
31 186
32 33
32 34
32 36
32 37
32 38
32 39
32 41
32 44
32 45
32 46
32 48
32 51
32 52
32 53
32 55
32 57
32 58
32 61
32 62
32 63
32 65
32 67
32 69
32 70
32 72
32 74
32 75
32 76
32 77
32 78
32 81
32 82
32 83
32 84
32 86
32 87
32 88
32 93
32 94
32 95
32 96
32 97
32 98
32 101
32 105
32 107
32 108
32 109
32 110
32 112
32 116
32 117
32 119
32 121
32 122
32 124
32 127
32 128
32 131
32 133
32 135
32 136
32 137
32 141
32 143
32 144
32 146
32 147
32 148
32 149
32 153
32 155
32 156
32 157
32 159
32 161
32 162
32 163
32 165
32 168
32 169
32 171
32 172
32 176
32 177
32 178
32 179
32 180
32 181
32 182
32 183
32 184
33 36
33 37
33 38
33 41
33 43
33 51
33 52
33 54
33 55
33 56
33 59
33 61
33 62
33 63
33 64
33 65
33 66
33 70
33 73
33 75
33 76
33 82
33 85
33 86
33 90
33 91
33 92
33 94
33 95
33 101
33 103
33 106
33 107
33 108
33 110
33 114
33 115
33 116
33 117
33 118
33 119
33 120
33 121
33 122
33 124
33 128
33 130
33 135
33 136
33 137
33 138
33 139
33 140
33 143
33 145
33 149
33 150
33 151
33 153
33 154
33 155
33 156
33 157
33 159
33 160
33 164
33 166
33 169
33 170
33 173
33 174
33 179
33 181
33 183
33 186
33 187
34 35
34 36
34 38
34 42
34 43
34 44
34 45
34 46
34 48
34 49
34 51
34 52
34 54
34 55
34 56
34 58
34 60
34 61
34 64
34 66
34 68
34 70
34 71
34 74
34 77
34 78
34 79
34 80
34 81
34 87
34 88
34 89
34 90
34 91
34 92
34 93
34 99
34 100
34 105
34 106
34 107
34 110
34 111
34 116
34 117
34 118
34 119
34 120
34 122
34 124
34 127
34 128
34 131
34 135
34 136
34 138
34 139
34 142
34 147
34 149
34 155
34 156
34 157
34 160
34 161
34 163
34 165
34 168
34 171
34 174
34 175
34 177
34 179
34 180
34 181
34 185
34 186
34 187
35 37
35 38
35 39
35 43
35 44
35 45
35 49
35 51
35 53
35 54
35 55
35 56
35 58
35 59
35 60
35 61
35 62
35 63
35 65
35 66
35 68
35 70
35 72
35 74
35 78
35 79
35 81
35 83
35 84
35 86
35 88
35 89
35 90
35 92
35 95
35 97
35 98
35 100
35 101
35 103
35 105
35 106
35 107
35 108
35 110
35 111
35 112
35 114
35 118
35 119
35 120
35 122
35 123
35 125
35 126
35 127
35 130
35 131
35 134
35 138
35 142
35 143
35 145
35 146
35 148
35 154
35 156
35 160
35 161
35 163
35 166
35 167
35 168
35 169
35 173
35 175
35 176
35 177
35 178
35 180
35 181
35 187
36 37
36 38
36 39
36 40
36 42
36 44
36 45
36 46
36 47
36 48
36 49
36 52
36 53
36 54
36 55
36 56
36 58
36 60
36 62
36 64
36 66
36 68
36 69
36 72
36 74
36 76
36 79
36 81
36 82
36 83
36 84
36 87
36 88
36 94
36 95
36 96
36 97
36 98
36 99
36 100
36 102
36 103
36 104
36 107
36 108
36 111
36 112
36 113
36 114
36 115
36 117
36 119
36 120
36 121
36 123
36 125
36 128
36 129
36 130
36 131
36 133
36 134
36 135
36 136
36 139
36 140
36 143
36 146
36 148
36 149
36 154
36 156
36 157
36 158
36 160
36 162
36 164
36 170
36 172
36 174
36 175
36 177
36 179
36 181
36 183
36 185
37 38
37 39
37 40
37 41
37 42
37 43
37 45
37 46
37 47
37 48
37 50
37 51
37 52
37 54
37 55
37 58
37 60
37 61
37 63
37 65
37 67
37 69
37 70
37 71
37 72
37 74
37 75
37 76
37 77
37 80
37 81
37 83
37 84
37 86
37 88
37 90
37 92
37 94
37 95
37 97
37 99
37 100
37 101
37 102
37 103
37 105
37 106
37 107
37 108
37 109
37 110
37 111
37 113
37 114
37 115
37 116
37 119
37 121
37 122
37 126
37 127
37 130
37 131
37 132
37 134
37 136
37 137
37 142
37 143
37 144
37 146
37 147
37 149
37 151
37 155
37 157
37 161
37 162
37 163
37 164
37 166
37 169
37 170
37 172
37 174
37 175
37 178
37 179
37 180
37 181
37 186
38 40
38 41
38 42
38 43
38 44
38 45
38 46
38 47
38 49
38 50
38 51
38 52
38 53
38 54
38 55
38 58
38 59
38 60
38 61
38 63
38 64
38 65
38 68
38 69
38 71
38 73
38 76
38 78
38 79
38 80
38 82
38 85
38 86
38 87
38 89
38 90
38 91
38 92
38 93
38 98
38 101
38 102
38 104
38 106
38 108
38 109
38 110
38 111
38 114
38 116
38 117
38 118
38 122
38 123
38 125
38 126
38 127
38 128
38 131
38 133
38 138
38 139
38 140
38 141
38 142
38 143
38 144
38 145
38 146
38 149
38 152
38 154
38 155
38 157
38 158
38 160
38 165
38 166
38 167
38 168
38 169
38 173
38 174
38 178
38 179
38 182
38 183
38 186
38 187
39 41
39 44
39 45
39 47
39 48
39 50
39 51
39 52
39 53
39 54
39 57
39 58
39 62
39 64
39 65
39 66
39 68
39 69
39 70
39 71
39 74
39 76
39 77
39 78
39 80
39 81
39 82
39 84
39 85
39 87
39 91
39 92
39 93
39 105
39 106
39 107
39 113
39 114
39 118
39 119
39 120
39 121
39 122
39 130
39 132
39 133
39 134
39 135
39 136
39 137
39 138
39 142
39 143
39 144
39 145
39 146
39 149
39 150
39 153
39 158
39 159
39 160
39 162
39 163
39 164
39 169
39 170
39 174
39 175
39 177
39 179
39 180
39 183
39 184
39 185
39 187
40 44
40 46
40 47
40 48
40 50
40 52
40 53
40 54
40 55
40 58
40 60
40 63
40 65
40 69
40 73
40 74
40 75
40 76
40 78
40 79
40 82
40 83
40 85
40 87
40 89
40 90
40 91
40 92
40 93
40 94
40 96
40 97
40 101
40 102
40 103
40 104
40 105
40 107
40 111
40 113
40 114
40 115
40 120
40 123
40 124
40 125
40 126
40 127
40 130
40 131
40 132
40 135
40 136
40 138
40 140
40 142
40 151
40 152
40 154
40 157
40 159
40 160
40 164
40 166
40 169
40 171
40 172
40 173
40 174
40 175
40 176
40 179
40 181
40 183
40 185
41 42
41 44
41 45
41 46
41 47
41 49
41 50
41 51
41 52
41 53
41 56
41 57
41 59
41 62
41 64
41 67
41 68
41 69
41 70
41 71
41 72
41 73
41 75
41 76
41 78
41 81
41 82
41 84
41 85
41 86
41 87
41 88
41 89
41 90
41 94
41 97
41 98
41 101
41 103
41 104
41 106
41 109
41 110
41 111
41 126
41 127
41 128
41 131
41 132
41 133
41 134
41 137
41 139
41 141
41 149
41 150
41 151
41 152
41 153
41 155
41 159
41 160
41 161
41 162
41 163
41 164
41 166
41 167
41 170
41 174
41 176
41 177
41 180
41 184
41 185
42 43
42 45
42 46
42 49
42 51
42 52
42 55
42 57
42 58
42 59
42 61
42 68
42 69
42 71
42 73
42 76
42 78
42 81
42 82
42 83
42 84
42 85
42 87
42 88
42 89
42 90
42 92
42 93
42 94
42 95
42 96
42 97
42 98
42 99
42 103
42 105
42 107
42 108
42 109
42 113
42 114
42 115
42 116
42 117
42 118
42 120
42 126
42 127
42 128
42 129
42 133
42 134
42 135
42 137
42 138
42 140
42 142
42 143
42 150
42 151
42 152
42 154
42 162
42 165
42 166
42 169
42 170
42 171
42 174
42 176
42 178
42 180
42 182
42 183
42 185
42 186
42 187
43 45
43 48
43 49
43 50
43 54
43 55
43 56
43 57
43 59
43 60
43 63
43 65
43 66
43 67
43 68
43 72
43 73
43 75
43 77
43 81
43 84
43 86
43 87
43 88
43 90
43 92
43 94
43 102
43 103
43 104
43 105
43 106
43 108
43 109
43 112
43 113
43 114
43 115
43 116
43 117
43 118
43 119
43 120
43 121
43 122
43 123
43 124
43 125
43 126
43 129
43 130
43 131
43 133
43 134
43 136
43 137
43 139
43 140
43 143
43 147
43 151
43 156
43 157
43 163
43 164
43 165
43 168
43 173
43 174
43 177
43 181
43 185
43 187
44 46
44 50
44 52
44 54
44 55
44 57
44 58
44 64
44 65
44 66
44 67
44 69
44 70
44 71
44 72
44 73
44 74
44 75
44 78
44 79
44 83
44 86
44 87
44 90
44 92
44 94
44 95
44 96
44 98
44 99
44 102
44 103
44 104
44 105
44 106
44 107
44 110
44 111
44 112
44 113
44 114
44 118
44 120
44 121
44 124
44 125
44 128
44 130
44 131
44 132
44 133
44 134
44 135
44 136
44 137
44 139
44 142
44 143
44 144
44 145
44 146
44 147
44 148
44 151
44 153
44 158
44 159
44 161
44 162
44 163
44 170
44 171
44 172
44 180
44 183
44 184
44 186
45 46
45 47
45 48
45 49
45 50
45 52
45 57
45 58
45 59
45 62
45 65
45 66
45 67
45 68
45 69
45 70
45 74
45 75
45 77
45 78
45 80
45 81
45 82
45 84
45 85
45 87
45 89
45 93
45 105
45 108
45 110
45 111
45 114
45 115
45 117
45 118
45 121
45 123
45 124
45 125
45 127
45 128
45 131
45 132
45 133
45 134
45 135
45 137
45 138
45 141
45 142
45 143
45 144
45 145
45 150
45 151
45 152
45 154
45 159
45 162
45 167
45 168
45 169
45 171
45 174
45 176
45 177
45 178
45 180
45 181
45 182
45 183
45 186
46 47
46 50
46 51
46 52
46 53
46 54
46 55
46 57
46 58
46 62
46 63
46 64
46 66
46 67
46 68
46 70
46 72
46 74
46 76
46 78
46 79
46 80
46 81
46 82
46 83
46 84
46 87
46 88
46 89
46 90
46 91
46 92
46 94
46 96
46 99
46 101
46 103
46 108
46 110
46 113
46 118
46 122
46 126
46 132
46 133
46 134
46 136
46 141
46 142
46 143
46 145
46 146
46 149
46 151
46 152
46 155
46 156
46 159
46 160
46 161
46 162
46 164
46 165
46 167
46 174
46 177
46 178
46 183
46 185
46 186
46 187
47 48
47 50
47 51
47 54
47 57
47 59
47 60
47 61
47 62
47 65
47 67
47 68
47 69
47 70
47 71
47 72
47 73
47 77
47 80
47 81
47 82
47 83
47 86
47 87
47 88
47 90
47 92
47 95
47 96
47 98
47 99
47 101
47 103
47 105
47 107
47 109
47 110
47 111
47 112
47 117
47 118
47 119
47 122
47 123
47 126
47 128
47 129
47 130
47 131
47 132
47 133
47 134
47 135
47 137
47 139
47 140
47 141
47 142
47 147
47 149
47 152
47 154
47 155
47 157
47 160
47 161
47 162
47 167
47 172
47 174
47 175
47 178
47 179
47 181
47 182
48 51
48 52
48 54
48 55
48 57
48 60
48 61
48 63
48 67
48 68
48 69
48 71
48 73
48 75
48 82
48 83
48 84
48 85
48 87
48 89
48 90
48 91
48 95
48 96
48 100
48 103
48 104
48 105
48 106
48 108
48 109
48 113
48 119
48 124
48 125
48 126
48 127
48 128
48 129
48 131
48 135
48 136
48 137
48 138
48 140
48 141
48 142
48 144
48 145
48 146
48 147
48 149
48 151
48 152
48 153
48 156
48 158
48 159
48 160
48 161
48 167
48 168
48 169
48 171
48 173
48 175
48 179
48 180
48 184
48 186
49 50
49 51
49 52
49 53
49 55
49 56
49 57
49 60
49 61
49 62
49 63
49 65
49 66
49 67
49 68
49 69
49 77
49 79
49 80
49 82
49 83
49 84
49 85
49 86
49 88
49 89
49 90
49 91
49 93
49 94
49 95
49 97
49 98
49 99
49 100
49 101
49 103
49 104
49 113
49 114
49 115
49 117
49 118
49 119
49 121
49 126
49 130
49 131
49 134
49 135
49 136
49 139
49 140
49 141
49 143
49 146
49 149
49 150
49 152
49 155
49 156
49 157
49 161
49 164
49 165
49 166
49 168
49 171
49 172
49 173
49 176
49 182
49 183
50 52
50 56
50 57
50 58
50 59
50 61
50 63
50 65
50 66
50 67
50 68
50 69
50 72
50 73
50 74
50 75
50 76
50 78
50 79
50 80
50 81
50 82
50 85
50 88
50 89
50 91
50 93
50 95
50 97
50 98
50 99
50 101
50 103
50 108
50 113
50 114
50 115
50 117
50 118
50 119
50 121
50 124
50 125
50 126
50 128
50 129
50 130
50 131
50 132
50 133
50 139
50 141
50 142
50 144
50 145
50 149
50 151
50 152
50 154
50 155
50 156
50 161
50 162
50 164
50 170
50 174
50 177
50 178
50 179
50 180
50 182
50 184
51 59
51 60
51 61
51 62
51 63
51 65
51 69
51 70
51 73
51 74
51 76
51 80
51 81
51 82
51 83
51 84
51 85
51 91
51 92
51 97
51 100
51 101
51 102
51 104
51 105
51 107
51 108
51 109
51 110
51 112
51 113
51 115
51 117
51 118
51 119
51 120
51 121
51 122
51 125
51 126
51 127
51 132
51 134
51 135
51 136
51 137
51 139
51 140
51 145
51 146
51 149
51 152
51 153
51 154
51 163
51 164
51 165
51 167
51 173
51 176
51 178
51 179
51 181
51 183
51 185
52 53
52 54
52 55
52 56
52 57
52 59
52 60
52 61
52 63
52 66
52 68
52 70
52 71
52 72
52 73
52 74
52 75
52 76
52 77
52 79
52 81
52 82
52 83
52 85
52 88
52 90
52 91
52 92
52 94
52 95
52 98
52 99
52 100
52 103
52 106
52 113
52 115
52 118
52 122
52 123
52 124
52 126
52 131
52 132
52 135
52 140
52 141
52 145
52 151
52 152
52 155
52 157
52 158
52 159
52 162
52 167
52 168
52 171
52 173
52 175
52 176
52 178
52 180
52 181
52 182
52 185
53 54
53 58
53 60
53 61
53 62
53 67
53 69
53 71
53 72
53 73
53 75
53 77
53 78
53 79
53 80
53 81
53 82
53 83
53 87
53 90
53 91
53 93
53 94
53 95
53 96
53 98
53 99
53 100
53 102
53 103
53 107
53 108
53 112
53 113
53 114
53 116
53 118
53 119
53 122
53 125
53 128
53 129
53 130
53 131
53 134
53 135
53 137
53 138
53 139
53 142
53 144
53 146
53 147
53 148
53 150
53 154
53 155
53 160
53 162
53 163
53 171
53 173
53 174
53 175
53 177
53 180
53 183
53 184
53 185
54 56
54 57
54 60
54 62
54 65
54 66
54 69
54 70
54 71
54 72
54 73
54 74
54 76
54 80
54 81
54 82
54 84
54 88
54 92
54 93
54 95
54 97
54 98
54 101
54 102
54 103
54 104
54 106
54 109
54 115
54 117
54 118
54 120
54 121
54 122
54 123
54 124
54 127
54 129
54 135
54 136
54 139
54 140
54 142
54 144
54 146
54 150
54 151
54 152
54 153
54 155
54 156
54 157
54 160
54 162
54 166
54 167
54 168
54 169
54 173
54 174
54 176
54 177
54 180
54 181
54 182
54 184
54 186
54 187
55 58
55 60
55 61
55 62
55 63
55 64
55 66
55 69
55 70
55 73
55 76
55 77
55 81
55 82
55 84
55 87
55 88
55 91
55 93
55 94
55 95
55 97
55 98
55 103
55 105
55 106
55 108
55 109
55 113
55 115
55 116
55 118
55 119
55 120
55 123
55 126
55 127
55 131
55 132
55 134
55 138
55 139
55 140
55 143
55 146
55 147
55 148
55 150
55 151
55 153
55 154
55 155
55 156
55 158
55 160
55 164
55 167
55 169
55 171
55 174
55 175
55 177
55 183
55 184
55 186
55 187
56 57
56 59
56 60
56 61
56 62
56 65
56 67
56 71
56 72
56 76
56 77
56 78
56 81
56 82
56 83
56 84
56 85
56 86
56 88
56 89
56 90
56 91
56 92
56 93
56 96
56 97
56 100
56 102
56 104
56 105
56 107
56 111
56 112
56 115
56 116
56 129
56 131
56 134
56 135
56 136
56 137
56 140
56 142
56 143
56 146
56 147
56 148
56 149
56 151
56 153
56 154
56 155
56 156
56 158
56 160
56 161
56 162
56 163
56 164
56 165
56 166
56 172
56 173
56 174
56 175
56 179
56 183
56 184
57 58
57 60
57 63
57 64
57 65
57 66
57 69
57 70
57 71
57 72
57 74
57 75
57 76
57 77
57 80
57 84
57 85
57 87
57 88
57 89
57 90
57 92
57 94
57 98
57 100
57 101
57 102
57 107
57 109
57 111
57 113
57 115
57 117
57 118
57 119
57 120
57 122
57 123
57 125
57 129
57 130
57 131
57 132
57 133
57 134
57 136
57 137
57 140
57 142
57 143
57 147
57 149
57 152
57 155
57 156
57 158
57 159
57 168
57 172
57 175
57 176
57 177
57 179
57 181
57 182
57 183
57 185
57 186
58 59
58 60
58 64
58 65
58 71
58 73
58 75
58 76
58 77
58 78
58 80
58 81
58 87
58 89
58 90
58 91
58 92
58 93
58 98
58 99
58 101
58 103
58 104
58 105
58 106
58 107
58 110
58 111
58 112
58 114
58 117
58 121
58 124
58 125
58 127
58 128
58 132
58 133
58 140
58 141
58 143
58 144
58 145
58 147
58 148
58 150
58 152
58 153
58 162
58 165
58 166
58 168
58 169
58 170
58 171
58 176
58 178
58 182
58 183
58 186
59 61
59 63
59 67
59 68
59 70
59 74
59 75
59 79
59 81
59 83
59 84
59 87
59 88
59 89
59 92
59 95
59 96
59 97
59 98
59 102
59 103
59 104
59 105
59 106
59 107
59 108
59 110
59 111
59 112
59 115
59 117
59 120
59 123
59 124
59 125
59 128
59 132
59 134
59 135
59 138
59 141
59 148
59 149
59 150
59 151
59 154
59 156
59 157
59 158
59 165
59 166
59 167
59 169
59 171
59 173
59 176
59 177
59 179
59 181
59 187
60 61
60 66
60 68
60 70
60 73
60 77
60 78
60 80
60 81
60 82
60 84
60 86
60 88
60 92
60 93
60 96
60 97
60 98
60 99
60 100
60 101
60 102
60 103
60 104
60 105
60 107
60 108
60 109
60 110
60 118
60 119
60 121
60 124
60 126
60 128
60 130
60 135
60 137
60 139
60 140
60 141
60 144
60 147
60 148
60 151
60 158
60 159
60 160
60 162
60 163
60 164
60 166
60 167
60 170
60 173
60 174
60 175
60 176
60 180
60 183
60 184
60 186
61 63
61 64
61 65
61 68
61 70
61 73
61 74
61 75
61 76
61 77
61 78
61 83
61 85
61 86
61 88
61 89
61 90
61 91
61 93
61 95
61 96
61 98
61 99
61 101
61 102
61 103
61 105
61 107
61 109
61 110
61 113
61 115
61 120
61 122
61 123
61 124
61 125
61 126
61 128
61 131
61 132
61 134
61 139
61 142
61 145
61 148
61 150
61 151
61 152
61 153
61 156
61 157
61 160
61 161
61 165
61 170
61 179
61 182
61 183
61 187
62 64
62 65
62 66
62 67
62 70
62 71
62 72
62 74
62 75
62 76
62 77
62 79
62 81
62 82
62 83
62 84
62 85
62 88
62 89
62 90
62 92
62 93
62 94
62 96
62 99
62 100
62 102
62 106
62 107
62 109
62 111
62 112
62 115
62 116
62 117
62 118
62 120
62 122
62 123
62 125
62 126
62 130
62 131
62 134
62 138
62 140
62 141
62 142
62 145
62 146
62 148
62 149
62 151
62 152
62 153
62 157
62 158
62 159
62 164
62 165
62 172
62 173
62 176
62 178
62 182
62 184
62 187
63 65
63 66
63 67
63 69
63 76
63 77
63 78
63 79
63 82
63 85
63 88
63 89
63 93
63 94
63 95
63 96
63 97
63 98
63 100
63 102
63 103
63 106
63 108
63 110
63 111
63 113
63 115
63 116
63 118
63 120
63 122
63 125
63 126
63 127
63 131
63 133
63 134
63 136
63 137
63 139
63 140
63 141
63 143
63 144
63 145
63 148
63 152
63 158
63 165
63 168
63 176
63 178
63 179
63 180
63 181
63 182
63 183
63 184
63 186
64 66
64 67
64 70
64 71
64 72
64 73
64 74
64 75
64 78
64 79
64 82
64 85
64 87
64 88
64 89
64 90
64 91
64 96
64 97
64 99
64 100
64 101
64 102
64 103
64 104
64 106
64 108
64 109
64 110
64 119
64 121
64 122
64 124
64 125
64 128
64 130
64 131
64 132
64 133
64 137
64 139
64 140
64 142
64 144
64 145
64 147
64 150
64 151
64 152
64 153
64 156
64 157
64 158
64 159
64 160
64 161
64 163
64 170
64 171
64 172
64 174
64 175
64 176
64 177
64 178
64 179
64 181
64 185
64 186
64 187
65 67
65 70
65 71
65 72
65 73
65 74
65 76
65 77
65 78
65 79
65 80
65 81
65 86
65 91
65 92
65 97
65 99
65 101
65 103
65 104
65 106
65 108
65 109
65 110
65 115
65 117
65 119
65 120
65 121
65 123
65 124
65 126
65 132
65 133
65 135
65 140
65 143
65 146
65 148
65 152
65 153
65 155
65 156
65 161
65 162
65 165
65 166
65 167
65 168
65 170
65 174
65 176
65 178
65 185
65 186
66 67
66 74
66 75
66 76
66 80
66 81
66 89
66 90
66 91
66 92
66 93
66 94
66 100
66 105
66 107
66 109
66 110
66 111
66 112
66 115
66 119
66 123
66 124
66 126
66 127
66 129
66 130
66 132
66 133
66 135
66 137
66 138
66 140
66 142
66 144
66 147
66 148
66 150
66 153
66 156
66 158
66 161
66 162
66 163
66 164
66 169
66 170
66 171
66 173
66 175
66 176
66 179
66 182
66 184
66 185
66 186
67 70
67 71
67 74
67 77
67 80
67 82
67 83
67 85
67 88
67 89
67 90
67 91
67 92
67 95
67 96
67 97
67 99
67 100
67 101
67 103
67 104
67 105
67 106
67 107
67 111
67 114
67 116
67 117
67 118
67 120
67 122
67 124
67 129
67 130
67 132
67 133
67 134
67 137
67 140
67 141
67 145
67 147
67 148
67 150
67 152
67 153
67 155
67 157
67 160
67 161
67 163
67 164
67 166
67 167
67 170
67 171
67 172
67 173
67 174
67 175
67 176
67 178
67 180
67 181
67 186
68 69
68 70
68 72
68 75
68 76
68 77
68 78
68 79
68 80
68 82
68 83
68 84
68 86
68 87
68 88
68 89
68 90
68 93
68 97
68 98
68 100
68 102
68 103
68 105
68 109
68 110
68 111
68 115
68 116
68 117
68 118
68 119
68 121
68 123
68 126
68 128
68 130
68 131
68 132
68 133
68 134
68 136
68 137
68 138
68 139
68 141
68 142
68 144
68 147
68 149
68 152
68 155
68 159
68 160
68 161
68 164
68 165
68 166
68 167
68 169
68 170
68 172
68 174
68 176
68 179
68 180
68 183
68 186
68 187
69 70
69 72
69 75
69 76
69 77
69 78
69 79
69 80
69 82
69 83
69 84
69 85
69 86
69 87
69 92
69 96
69 97
69 99
69 100
69 104
69 105
69 106
69 107
69 112
69 116
69 117
69 118
69 119
69 121
69 124
69 125
69 128
69 129
69 130
69 131
69 139
69 140
69 141
69 142
69 146
69 148
69 149
69 150
69 151
69 152
69 154
69 156
69 157
69 160
69 164
69 166
69 167
69 171
69 173
69 174
69 175
69 178
69 179
69 181
69 182
69 187
70 73
70 74
70 75
70 76
70 78
70 79
70 80
70 81
70 89
70 90
70 91
70 94
70 95
70 99
70 101
70 103
70 104
70 108
70 112
70 113
70 115
70 117
70 121
70 122
70 125
70 126
70 135
70 138
70 140
70 144
70 148
70 150
70 151
70 152
70 153
70 154
70 155
70 160
70 161
70 162
70 163
70 164
70 167
70 168
70 172
70 175
70 176
70 177
70 183
71 72
71 73
71 75
71 76
71 77
71 79
71 80
71 81
71 82
71 83
71 85
71 86
71 87
71 88
71 89
71 90
71 91
71 93
71 97
71 100
71 101
71 102
71 103
71 106
71 107
71 108
71 109
71 111
71 112
71 113
71 114
71 117
71 119
71 121
71 123
71 124
71 125
71 126
71 127
71 133
71 137
71 139
71 140
71 141
71 144
71 146
71 150
71 153
71 155
71 156
71 158
71 161
71 164
71 166
71 170
71 173
71 175
71 176
71 178
71 179
71 182
71 183
71 186
72 73
72 76
72 77
72 78
72 79
72 82
72 84
72 85
72 86
72 89
72 91
72 93
72 95
72 98
72 99
72 100
72 101
72 102
72 103
72 104
72 106
72 109
72 112
72 115
72 116
72 121
72 122
72 123
72 125
72 127
72 130
72 134
72 136
72 138
72 143
72 145
72 148
72 151
72 152
72 154
72 155
72 156
72 157
72 158
72 161
72 162
72 163
72 165
72 168
72 171
72 174
72 176
72 178
72 182
72 183
72 184
73 75
73 76
73 79
73 81
73 83
73 84
73 85
73 90
73 93
73 95
73 101
73 103
73 105
73 107
73 108
73 110
73 112
73 113
73 114
73 120
73 121
73 122
73 124
73 127
73 129
73 130
73 131
73 135
73 137
73 138
73 139
73 141
73 143
73 144
73 145
73 148
73 149
73 152
73 154
73 156
73 161
73 164
73 170
73 171
73 172
73 180
73 181
73 183
73 185
73 186
73 187
74 77
74 78
74 79
74 80
74 81
74 83
74 84
74 87
74 88
74 89
74 93
74 94
74 95
74 98
74 100
74 103
74 105
74 106
74 110
74 112
74 115
74 117
74 119
74 122
74 124
74 125
74 130
74 134
74 135
74 136
74 137
74 138
74 143
74 145
74 146
74 147
74 150
74 151
74 154
74 155
74 157
74 166
74 167
74 168
74 170
74 172
74 173
74 178
74 179
74 185
74 186
74 187
75 76
75 80
75 81
75 82
75 83
75 84
75 85
75 86
75 87
75 88
75 89
75 93
75 95
75 96
75 97
75 98
75 100
75 101
75 102
75 105
75 108
75 109
75 111
75 114
75 115
75 117
75 118
75 121
75 122
75 123
75 124
75 127
75 128
75 129
75 132
75 133
75 134
75 138
75 139
75 140
75 146
75 147
75 151
75 153
75 155
75 156
75 159
75 162
75 163
75 165
75 166
75 168
75 169
75 170
75 172
75 178
75 180
75 181
75 185
75 186
76 80
76 83
76 84
76 85
76 88
76 89
76 90
76 91
76 96
76 97
76 98
76 99
76 100
76 102
76 105
76 110
76 112
76 113
76 114
76 116
76 117
76 118
76 120
76 122
76 123
76 125
76 126
76 129
76 131
76 139
76 147
76 149
76 152
76 153
76 154
76 156
76 162
76 165
76 169
76 170
76 172
76 174
76 176
76 177
76 180
76 182
76 184
76 185
76 187
77 82
77 84
77 85
77 87
77 90
77 93
77 95
77 96
77 100
77 102
77 103
77 105
77 106
77 107
77 109
77 112
77 115
77 117
77 118
77 119
77 124
77 128
77 129
77 130
77 131
77 135
77 136
77 139
77 140
77 142
77 148
77 149
77 153
77 154
77 155
77 156
77 159
77 160
77 162
77 165
77 166
77 168
77 169
77 171
77 172
77 174
77 175
77 178
77 180
77 181
77 182
77 184
77 186
78 79
78 80
78 83
78 84
78 85
78 87
78 91
78 92
78 96
78 98
78 101
78 102
78 107
78 108
78 110
78 113
78 114
78 115
78 116
78 120
78 121
78 122
78 124
78 129
78 130
78 132
78 133
78 135
78 137
78 139
78 142
78 143
78 144
78 145
78 147
78 149
78 150
78 152
78 154
78 155
78 157
78 159
78 160
78 161
78 162
78 164
78 165
78 168
78 169
78 170
78 173
78 176
78 177
78 178
78 179
78 181
78 183
79 80
79 82
79 83
79 84
79 87
79 92
79 99
79 101
79 102
79 103
79 104
79 107
79 109
79 111
79 113
79 114
79 115
79 116
79 119
79 120
79 122
79 124
79 125
79 126
79 129
79 130
79 132
79 135
79 137
79 138
79 139
79 140
79 141
79 143
79 144
79 145
79 150
79 151
79 152
79 154
79 155
79 159
79 160
79 161
79 162
79 167
79 168
79 169
79 170
79 171
79 172
79 173
79 174
79 176
79 177
79 178
79 179
79 180
79 184
79 186
79 187
80 81
80 85
80 86
80 91
80 92
80 93
80 94
80 97
80 98
80 99
80 105
80 108
80 109
80 110
80 112
80 113
80 118
80 119
80 120
80 123
80 124
80 126
80 127
80 128
80 132
80 135
80 136
80 138
80 139
80 143
80 144
80 145
80 147
80 149
80 151
80 153
80 157
80 158
80 159
80 160
80 161
80 165
80 171
80 173
80 174
80 177
80 179
80 180
80 181
80 183
80 184
80 187
81 89
81 91
81 93
81 94
81 96
81 97
81 99
81 102
81 104
81 106
81 110
81 111
81 112
81 117
81 118
81 119
81 120
81 121
81 129
81 130
81 131
81 134
81 138
81 140
81 141
81 144
81 147
81 149
81 153
81 159
81 160
81 166
81 168
81 171
81 174
81 177
81 178
81 181
81 182
81 183
81 185
81 187
82 86
82 87
82 88
82 89
82 90
82 93
82 95
82 97
82 98
82 100
82 101
82 102
82 106
82 107
82 109
82 110
82 113
82 114
82 116
82 117
82 119
82 120
82 121
82 123
82 124
82 126
82 128
82 132
82 136
82 139
82 140
82 145
82 146
82 147
82 148
82 151
82 152
82 155
82 159
82 160
82 162
82 163
82 164
82 167
82 170
82 172
82 176
82 178
82 179
82 180
82 185
83 84
83 85
83 86
83 87
83 90
83 91
83 92
83 96
83 97
83 100
83 103
83 104
83 105
83 106
83 107
83 110
83 111
83 113
83 114
83 115
83 118
83 121
83 125
83 127
83 132
83 141
83 142
83 143
83 144
83 145
83 146
83 150
83 153
83 154
83 155
83 157
83 161
83 163
83 164
83 166
83 169
83 171
83 175
83 179
83 180
83 181
83 185
84 87
84 88
84 89
84 90
84 94
84 95
84 97
84 98
84 99
84 101
84 102
84 109
84 111
84 114
84 115
84 116
84 122
84 124
84 125
84 126
84 127
84 128
84 132
84 134
84 138
84 140
84 144
84 147
84 148
84 149
84 150
84 154
84 156
84 158
84 163
84 166
84 168
84 169
84 170
84 173
84 177
84 180
84 181
84 182
84 186
85 87
85 90
85 91
85 95
85 96
85 97
85 98
85 99
85 101
85 102
85 103
85 104
85 110
85 111
85 113
85 114
85 116
85 117
85 118
85 123
85 124
85 127
85 128
85 133
85 135
85 137
85 138
85 140
85 142
85 143
85 146
85 147
85 151
85 154
85 160
85 168
85 169
85 171
85 174
85 175
85 178
85 184
86 88
86 89
86 90
86 92
86 94
86 96
86 97
86 98
86 100
86 101
86 103
86 105
86 107
86 109
86 111
86 112
86 116
86 117
86 118
86 120
86 121
86 123
86 124
86 128
86 130
86 131
86 132
86 133
86 134
86 136
86 137
86 138
86 141
86 142
86 144
86 148
86 150
86 152
86 155
86 156
86 157
86 158
86 160
86 164
86 165
86 166
86 170
86 173
86 175
86 176
86 177
86 178
86 181
86 182
86 186
87 90
87 91
87 92
87 96
87 98
87 99
87 101
87 102
87 103
87 105
87 106
87 108
87 109
87 110
87 111
87 115
87 116
87 120
87 121
87 123
87 126
87 129
87 131
87 133
87 134
87 136
87 140
87 146
87 147
87 148
87 152
87 154
87 155
87 158
87 159
87 160
87 161
87 163
87 164
87 165
87 166
87 167
87 170
87 172
87 173
87 179
87 180
88 92
88 93
88 94
88 96
88 100
88 101
88 103
88 104
88 105
88 108
88 109
88 110
88 111
88 113
88 116
88 117
88 118
88 120
88 121
88 123
88 124
88 125
88 127
88 129
88 130
88 131
88 132
88 136
88 137
88 138
88 139
88 140
88 143
88 144
88 146
88 147
88 148
88 152
88 154
88 155
88 156
88 158
88 160
88 162
88 166
88 168
88 169
88 173
88 181
88 183
89 90
89 93
89 95
89 96
89 97
89 98
89 100
89 107
89 109
89 112
89 114
89 117
89 120
89 122
89 126
89 127
89 128
89 131
89 132
89 133
89 135
89 137
89 141
89 143
89 144
89 149
89 152
89 155
89 161
89 166
89 169
89 171
89 172
89 175
89 176
89 177
89 182
89 187
90 91
90 93
90 96
90 97
90 100
90 101
90 104
90 105
90 108
90 114
90 117
90 127
90 128
90 133
90 140
90 142
90 143
90 144
90 146
90 149
90 150
90 151
90 159
90 160
90 161
90 168
90 169
90 170
90 171
90 173
90 174
90 175
90 179
90 180
90 182
90 184
90 185
90 186
91 92
91 93
91 95
91 96
91 97
91 98
91 101
91 102
91 103
91 104
91 105
91 108
91 111
91 113
91 115
91 116
91 119
91 121
91 122
91 124
91 126
91 127
91 129
91 130
91 131
91 133
91 135
91 140
91 142
91 145
91 147
91 148
91 150
91 151
91 152
91 153
91 154
91 163
91 164
91 166
91 167
91 175
91 176
91 177
91 179
91 183
91 184
91 185
92 93
92 94
92 95
92 96
92 100
92 109
92 110
92 111
92 113
92 115
92 116
92 117
92 119
92 126
92 127
92 129
92 130
92 132
92 134
92 136
92 138
92 141
92 144
92 145
92 147
92 148
92 151
92 154
92 161
92 162
92 163
92 164
92 165
92 168
92 171
92 172
92 174
92 175
92 178
92 182
92 184
92 185
93 98
93 100
93 104
93 105
93 106
93 111
93 112
93 113
93 114
93 115
93 116
93 123
93 124
93 125
93 127
93 130
93 132
93 134
93 135
93 136
93 138
93 139
93 140
93 150
93 152
93 158
93 160
93 161
93 162
93 166
93 168
93 169
93 172
93 173
93 176
93 178
93 182
93 183
93 184
93 186
93 187
94 95
94 96
94 97
94 98
94 101
94 102
94 103
94 105
94 108
94 110
94 112
94 113
94 114
94 118
94 123
94 124
94 125
94 129
94 130
94 134
94 136
94 138
94 141
94 142
94 143
94 144
94 145
94 150
94 151
94 154
94 156
94 157
94 158
94 161
94 163
94 164
94 165
94 168
94 169
94 170
94 171
94 175
94 180
94 181
94 184
94 185
94 187
95 98
95 99
95 100
95 101
95 105
95 106
95 111
95 116
95 117
95 118
95 119
95 121
95 124
95 128
95 129
95 131
95 133
95 136
95 138
95 139
95 141
95 142
95 143
95 144
95 148
95 149
95 150
95 152
95 153
95 155
95 157
95 159
95 160
95 163
95 165
95 170
95 172
95 178
95 179
95 181
95 185
96 98
96 105
96 106
96 107
96 108
96 109
96 111
96 113
96 115
96 116
96 118
96 123
96 127
96 128
96 129
96 130
96 133
96 137
96 138
96 143
96 144
96 146
96 147
96 148
96 149
96 150
96 152
96 153
96 155
96 157
96 158
96 159
96 161
96 162
96 163
96 165
96 166
96 167
96 170
96 176
96 183
96 185
97 98
97 99
97 100
97 103
97 104
97 106
97 107
97 109
97 110
97 111
97 115
97 116
97 117
97 119
97 120
97 127
97 134
97 135
97 136
97 140
97 141
97 142
97 143
97 144
97 146
97 147
97 148
97 151
97 156
97 157
97 158
97 160
97 174
97 175
97 176
97 177
97 178
97 181
97 184
98 99
98 100
98 102
98 104
98 105
98 106
98 107
98 110
98 113
98 118
98 120
98 122
98 124
98 128
98 130
98 132
98 134
98 135
98 136
98 137
98 145
98 146
98 147
98 152
98 154
98 161
98 163
98 166
98 168
98 169
98 171
98 175
98 180
98 184
98 187
99 105
99 107
99 109
99 110
99 112
99 115
99 116
99 117
99 120
99 121
99 122
99 125
99 126
99 131
99 135
99 136
99 139
99 141
99 143
99 144
99 145
99 146
99 150
99 151
99 153
99 154
99 155
99 157
99 158
99 162
99 164
99 166
99 168
99 169
99 171
99 176
99 180
99 181
99 185
99 187
100 102
100 104
100 105
100 106
100 108
100 109
100 111
100 113
100 125
100 127
100 128
100 129
100 130
100 131
100 132
100 136
100 137
100 139
100 144
100 147
100 148
100 150
100 152
100 153
100 162
100 163
100 166
100 169
100 171
100 172
100 173
100 175
100 178
100 179
100 180
100 182
100 184
100 185
100 187
101 109
101 111
101 112
101 113
101 114
101 115
101 117
101 119
101 121
101 123
101 125
101 126
101 127
101 129
101 132
101 133
101 135
101 137
101 138
101 140
101 141
101 143
101 145
101 146
101 149
101 150
101 156
101 158
101 159
101 162
101 164
101 165
101 166
101 167
101 168
101 171
101 172
101 173
101 174
101 175
101 177
101 178
101 181
101 184
102 103
102 104
102 105
102 108
102 110
102 111
102 112
102 114
102 117
102 119
102 123
102 124
102 126
102 129
102 132
102 133
102 137
102 138
102 139
102 140
102 142
102 144
102 148
102 151
102 154
102 155
102 163
102 164
102 165
102 166
102 167
102 168
102 171
102 175
102 177
102 182
102 184
102 186
102 187
103 107
103 111
103 114
103 116
103 118
103 120
103 121
103 123
103 124
103 125
103 126
103 127
103 128
103 132
103 136
103 139
103 141
103 142
103 144
103 146
103 151
103 154
103 155
103 160
103 161
103 164
103 165
103 166
103 168
103 169
103 170
103 173
103 174
103 177
103 178
103 185
103 187
104 105
104 107
104 116
104 118
104 119
104 121
104 123
104 125
104 126
104 127
104 129
104 130
104 133
104 135
104 136
104 137
104 138
104 143
104 146
104 148
104 149
104 155
104 157
104 158
104 159
104 160
104 167
104 169
104 171
104 172
104 173
104 176
104 177
104 180
104 183
104 184
104 186
105 107
105 108
105 115
105 116
105 118
105 120
105 122
105 124
105 125
105 130
105 134
105 137
105 138
105 143
105 144
105 145
105 148
105 150
105 153
105 154
105 155
105 159
105 160
105 166
105 168
105 170
105 171
105 175
105 177
105 178
105 179
105 180
105 187
106 108
106 109
106 110
106 112
106 113
106 114
106 116
106 120
106 123
106 130
106 132
106 133
106 134
106 135
106 136
106 138
106 139
106 141
106 143
106 145
106 151
106 159
106 162
106 164
106 167
106 170
106 171
106 172
106 176
106 177
106 181
106 183
106 184
106 185
106 186
106 187
107 109
107 111
107 113
107 114
107 115
107 116
107 117
107 118
107 120
107 121
107 123
107 127
107 135
107 136
107 137
107 138
107 139
107 144
107 145
107 147
107 149
107 151
107 155
107 156
107 158
107 159
107 160
107 163
107 166
107 168
107 169
107 171
107 172
107 175
107 177
107 179
107 181
107 183
107 184
107 186
107 187
108 110
108 111
108 115
108 119
108 120
108 121
108 122
108 125
108 127
108 128
108 129
108 131
108 133
108 135
108 138
108 140
108 141
108 146
108 151
108 152
108 153
108 158
108 161
108 164
108 165
108 170
108 173
108 174
108 178
108 180
108 183
108 186
109 111
109 112
109 114
109 115
109 116
109 118
109 119
109 121
109 123
109 124
109 129
109 130
109 133
109 135
109 136
109 137
109 138
109 139
109 141
109 142
109 143
109 149
109 150
109 151
109 158
109 159
109 164
109 166
109 168
109 172
109 174
109 176
109 177
109 180
109 182
109 185
109 186
110 115
110 116
110 119
110 120
110 122
110 123
110 128
110 131
110 132
110 133
110 135
110 136
110 137
110 143
110 147
110 149
110 150
110 151
110 153
110 156
110 158
110 160
110 163
110 164
110 165
110 167
110 168
110 169
110 170
110 173
110 178
110 180
110 181
110 185
110 187
111 113
111 116
111 117
111 118
111 119
111 121
111 123
111 125
111 126
111 132
111 136
111 139
111 141
111 146
111 150
111 153
111 155
111 156
111 159
111 161
111 163
111 165
111 166
111 170
111 173
111 174
111 177
111 179
111 180
111 182
111 185
111 187
112 113
112 114
112 121
112 122
112 127
112 128
112 131
112 132
112 135
112 137
112 138
112 140
112 141
112 143
112 146
112 147
112 148
112 150
112 153
112 154
112 155
112 156
112 157
112 158
112 160
112 163
112 164
112 167
112 168
112 169
112 170
112 172
112 176
112 179
112 180
112 182
112 184
112 185
113 114
113 115
113 116
113 117
113 119
113 121
113 123
113 125
113 126
113 128
113 130
113 136
113 140
113 147
113 149
113 150
113 153
113 156
113 158
113 159
113 165
113 167
113 169
113 171
113 173
113 175
113 181
113 183
113 184
114 115
114 116
114 118
114 121
114 122
114 123
114 126
114 130
114 131
114 133
114 134
114 136
114 144
114 147
114 148
114 151
114 152
114 154
114 156
114 157
114 159
114 160
114 162
114 163
114 166
114 167
114 170
114 171
114 172
114 175
114 176
114 186
114 187
115 117
115 118
115 119
115 120
115 121
115 122
115 124
115 128
115 131
115 132
115 133
115 139
115 143
115 144
115 145
115 146
115 147
115 155
115 156
115 157
115 163
115 167
115 172
115 173
115 175
115 178
115 182
115 183
115 184
115 186
116 117
116 118
116 119
116 122
116 123
116 124
116 126
116 128
116 130
116 131
116 132
116 137
116 139
116 145
116 146
116 156
116 159
116 161
116 166
116 171
116 172
116 174
116 175
116 177
116 183
117 124
117 125
117 126
117 127
117 128
117 130
117 138
117 140
117 144
117 146
117 150
117 151
117 152
117 155
117 156
117 157
117 163
117 165
117 166
117 167
117 168
117 169
117 171
117 174
117 175
117 177
117 182
117 184
117 186
118 119
118 125
118 128
118 129
118 130
118 131
118 132
118 136
118 140
118 141
118 143
118 144
118 146
118 147
118 148
118 151
118 154
118 156
118 159
118 164
118 176
118 178
118 179
118 182
118 187
119 121
119 122
119 123
119 124
119 130
119 133
119 134
119 135
119 136
119 137
119 138
119 139
119 141
119 143
119 144
119 146
119 147
119 153
119 154
119 156
119 157
119 158
119 161
119 166
119 167
119 170
119 173
119 174
119 177
119 180
119 182
119 187
120 121
120 123
120 126
120 131
120 132
120 137
120 139
120 141
120 142
120 146
120 148
120 149
120 152
120 153
120 155
120 158
120 159
120 160
120 162
120 163
120 165
120 167
120 168
120 170
120 171
120 173
120 174
120 176
120 177
120 178
120 180
120 184
120 185
121 123
121 124
121 126
121 132
121 133
121 135
121 140
121 141
121 145
121 146
121 147
121 149
121 150
121 151
121 152
121 154
121 155
121 156
121 157
121 158
121 160
121 165
121 168
121 174
121 181
121 182
122 125
122 126
122 127
122 130
122 131
122 132
122 133
122 137
122 138
122 141
122 144
122 145
122 146
122 149
122 154
122 157
122 160
122 161
122 162
122 163
122 168
122 171
122 172
122 175
122 182
122 183
123 126
123 127
123 131
123 134
123 139
123 141
123 142
123 144
123 147
123 156
123 159
123 160
123 161
123 162
123 163
123 164
123 165
123 171
123 172
123 173
123 174
123 175
123 179
123 183
123 184
123 186
124 125
124 126
124 127
124 130
124 134
124 135
124 139
124 140
124 142
124 144
124 147
124 148
124 150
124 152
124 153
124 156
124 157
124 158
124 163
124 165
124 166
124 170
124 171
124 173
124 177
124 181
125 126
125 131
125 132
125 138
125 141
125 142
125 143
125 150
125 159
125 160
125 163
125 165
125 166
125 167
125 170
125 172
125 173
125 174
125 178
125 179
125 180
125 181
125 184
125 185
125 186
126 127
126 133
126 135
126 136
126 138
126 144
126 145
126 147
126 148
126 150
126 152
126 153
126 161
126 166
126 167
126 169
126 171
126 173
126 177
126 178
126 183
126 184
126 185
126 187
127 129
127 132
127 135
127 136
127 142
127 144
127 145
127 148
127 151
127 157
127 158
127 159
127 162
127 164
127 168
127 169
127 175
127 180
127 181
127 183
127 184
127 185
127 186
127 187
128 129
128 130
128 133
128 134
128 135
128 138
128 145
128 146
128 147
128 148
128 153
128 155
128 156
128 157
128 158
128 160
128 162
128 163
128 164
128 165
128 166
128 169
128 170
128 171
128 172
128 174
128 176
128 177
128 182
128 185
129 130
129 132
129 133
129 134
129 136
129 139
129 140
129 141
129 143
129 145
129 147
129 148
129 150
129 155
129 156
129 157
129 158
129 163
129 165
129 168
129 169
129 175
129 176
129 181
129 184
130 133
130 136
130 141
130 145
130 147
130 148
130 149
130 157
130 163
130 170
130 171
130 172
130 176
130 181
130 184
130 185
130 186
131 132
131 135
131 136
131 139
131 141
131 142
131 143
131 147
131 149
131 150
131 152
131 155
131 156
131 158
131 167
131 168
131 169
131 178
131 180
131 184
131 186
132 138
132 139
132 142
132 145
132 146
132 148
132 153
132 157
132 163
132 165
132 166
132 167
132 173
132 175
132 176
132 177
132 179
132 181
132 184
132 186
132 187
133 134
133 138
133 143
133 145
133 149
133 152
133 154
133 157
133 159
133 160
133 164
133 167
133 170
133 171
133 172
133 178
134 137
134 138
134 139
134 141
134 142
134 143
134 145
134 147
134 148
134 149
134 153
134 154
134 155
134 158
134 159
134 161
134 164
134 170
134 173
134 177
134 178
134 179
134 180
134 187
135 136
135 137
135 140
135 144
135 145
135 148
135 149
135 154
135 157
135 159
135 160
135 162
135 163
135 164
135 165
135 168
135 172
135 177
135 179
135 181
136 141
136 143
136 144
136 149
136 150
136 156
136 158
136 159
136 161
136 162
136 165
136 166
136 167
136 172
136 175
136 180
136 183
136 185
136 187
137 138
137 141
137 144
137 152
137 153
137 158
137 159
137 161
137 162
137 164
137 166
137 167
137 171
137 172
137 177
137 178
137 181
137 182
137 186
138 142
138 143
138 147
138 148
138 153
138 155
138 158
138 159
138 166
138 168
138 171
138 180
138 185
138 187
139 140
139 143
139 145
139 148
139 152
139 155
139 157
139 159
139 161
139 166
139 167
139 169
139 170
139 171
139 173
139 174
139 176
139 177
139 178
139 182
139 183
139 184
139 185
140 141
140 143
140 145
140 148
140 149
140 150
140 152
140 155
140 156
140 157
140 158
140 159
140 163
140 165
140 169
140 173
140 176
140 178
140 181
140 184
140 185
141 142
141 143
141 146
141 149
141 150
141 152
141 153
141 154
141 155
141 164
141 166
141 168
141 169
141 170
141 172
141 174
141 178
141 180
141 181
141 182
141 184
141 185
141 186
141 187
142 146
142 155
142 156
142 158
142 159
142 162
142 163
142 164
142 167
142 171
142 173
142 174
142 176
142 180
142 181
142 182
142 183
142 184
143 146
143 150
143 151
143 152
143 154
143 164
143 167
143 168
143 175
143 177
143 187
144 145
144 149
144 150
144 157
144 158
144 159
144 161
144 162
144 164
144 165
144 170
144 172
144 175
144 178
144 181
144 184
145 147
145 152
145 156
145 162
145 169
145 170
145 172
145 174
145 179
145 180
145 184
145 186
145 187
146 147
146 148
146 149
146 150
146 156
146 160
146 162
146 163
146 165
146 166
146 167
146 169
146 171
146 176
146 179
146 180
146 183
146 184
146 185
146 186
147 148
147 150
147 151
147 156
147 161
147 164
147 165
147 166
147 167
147 181
147 184
148 150
148 156
148 158
148 161
148 162
148 163
148 165
148 166
148 167
148 172
148 173
148 174
148 175
148 179
148 180
148 181
148 187
149 154
149 158
149 161
149 162
149 164
149 165
149 166
149 167
149 168
149 169
149 170
149 176
149 177
149 179
149 183
149 186
150 151
150 152
150 153
150 154
150 155
150 164
150 165
150 166
150 167
150 168
150 173
150 176
150 177
150 178
150 181
150 183
150 185
150 186
151 153
151 155
151 157
151 158
151 159
151 161
151 164
151 165
151 167
151 171
151 174
151 177
151 178
151 183
151 184
152 153
152 154
152 155
152 156
152 158
152 160
152 163
152 169
152 170
152 172
152 173
152 177
152 178
152 186
153 154
153 156
153 162
153 163
153 166
153 168
153 170
153 172
153 174
153 175
153 179
153 185
153 187
154 155
154 161
154 162
154 168
154 171
154 172
154 173
154 174
154 178
154 180
154 182
154 183
154 184
154 187
155 158
155 159
155 160
155 163
155 164
155 170
155 177
155 182
155 187
156 158
156 162
156 163
156 164
156 166
156 168
156 172
156 174
156 179
156 180
156 185
156 187
157 159
157 161
157 170
157 171
157 172
157 173
157 174
157 176
157 177
157 178
157 179
157 183
157 185
158 160
158 162
158 166
158 170
158 172
158 176
158 178
158 182
158 184
158 187
159 160
159 171
159 175
159 178
159 179
159 181
159 182
159 184
159 186
160 165
160 166
160 167
160 169
160 171
160 175
160 182
160 183
161 164
161 166
161 167
161 169
161 170
161 174
161 175
161 177
161 178
161 179
161 182
161 183
161 186
162 164
162 165
162 170
162 171
162 172
162 173
162 176
162 179
162 183
162 184
163 164
163 167
163 168
163 169
163 171
163 172
163 173
163 176
163 177
163 180
163 183
163 187
164 165
164 167
164 168
164 169
164 172
164 178
164 182
164 185
165 171
165 174
165 175
165 176
165 178
165 184
166 168
166 169
166 179
166 180
166 181
166 183
167 168
167 169
167 172
167 175
167 176
167 178
168 169
168 170
168 186
169 173
169 174
169 178
169 180
169 181
169 186
170 181
170 182
170 184
171 182
171 186
171 187
172 173
173 175
173 176
173 182
173 183
173 187
174 175
174 178
174 179
174 182
174 186
175 176
175 178
175 186
176 177
176 179
176 180
176 181
176 182
176 184
177 180
177 184
178 185
179 185
179 187
180 181
180 182
180 186
181 184
181 185
181 186
182 183
182 184
182 186
182 187
183 186
183 187
185 187
