188
0 1
0 7
0 9
0 10
0 12
0 13
0 14
0 16
0 19
0 20
0 22
0 23
0 24
0 25
0 26
0 27
0 28
0 29
0 32
0 33
0 34
0 37
0 39
0 40
0 43
0 45
0 46
0 47
0 49
0 50
0 51
0 52
0 53
0 54
0 55
0 57
0 58
0 61
0 62
0 64
0 66
0 69
0 71
0 75
0 76
0 80
0 82
0 83
0 84
0 86
0 87
0 88
0 92
0 94
0 95
0 97
0 98
0 99
0 100
0 101
0 104
0 105
0 108
0 110
0 112
0 113
0 114
0 116
0 118
0 120
0 122
0 123
0 125
0 126
0 130
0 132
0 133
0 135
0 136
0 138
0 139
0 141
0 144
0 145
0 148
0 150
0 151
0 152
0 153
0 157
0 158
0 160
0 161
0 162
0 164
0 166
0 168
0 169
0 170
0 174
0 176
0 177
0 178
0 181
0 182
0 183
0 184
0 185
1 2
1 3
1 4
1 5
1 7
1 8
1 9
1 10
1 11
1 12
1 14
1 15
1 16
1 17
1 18
1 19
1 21
1 22
1 23
1 24
1 25
1 27
1 29
1 31
1 32
1 33
1 35
1 36
1 37
1 38
1 39
1 40
1 41
1 42
1 43
1 44
1 45
1 46
1 48
1 49
1 54
1 59
1 61
1 64
1 67
1 68
1 69
1 73
1 77
1 80
1 84
1 85
1 86
1 88
1 89
1 90
1 93
1 94
1 95
1 96
1 97
1 98
1 99
1 100
1 103
1 104
1 105
1 107
1 108
1 111
1 116
1 121
1 124
1 127
1 128
1 129
1 133
1 134
1 135
1 137
1 139
1 140
1 142
1 144
1 147
1 148
1 152
1 153
1 155
1 156
1 159
1 160
1 161
1 165
1 167
1 169
1 170
1 171
1 172
1 173
1 174
1 175
1 178
1 179
1 180
1 183
2 3
2 6
2 7
2 8
2 9
2 10
2 12
2 16
2 17
2 18
2 19
2 22
2 25
2 26
2 31
2 32
2 33
2 35
2 36
2 37
2 39
2 42
2 43
2 45
2 48
2 49
2 50
2 54
2 55
2 56
2 57
2 59
2 60
2 61
2 64
2 65
2 66
2 68
2 69
2 70
2 72
2 73
2 74
2 75
2 77
2 79
2 80
2 81
2 82
2 83
2 84
2 86
2 87
2 90
2 91
2 92
2 93
2 95
2 98
2 99
2 100
2 101
2 102
2 103
2 104
2 106
2 107
2 110
2 111
2 112
2 114
2 115
2 117
2 119
2 120
2 121
2 125
2 126
2 127
2 128
2 129
2 131
2 132
2 134
2 137
2 138
2 141
2 142
2 144
2 145
2 146
2 147
2 149
2 150
2 151
2 153
2 156
2 157
2 158
2 159
2 160
2 161
2 163
2 167
2 172
2 173
2 178
2 182
2 183
3 4
3 5
3 6
3 7
3 9
3 10
3 11
3 17
3 18
3 19
3 20
3 22
3 23
3 24
3 26
3 27
3 28
3 29
3 30
3 32
3 33
3 34
3 35
3 40
3 42
3 43
3 44
3 46
3 49
3 51
3 53
3 54
3 55
3 56
3 58
3 59
3 60
3 61
3 62
3 64
3 66
3 67
3 68
3 69
3 70
3 71
3 72
3 73
3 75
3 76
3 78
3 79
3 80
3 81
3 82
3 83
3 84
3 86
3 87
3 88
3 90
3 91
3 92
3 93
3 96
3 98
3 99
3 100
3 101
3 103
3 104
3 105
3 106
3 107
3 108
3 109
3 110
3 112
3 113
3 115
3 121
3 123
3 124
3 125
3 126
3 129
3 130
3 133
3 134
3 135
3 136
3 137
3 139
3 140
3 142
3 145
3 149
3 151
3 154
3 155
3 157
3 160
3 163
3 164
3 165
3 166
3 168
3 170
3 171
3 176
3 178
3 179
3 180
3 183
3 184
4 5
4 6
4 9
4 10
4 11
4 13
4 14
4 15
4 18
4 20
4 22
4 24
4 26
4 27
4 28
4 29
4 30
4 32
4 33
4 34
4 35
4 38
4 39
4 40
4 41
4 46
4 53
4 54
4 55
4 57
4 58
4 59
4 61
4 62
4 63
4 64
4 65
4 66
4 67
4 68
4 69
4 70
4 72
4 74
4 76
4 77
4 78
4 79
4 81
4 83
4 85
4 86
4 87
4 88
4 91
4 93
4 96
4 97
4 98
4 99
4 100
4 101
4 102
4 103
4 104
4 105
4 107
4 108
4 109
4 110
4 111
4 112
4 114
4 115
4 116
4 119
4 120
4 122
4 127
4 128
4 129
4 131
4 132
4 133
4 134
4 135
4 142
4 143
4 144
4 145
4 146
4 147
4 150
4 152
4 153
4 155
4 159
4 163
4 165
4 166
4 167
4 168
4 169
4 173
4 174
4 178
4 179
4 182
4 184
4 187
5 7
5 8
5 12
5 13
5 14
5 16
5 19
5 21
5 23
5 24
5 25
5 28
5 29
5 32
5 34
5 37
5 38
5 39
5 40
5 41
5 44
5 45
5 46
5 47
5 48
5 50
5 52
5 53
5 54
5 56
5 57
5 61
5 62
5 63
5 64
5 66
5 71
5 73
5 74
5 75
5 76
5 79
5 80
5 81
5 82
5 83
5 84
5 85
5 87
5 88
5 89
5 92
5 96
5 98
5 100
5 101
5 103
5 104
5 106
5 107
5 108
5 109
5 110
5 111
5 115
5 118
5 119
5 120
5 123
5 124
5 126
5 128
5 131
5 132
5 133
5 134
5 135
5 136
5 139
5 141
5 147
5 148
5 150
5 152
5 156
5 159
5 160
5 161
5 162
5 164
5 166
5 167
5 171
5 172
5 173
5 175
5 176
5 177
5 179
5 181
5 182
5 186
6 7
6 8
6 9
6 11
6 12
6 13
6 17
6 18
6 22
6 23
6 28
6 31
6 32
6 34
6 35
6 36
6 37
6 38
6 39
6 40
6 44
6 46
6 47
6 48
6 49
6 50
6 51
6 52
6 53
6 54
6 55
6 57
6 58
6 61
6 62
6 65
6 67
6 71
6 73
6 74
6 78
6 79
6 80
6 85
6 87
6 88
6 89
6 90
6 91
6 92
6 94
6 97
6 103
6 104
6 105
6 107
6 108
6 111
6 115
6 116
6 117
6 118
6 119
6 121
6 126
6 127
6 129
6 134
6 135
6 137
6 140
6 141
6 142
6 144
6 146
6 147
6 148
6 149
6 150
6 153
6 155
6 156
6 157
6 158
6 159
6 160
6 161
6 165
6 170
6 171
6 172
6 176
6 177
6 178
6 179
6 181
6 186
6 187
7 8
7 9
7 11
7 13
7 14
7 17
7 19
7 21
7 22
7 23
7 25
7 26
7 27
7 28
7 29
7 30
7 34
7 35
7 36
7 37
7 39
7 41
7 42
7 43
7 45
7 46
7 48
7 50
7 51
7 53
7 54
7 55
7 56
7 57
7 58
7 59
7 60
7 61
7 63
7 64
7 65
7 68
7 69
7 70
7 71
7 73
7 74
7 77
7 78
7 81
7 85
7 87
7 88
7 89
7 90
7 92
7 94
7 96
7 97
7 100
7 106
7 107
7 108
7 109
7 111
7 114
7 115
7 116
7 118
7 119
7 122
7 125
7 127
7 128
7 131
7 132
7 135
7 136
7 137
7 138
7 139
7 143
7 144
7 147
7 149
7 150
7 151
7 153
7 154
7 156
7 159
7 161
7 162
7 163
7 164
7 165
7 168
7 170
7 174
7 176
7 177
7 179
7 180
7 186
7 187
8 9
8 10
8 12
8 13
8 15
8 16
8 18
8 21
8 24
8 27
8 28
8 30
8 31
8 33
8 34
8 35
8 36
8 37
8 38
8 40
8 41
8 43
8 45
8 48
8 49
8 50
8 52
8 53
8 54
8 56
8 57
8 58
8 60
8 61
8 63
8 64
8 65
8 67
8 68
8 69
8 73
8 74
8 75
8 78
8 79
8 80
8 81
8 82
8 83
8 86
8 87
8 89
8 90
8 91
8 93
8 94
8 96
8 98
8 101
8 102
8 103
8 104
8 106
8 107
8 108
8 112
8 114
8 115
8 116
8 118
8 119
8 120
8 122
8 124
8 125
8 126
8 128
8 129
8 130
8 131
8 134
8 135
8 136
8 138
8 140
8 144
8 146
8 150
8 152
8 153
8 158
8 160
8 161
8 166
8 168
8 172
8 173
8 176
8 177
8 179
8 180
8 182
8 184
9 10
9 11
9 12
9 13
9 15
9 18
9 19
9 21
9 22
9 23
9 25
9 28
9 29
9 31
9 33
9 34
9 35
9 37
9 38
9 39
9 40
9 44
9 45
9 46
9 47
9 48
9 49
9 50
9 51
9 53
9 54
9 55
9 58
9 60
9 63
9 66
9 68
9 71
9 72
9 73
9 74
9 75
9 77
9 81
9 88
9 89
9 90
9 91
9 93
9 95
9 97
9 98
9 101
9 104
9 106
9 107
9 108
9 109
9 110
9 112
9 113
9 114
9 115
9 116
9 117
9 118
9 119
9 120
9 122
9 126
9 127
9 131
9 137
9 139
9 140
9 145
9 148
9 149
9 153
9 156
9 157
9 158
9 159
9 161
9 167
9 169
9 170
9 171
9 174
9 176
9 178
9 179
9 184
9 185
9 187
10 11
10 12
10 13
10 14
10 16
10 17
10 18
10 21
10 22
10 23
10 26
10 28
10 29
10 30
10 31
10 32
10 33
10 37
10 38
10 40
10 43
10 44
10 46
10 49
10 51
10 54
10 58
10 59
10 60
10 61
10 64
10 65
10 68
10 70
10 73
10 74
10 75
10 76
10 77
10 78
10 79
10 83
10 88
10 89
10 91
10 92
10 94
10 98
10 100
10 102
10 105
10 106
10 107
10 108
10 109
10 110
10 111
10 115
10 116
10 118
10 119
10 120
10 122
10 124
10 126
10 127
10 128
10 130
10 131
10 132
10 133
10 134
10 139
10 140
10 142
10 146
10 148
10 150
10 153
10 154
10 156
10 157
10 160
10 162
10 170
10 172
10 175
10 176
10 179
10 180
10 185
10 186
11 13
11 14
11 15
11 17
11 19
11 20
11 21
11 22
11 23
11 24
11 25
11 27
11 29
11 30
11 32
11 33
11 34
11 35
11 37
11 38
11 40
11 42
11 44
11 45
11 46
11 47
11 51
11 54
11 55
11 56
11 57
11 60
11 61
11 62
11 67
11 68
11 69
11 70
11 71
11 73
11 74
11 76
11 77
11 79
11 84
11 85
11 86
11 87
11 88
11 90
11 92
11 93
11 94
11 95
11 98
11 101
11 103
11 105
11 107
11 109
11 111
11 113
11 114
11 118
11 119
11 120
11 121
11 122
11 123
11 124
11 128
11 129
11 130
11 132
11 133
11 134
11 137
11 140
11 143
11 145
11 148
11 149
11 151
11 153
11 157
11 158
11 159
11 160
11 163
11 166
11 168
11 170
11 171
11 172
11 173
11 174
11 175
11 176
11 181
11 182
11 183
11 185
11 186
12 13
12 14
12 15
12 16
12 17
12 18
12 19
12 21
12 23
12 24
12 25
12 27
12 28
12 29
12 30
12 33
12 34
12 35
12 36
12 37
12 42
12 43
12 45
12 46
12 48
12 50
12 51
12 53
12 54
12 55
12 57
12 59
12 63
12 65
12 66
12 69
12 70
12 71
12 72
12 73
12 74
12 76
12 78
12 79
12 81
12 82
12 83
12 84
12 88
12 89
12 90
12 91
12 93
12 94
12 98
12 99
12 100
12 106
12 107
12 108
12 109
12 111
12 112
12 114
12 115
12 116
12 117
12 118
12 121
12 122
12 123
12 124
12 126
12 127
12 131
12 132
12 133
12 136
12 137
12 138
12 140
12 141
12 142
12 143
12 145
12 147
12 148
12 150
12 152
12 157
12 161
12 166
12 167
12 168
12 169
12 171
12 172
12 173
12 175
12 176
12 177
12 182
12 183
12 184
12 186
12 187
13 16
13 18
13 19
13 21
13 26
13 27
13 28
13 29
13 30
13 31
13 32
13 34
13 35
13 36
13 37
13 38
13 39
13 43
13 44
13 49
13 50
13 51
13 52
13 54
13 57
13 59
13 60
13 63
13 64
13 65
13 66
13 68
13 70
13 71
13 72
13 74
13 76
13 77
13 79
13 80
13 84
13 85
13 87
13 88
13 89
13 93
13 94
13 95
13 96
13 97
13 100
13 101
13 102
13 103
13 106
13 108
13 109
13 111
13 112
13 113
13 115
13 116
13 117
13 118
13 123
13 124
13 125
13 126
13 127
13 128
13 130
13 132
13 134
13 135
13 136
13 137
13 138
13 139
13 143
13 149
13 152
13 153
13 154
13 155
13 158
13 159
13 164
13 165
13 166
13 168
13 169
13 173
13 174
13 177
13 178
13 180
13 182
13 183
13 184
13 187
14 15
14 16
14 17
14 21
14 23
14 24
14 25
14 26
14 27
14 28
14 29
14 30
14 31
14 32
14 35
14 38
14 39
14 44
14 45
14 46
14 47
14 48
14 50
14 51
14 52
14 53
14 54
14 56
14 57
14 58
14 60
14 63
14 66
14 67
14 72
14 73
14 77
14 79
14 81
14 82
14 84
14 86
14 88
14 89
14 93
14 95
14 96
14 97
14 98
14 99
14 101
14 102
14 105
14 106
14 107
14 108
14 109
14 110
14 112
14 113
14 115
14 116
14 117
14 118
14 119
14 121
14 125
14 129
14 130
14 134
14 135
14 140
14 142
14 143
14 144
14 148
14 151
14 152
14 158
14 161
14 162
14 163
14 165
14 167
14 175
14 176
14 177
14 181
14 183
14 184
14 186
14 187
15 17
15 18
15 19
15 22
15 23
15 24
15 26
15 32
15 33
15 34
15 35
15 36
15 37
15 38
15 39
15 43
15 45
15 47
15 48
15 49
15 50
15 51
15 52
15 54
15 55
15 56
15 58
15 61
15 63
15 65
15 66
15 67
15 68
15 71
15 73
15 74
15 75
15 76
15 79
15 82
15 83
15 84
15 85
15 87
15 89
15 90
15 93
15 99
15 103
15 107
15 108
15 109
15 110
15 111
15 113
15 114
15 116
15 117
15 118
15 119
15 124
15 127
15 129
15 133
15 134
15 135
15 137
15 138
15 139
15 140
15 141
15 142
15 144
15 145
15 146
15 147
15 148
15 149
15 151
15 152
15 158
15 159
15 161
15 164
15 165
15 166
15 167
15 168
15 169
15 171
15 173
15 174
15 175
15 177
15 179
15 180
15 181
15 187
16 17
16 18
16 19
16 20
16 22
16 23
16 24
16 27
16 29
16 30
16 32
16 33
16 36
16 37
16 38
16 41
16 43
16 44
16 45
16 46
16 47
16 48
16 50
16 52
16 53
16 55
16 58
16 60
16 61
16 62
16 66
16 68
16 70
16 71
16 72
16 73
16 77
16 78
16 79
16 83
16 84
16 86
16 87
16 88
16 89
16 90
16 91
16 92
16 93
16 97
16 98
16 99
16 100
16 101
16 102
16 103
16 104
16 107
16 110
16 115
16 116
16 117
16 118
16 119
16 122
16 123
16 125
16 126
16 130
16 131
16 133
16 134
16 135
16 142
16 143
16 144
16 145
16 148
16 149
16 150
16 152
16 153
16 154
16 155
16 156
16 157
16 159
16 160
16 162
16 166
16 170
16 172
16 173
16 176
16 179
16 181
16 182
16 184
16 187
17 18
17 19
17 22
17 23
17 25
17 26
17 28
17 29
17 31
17 35
17 36
17 38
17 39
17 40
17 42
17 43
17 44
17 45
17 46
17 50
17 51
17 52
17 53
17 54
17 55
17 57
17 58
17 59
17 60
17 61
17 62
17 63
17 64
17 65
17 67
17 68
17 69
17 70
17 71
17 73
17 74
17 77
17 80
17 81
17 83
17 84
17 85
17 86
17 88
17 90
17 91
17 92
17 93
17 96
17 97
17 98
17 100
17 101
17 102
17 103
17 111
17 114
17 115
17 117
17 119
17 120
17 121
17 122
17 123
17 124
17 127
17 129
17 131
17 132
17 133
17 135
17 136
17 137
17 139
17 140
17 141
17 142
17 144
17 146
17 147
17 153
17 154
17 156
17 157
17 160
17 161
17 163
17 168
17 178
17 180
17 181
17 184
17 186
18 21
18 22
18 24
18 25
18 26
18 28
18 30
18 31
18 32
18 33
18 34
18 36
18 37
18 39
18 40
18 41
18 42
18 43
18 44
18 45
18 47
18 48
18 49
18 50
18 51
18 53
18 57
18 62
18 63
18 64
18 65
18 69
18 70
18 73
18 74
18 82
18 84
18 85
18 87
18 88
18 91
18 94
18 99
18 101
18 102
18 103
18 106
18 110
18 112
18 113
18 115
18 119
18 120
18 123
18 125
18 126
18 130
18 133
18 134
18 135
18 136
18 138
18 140
18 142
18 145
18 146
18 149
18 150
18 152
18 154
18 157
18 158
18 160
18 161
18 164
18 165
18 167
18 168
18 172
18 173
18 175
18 178
18 179
18 185
18 186
19 20
19 21
19 22
19 24
19 26
19 27
19 30
19 31
19 32
19 33
19 34
19 36
19 38
19 39
19 40
19 42
19 43
19 45
19 48
19 51
19 54
19 55
19 56
19 60
19 61
19 65
19 66
19 67
19 68
19 69
19 71
19 72
19 75
19 76
19 78
19 82
19 83
19 88
19 91
19 92
19 93
19 96
19 97
19 98
19 99
19 107
19 108
19 110
19 112
19 115
19 118
19 119
19 121
19 122
19 124
19 125
19 126
19 128
19 129
19 131
19 134
19 135
19 136
19 138
19 139
19 140
19 141
19 143
19 145
19 146
19 147
19 148
19 149
19 150
19 152
19 156
19 158
19 160
19 162
19 164
19 165
19 168
19 172
19 173
19 174
19 179
19 181
19 184
19 185
19 186
20 21
20 24
20 25
20 26
20 27
20 28
20 29
20 30
20 31
20 32
20 33
20 35
20 36
20 37
20 38
20 41
20 42
20 43
20 45
20 47
20 48
20 49
20 50
20 51
20 52
20 53
20 54
20 55
20 56
20 59
20 60
20 61
20 65
20 68
20 71
20 72
20 76
20 77
20 78
20 79
20 80
20 81
20 86
20 87
20 88
20 92
20 93
20 94
20 95
20 96
20 97
20 99
20 101
20 102
20 105
20 108
20 109
20 112
20 113
20 116
20 117
20 118
20 119
20 120
20 121
20 123
20 124
20 128
20 129
20 133
20 139
20 141
20 142
20 143
20 146
20 147
20 148
20 149
20 150
20 151
20 152
20 153
20 154
20 156
20 157
20 162
20 164
20 165
20 166
20 170
20 172
20 173
20 176
20 177
20 180
20 181
20 184
20 185
20 186
21 22
21 24
21 25
21 27
21 28
21 30
21 32
21 34
21 35
21 36
21 37
21 38
21 39
21 41
21 42
21 43
21 44
21 46
21 47
21 48
21 49
21 53
21 55
21 56
21 57
21 61
21 63
21 64
21 67
21 72
21 73
21 76
21 77
21 78
21 79
21 81
21 83
21 84
21 85
21 87
21 89
21 96
21 98
21 99
21 100
21 104
21 105
21 108
21 112
21 113
21 117
21 119
21 120
21 121
21 122
21 124
21 125
21 126
21 127
21 130
21 131
21 132
21 133
21 134
21 135
21 136
21 137
21 138
21 140
21 141
21 146
21 147
21 149
21 152
21 153
21 158
21 160
21 164
21 165
21 167
21 170
21 172
21 173
21 174
21 177
21 181
21 182
21 185
22 23
22 24
22 26
22 27
22 29
22 32
22 37
22 38
22 41
22 42
22 46
22 47
22 48
22 50
22 51
22 52
22 54
22 55
22 57
22 58
22 60
22 61
22 62
22 63
22 64
22 66
22 67
22 68
22 69
22 71
22 72
22 76
22 77
22 78
22 82
22 85
22 86
22 90
22 93
22 95
22 101
22 102
22 103
22 105
22 106
22 108
22 112
22 113
22 115
22 116
22 117
22 119
22 121
22 124
22 125
22 126
22 128
22 129
22 130
22 132
22 136
22 137
22 138
22 139
22 140
22 141
22 142
22 144
22 146
22 148
22 150
22 151
22 152
22 155
22 158
22 160
22 162
22 163
22 164
22 165
22 169
22 170
22 171
22 173
22 176
22 177
22 181
22 184
22 185
22 186
22 187
23 25
23 27
23 29
23 30
23 31
23 32
23 33
23 34
23 36
23 37
23 38
23 39
23 40
23 41
23 42
23 44
23 46
23 48
23 50
23 51
23 52
23 53
23 54
23 56
23 57
23 58
23 61
23 63
23 64
23 65
23 69
23 70
23 71
23 72
23 73
23 76
23 77
23 78
23 79
23 82
23 83
23 84
23 85
23 88
23 90
23 95
23 97
23 98
23 99
23 100
23 101
23 103
23 104
23 105
23 106
23 108
23 110
23 112
23 114
23 116
23 118
23 120
23 121
23 122
23 123
23 129
23 130
23 132
23 133
23 135
23 137
23 138
23 142
23 145
23 146
23 147
23 148
23 150
23 151
23 154
23 155
23 157
23 158
23 159
23 161
23 164
23 171
23 172
23 174
23 175
23 176
23 178
23 179
23 181
23 184
23 186
23 187
24 27
24 29
24 31
24 32
24 33
24 35
24 37
24 40
24 41
24 42
24 43
24 44
24 46
24 47
24 48
24 50
24 51
24 52
24 54
24 56
24 59
24 60
24 62
24 65
24 67
24 69
24 70
24 71
24 74
24 75
24 77
24 78
24 80
24 81
24 83
24 84
24 85
24 87
24 88
24 89
24 93
24 97
24 98
24 99
24 100
24 104
24 105
24 106
24 109
24 112
24 113
24 114
24 119
24 120
24 121
24 123
24 124
24 125
24 126
24 128
24 129
24 130
24 131
24 132
24 134
24 137
24 138
24 139
24 140
24 141
24 142
24 147
24 148
24 150
24 151
24 156
24 159
24 164
24 166
24 169
24 170
24 172
24 175
24 176
24 179
24 182
24 186
24 187
25 26
25 27
25 31
25 32
25 33
25 34
25 35
25 37
25 38
25 40
25 41
25 42
25 45
25 46
25 47
25 48
25 50
25 51
25 56
25 60
25 61
25 62
25 63
25 64
25 65
25 66
25 68
25 71
25 72
25 73
25 75
25 76
25 79
25 82
25 83
25 84
25 85
25 87
25 89
25 91
25 94
25 97
25 98
25 101
25 102
25 103
25 105
25 106
25 107
25 108
25 109
25 112
25 113
25 119
25 121
25 122
25 124
25 125
25 127
25 130
25 132
25 133
25 135
25 136
25 137
25 138
25 140
25 141
25 142
25 143
25 144
25 146
25 147
25 150
25 151
25 152
25 157
25 158
25 159
25 161
25 162
25 165
25 167
25 168
25 169
25 170
25 171
25 172
25 176
25 181
25 183
25 186
25 187
26 29
26 31
26 34
26 36
26 37
26 39
26 40
26 41
26 42
26 43
26 44
26 48
26 50
26 52
26 53
26 54
26 55
26 56
26 57
26 58
26 60
26 62
26 63
26 64
26 65
26 66
26 67
26 69
26 71
26 72
26 73
26 74
26 75
26 76
26 80
26 81
26 82
26 86
26 87
26 88
26 89
26 91
26 92
26 93
26 94
26 95
26 98
26 99
26 101
26 102
26 103
26 104
26 106
26 107
26 111
26 112
26 113
26 114
26 115
26 116
26 117
26 118
26 121
26 122
26 123
26 130
26 131
26 132
26 137
26 140
26 144
26 146
26 147
26 150
26 153
26 156
26 159
26 163
26 166
26 168
26 169
26 176
26 177
26 178
26 179
26 180
26 181
26 182
26 183
26 184
26 185
27 28
27 29
27 31
27 33
27 34
27 38
27 39
27 40
27 42
27 44
27 45
27 47
27 48
27 49
27 50
27 54
27 55
27 56
27 57
27 58
27 59
27 60
27 62
27 67
27 68
27 70
27 71
27 73
27 74
27 76
27 77
27 78
27 79
27 83
27 84
27 86
27 92
27 95
27 96
27 97
27 99
27 101
27 103
27 105
27 106
27 108
27 110
27 112
27 114
27 115
27 117
27 123
27 127
27 129
27 130
27 134
27 135
27 136
27 138
27 140
27 142
27 143
27 146
27 147
27 149
27 150
27 151
27 152
27 154
27 161
27 163
27 164
27 166
27 167
27 168
27 169
27 175
27 177
27 181
27 182
27 183
27 185
27 186
27 187
28 30
28 32
28 33
28 34
28 35
28 36
28 38
28 40
28 43
28 50
28 51
28 53
28 54
28 55
28 57
28 62
28 63
28 64
28 65
28 67
28 68
28 70
28 71
28 72
28 73
28 75
28 77
28 79
28 83
28 84
28 86
28 87
28 89
28 90
28 91
28 92
28 95
28 98
28 99
28 101
28 102
28 105
28 111
28 112
28 114
28 115
28 120
28 121
28 122
28 123
28 124
28 125
28 126
28 128
28 129
28 132
28 136
28 137
28 138
28 139
28 140
28 143
28 146
28 148
28 149
28 151
28 155
28 156
28 158
28 159
28 166
28 170
28 171
28 172
28 173
28 175
28 178
28 179
28 180
28 181
28 182
28 183
28 185
28 186
28 187
29 30
29 33
29 34
29 38
29 39
29 40
29 42
29 44
29 45
29 46
29 51
29 52
29 53
29 56
29 57
29 58
29 59
29 60
29 63
29 69
29 70
29 74
29 76
29 79
29 80
29 82
29 83
29 85
29 86
29 89
29 90
29 91
29 92
29 93
29 94
29 95
29 96
29 100
29 103
29 106
29 108
29 111
29 112
29 113
29 115
29 116
29 117
29 119
29 120
29 121
29 123
29 124
29 125
29 129
29 131
29 136
29 139
29 140
29 141
29 143
29 145
29 148
29 150
29 155
29 156
29 160
29 163
29 165
29 166
29 167
29 168
29 169
29 170
29 171
29 175
29 176
29 177
29 181
29 182
29 183
29 184
29 187
30 31
30 32
30 33
30 34
30 36
30 37
30 38
30 39
30 40
30 41
30 44
30 45
30 49
30 51
30 52
30 54
30 55
30 56
30 59
30 62
30 63
30 64
30 65
30 66
30 68
30 69
30 71
30 72
30 74
30 75
30 77
30 78
30 84
30 85
30 86
30 88
30 90
30 91
30 92
30 93
30 94
30 96
30 97
30 99
30 100
30 102
30 104
30 105
30 108
30 109
30 110
30 111
30 113
30 114
30 116
30 117
30 118
30 122
30 123
30 124
30 127
30 129
30 132
30 133
30 135
30 138
30 140
30 141
30 143
30 145
30 147
30 149
30 150
30 151
30 153
30 157
30 158
30 161
30 163
30 164
30 165
30 166
30 169
30 174
30 176
30 177
30 178
30 179
30 182
30 185
30 187
31 32
31 33
31 35
31 40
31 42
31 44
31 45
31 46
31 47
31 48
31 49
31 50
31 52
31 54
31 55
31 57
31 58
31 60
31 62
31 65
31 66
31 68
31 72
31 73
31 75
31 79
31 80
31 83
31 84
31 85
31 88
31 89
31 92
31 94
31 95
31 96
31 97
31 99
31 101
31 104
31 105
31 106
31 107
31 108
31 109
31 111
31 112
31 114
31 115
31 116
31 117
31 119
31 126
31 127
31 128
31 130
31 131
31 132
31 133
31 137
31 138
31 139
31 140
31 141
31 142
31 143
31 144
31 145
31 147
31 148
31 153
31 158
31 160
31 161
31 166
31 167
31 169
31 170
31 171
31 172
31 173
31 174
31 175
31 176
31 185
31 186
32 33
32 35
32 36
32 37
32 39
32 44
32 45
32 46
32 47
32 48
32 49
32 54
32 55
32 61
32 64
32 65
32 66
32 69
32 70
32 71
32 72
32 73
32 74
32 75
32 77
32 78
32 79
32 80
32 82
32 83
32 85
32 91
32 92
32 96
32 98
32 99
32 101
32 102
32 105
32 106
32 107
32 109
32 110
32 111
32 112
32 114
32 115
32 120
32 121
32 122
32 123
32 124
32 126
32 127
32 128
32 130
32 132
32 136
32 138
32 139
32 141
32 144
32 145
32 146
32 148
32 150
32 152
32 154
32 155
32 156
32 157
32 159
32 161
32 162
32 166
32 167
32 168
32 169
32 172
32 175
32 178
32 180
32 181
32 184
32 187
33 38
33 39
33 40
33 44
33 46
33 47
33 48
33 49
33 50
33 55
33 56
33 57
33 58
33 60
33 61
33 62
33 64
33 65
33 67
33 68
33 71
33 74
33 80
33 82
33 87
33 89
33 91
33 92
33 94
33 95
33 99
33 104
33 107
33 109
33 110
33 112
33 113
33 114
33 117
33 119
33 121
33 122
33 125
33 128
33 132
33 133
33 135
33 140
33 142
33 143
33 146
33 147
33 148
33 153
33 155
33 158
33 159
33 160
33 162
33 165
33 166
33 167
33 168
33 171
33 172
33 173
33 174
33 177
33 181
33 182
33 183
33 184
33 185
33 186
33 187
34 35
34 36
34 37
34 38
34 39
34 40
34 42
34 43
34 44
34 45
34 49
34 50
34 51
34 53
34 55
34 56
34 57
34 61
34 62
34 67
34 68
34 71
34 72
34 75
34 76
34 77
34 78
34 79
34 80
34 81
34 84
34 86
34 87
34 88
34 90
34 91
34 95
34 100
34 102
34 103
34 106
34 107
34 109
34 111
34 112
34 114
34 117
34 118
34 120
34 122
34 123
34 125
34 131
34 133
34 134
34 137
34 139
34 143
34 144
34 145
34 146
34 147
34 149
34 150
34 158
34 160
34 163
34 165
34 166
34 167
34 168
34 170
34 171
34 172
34 173
34 175
34 176
34 178
34 179
34 182
34 184
34 187
35 36
35 38
35 41
35 42
35 43
35 44
35 46
35 49
35 51
35 52
35 56
35 57
35 59
35 60
35 62
35 64
35 66
35 67
35 68
35 69
35 73
35 74
35 76
35 81
35 83
35 87
35 88
35 89
35 91
35 93
35 94
35 98
35 99
35 100
35 101
35 102
35 103
35 110
35 112
35 117
35 118
35 119
35 120
35 122
35 123
35 127
35 128
35 129
35 130
35 132
35 136
35 137
35 138
35 139
35 140
35 141
35 142
35 143
35 144
35 146
35 150
35 151
35 158
35 160
35 163
35 171
35 174
35 175
35 177
35 178
35 179
35 182
35 183
35 184
35 185
35 187
36 37
36 38
36 39
36 40
36 41
36 42
36 43
36 45
36 46
36 47
36 49
36 51
36 55
36 60
36 61
36 63
36 64
36 67
36 69
36 70
36 74
36 75
36 76
36 77
36 78
36 81
36 82
36 84
36 85
36 86
36 87
36 88
36 89
36 93
36 95
36 96
36 99
36 100
36 101
36 103
36 104
36 107
36 109
36 110
36 114
36 117
36 119
36 120
36 121
36 122
36 123
36 125
36 126
36 128
36 129
36 131
36 132
36 133
36 134
36 135
36 138
36 139
36 141
36 142
36 143
36 145
36 151
36 152
36 161
36 162
36 166
36 167
36 168
36 169
36 170
36 171
36 173
36 174
36 177
36 185
36 186
36 187
37 38
37 39
37 41
37 42
37 45
37 46
37 47
37 48
37 50
37 51
37 52
37 57
37 58
37 61
37 62
37 64
37 67
37 70
37 72
37 74
37 75
37 76
37 79
37 82
37 84
37 87
37 88
37 89
37 91
37 93
37 95
37 99
37 100
37 101
37 102
37 105
37 109
37 111
37 113
37 120
37 121
37 125
37 126
37 128
37 130
37 131
37 133
37 134
37 137
37 142
37 143
37 144
37 146
37 148
37 149
37 151
37 156
37 160
37 161
37 162
37 163
37 166
37 167
37 168
37 169
37 171
37 173
37 177
37 178
37 180
37 181
37 182
37 183
37 186
38 39
38 41
38 43
38 44
38 49
38 52
38 53
38 58
38 59
38 60
38 62
38 66
38 68
38 69
38 70
38 71
38 72
38 75
38 77
38 78
38 79
38 80
38 85
38 87
38 90
38 92
38 93
38 97
38 98
38 102
38 106
38 110
38 111
38 112
38 114
38 115
38 118
38 119
38 120
38 121
38 125
38 126
38 127
38 129
38 130
38 133
38 135
38 136
38 139
38 140
38 142
38 146
38 147
38 151
38 152
38 153
38 154
38 160
38 162
38 167
38 169
38 170
38 171
38 172
38 173
38 178
38 182
38 183
38 185
39 40
39 41
39 43
39 44
39 45
39 46
39 47
39 49
39 50
39 52
39 53
39 56
39 60
39 61
39 63
39 64
39 65
39 66
39 70
39 73
39 76
39 78
39 80
39 81
39 82
39 84
39 85
39 86
39 87
39 91
39 93
39 95
39 98
39 100
39 104
39 105
39 107
39 108
39 110
39 111
39 112
39 113
39 118
39 122
39 123
39 126
39 127
39 128
39 130
39 131
39 133
39 134
39 136
39 138
39 139
39 144
39 145
39 146
39 147
39 148
39 150
39 152
39 154
39 155
39 156
39 157
39 159
39 160
39 163
39 164
39 165
39 166
39 171
39 173
39 176
39 179
39 182
39 183
39 184
39 185
40 42
40 44
40 45
40 46
40 49
40 50
40 51
40 52
40 53
40 55
40 56
40 57
40 58
40 60
40 61
40 62
40 63
40 65
40 66
40 68
40 69
40 70
40 71
40 72
40 74
40 77
40 78
40 85
40 87
40 89
40 90
40 91
40 92
40 94
40 95
40 96
40 99
40 100
40 103
40 104
40 106
40 107
40 109
40 111
40 116
40 117
40 118
40 119
40 122
40 123
40 125
40 127
40 129
40 130
40 133
40 135
40 137
40 138
40 140
40 141
40 143
40 144
40 146
40 150
40 151
40 152
40 153
40 157
40 166
40 167
40 168
40 170
40 172
40 173
40 174
40 177
40 179
40 180
40 181
40 182
40 184
40 185
40 187
41 42
41 44
41 45
41 46
41 47
41 48
41 49
41 50
41 51
41 52
41 53
41 55
41 56
41 57
41 58
41 59
41 60
41 64
41 65
41 67
41 68
41 72
41 76
41 78
41 79
41 82
41 83
41 86
41 88
41 89
41 90
41 93
41 94
41 97
41 98
41 99
41 101
41 102
41 103
41 104
41 105
41 108
41 109
41 110
41 111
41 113
41 114
41 115
41 118
41 122
41 126
41 127
41 128
41 129
41 133
41 139
41 140
41 142
41 143
41 144
41 146
41 149
41 151
41 154
41 156
41 157
41 160
41 161
41 162
41 163
41 166
41 167
41 169
41 170
41 171
41 175
41 178
41 179
41 180
41 183
41 187
42 47
42 48
42 50
42 51
42 52
42 53
42 55
42 61
42 63
42 64
42 67
42 68
42 72
42 73
42 74
42 75
42 76
42 78
42 79
42 80
42 81
42 82
42 83
42 85
42 87
42 88
42 89
42 90
42 92
42 95
42 97
42 98
42 100
42 104
42 105
42 108
42 109
42 110
42 112
42 115
42 116
42 120
42 126
42 132
42 136
42 139
42 141
42 144
42 146
42 147
42 148
42 150
42 151
42 152
42 154
42 155
42 156
42 157
42 158
42 159
42 160
42 161
42 162
42 163
42 165
42 166
42 168
42 169
42 171
42 174
42 175
42 176
42 177
42 178
42 181
42 183
43 45
43 47
43 50
43 51
43 53
43 55
43 57
43 59
43 62
43 64
43 65
43 66
43 67
43 68
43 74
43 76
43 79
43 80
43 82
43 83
43 84
43 87
43 88
43 89
43 90
43 91
43 92
43 93
43 97
43 98
43 99
43 100
43 104
43 108
43 109
43 110
43 114
43 115
43 117
43 118
43 121
43 123
43 127
43 131
43 140
43 141
43 142
43 144
43 147
43 150
43 151
43 152
43 158
43 160
43 161
43 162
43 163
43 164
43 165
43 167
43 169
43 171
43 174
43 178
43 180
43 185
43 186
43 187
44 47
44 48
44 49
44 50
44 52
44 53
44 54
44 57
44 58
44 60
44 61
44 62
44 64
44 66
44 67
44 68
44 70
44 74
44 75
44 76
44 77
44 78
44 79
44 80
44 83
44 85
44 86
44 90
44 91
44 92
44 93
44 94
44 96
44 97
44 99
44 100
44 105
44 106
44 109
44 111
44 114
44 120
44 121
44 122
44 123
44 124
44 126
44 130
44 131
44 132
44 133
44 137
44 138
44 141
44 143
44 144
44 145
44 146
44 147
44 148
44 149
44 150
44 154
44 155
44 156
44 158
44 159
44 160
44 161
44 162
44 164
44 165
44 167
44 169
44 171
44 173
44 175
44 176
44 178
44 179
44 182
44 185
44 187
45 47
45 48
45 49
45 51
45 53
45 56
45 57
45 59
45 61
45 63
45 64
45 65
45 67
45 68
45 69
45 74
45 80
45 81
45 82
45 84
45 87
45 89
45 91
45 92
45 93
45 94
45 95
45 99
45 100
45 102
45 107
45 108
45 110
45 111
45 112
45 113
45 114
45 117
45 119
45 120
45 121
45 123
45 124
45 125
45 126
45 128
45 129
45 130
45 132
45 133
45 135
45 136
45 140
45 141
45 142
45 147
45 149
45 151
45 153
45 155
45 156
45 157
45 159
45 161
45 163
45 164
45 171
45 173
45 174
45 176
45 177
45 180
45 181
45 182
45 183
45 184
45 186
45 187
46 47
46 48
46 49
46 50
46 51
46 52
46 58
46 59
46 61
46 62
46 63
46 66
46 69
46 75
46 76
46 77
46 78
46 80
46 81
46 82
46 83
46 86
46 87
46 88
46 89
46 91
46 92
46 94
46 95
46 96
46 98
46 99
46 101
46 105
46 106
46 107
46 108
46 109
46 110
46 111
46 113
46 114
46 115
46 118
46 119
46 120
46 121
46 124
46 125
46 126
46 131
46 133
46 134
46 135
46 136
46 137
46 140
46 141
46 142
46 147
46 148
46 153
46 155
46 156
46 157
46 158
46 159
46 162
46 166
46 169
46 172
46 174
46 175
46 176
46 178
46 179
46 180
47 48
47 49
47 54
47 55
47 57
47 58
47 59
47 62
47 63
47 66
47 68
47 69
47 70
47 72
47 73
47 74
47 75
47 76
47 77
47 80
47 81
47 83
47 84
47 85
47 86
47 88
47 89
47 92
47 94
47 96
47 97
47 100
47 101
47 104
47 106
47 107
47 109
47 110
47 111
47 112
47 114
47 117
47 118
47 120
47 121
47 122
47 124
47 125
47 132
47 133
47 134
47 136
47 142
47 143
47 146
47 148
47 149
47 151
47 152
47 154
47 155
47 158
47 159
47 162
47 163
47 166
47 167
47 169
47 172
47 179
47 184
47 185
47 186
47 187
48 50
48 51
48 54
48 55
48 56
48 59
48 61
48 62
48 63
48 65
48 66
48 67
48 69
48 70
48 73
48 75
48 77
48 79
48 80
48 82
48 83
48 89
48 90
48 91
48 94
48 95
48 96
48 100
48 101
48 102
48 103
48 105
48 107
48 109
48 110
48 114
48 116
48 117
48 119
48 120
48 122
48 125
48 127
48 128
48 131
48 133
48 134
48 137
48 139
48 140
48 145
48 148
48 149
48 151
48 153
48 154
48 157
48 161
48 163
48 164
48 165
48 167
48 168
48 169
48 171
48 176
48 179
48 180
48 181
48 183
48 185
48 187
49 50
49 51
49 52
49 56
49 57
49 59
49 60
49 61
49 62
49 65
49 66
49 67
49 68
49 69
49 70
49 71
49 72
49 74
49 75
49 81
49 82
49 83
49 86
49 87
49 88
49 89
49 91
49 92
49 93
49 94
49 95
49 96
49 104
49 106
49 111
49 112
49 115
49 116
49 117
49 118
49 120
49 121
49 122
49 124
49 125
49 127
49 129
49 134
49 135
49 136
49 139
49 141
49 143
49 145
49 147
49 148
49 149
49 154
49 156
49 157
49 158
49 159
49 161
49 162
49 163
49 165
49 168
49 169
49 172
49 174
49 175
49 181
49 182
49 183
49 185
49 187
50 52
50 54
50 55
50 56
50 58
50 59
50 60
50 62
50 64
50 66
50 68
50 70
50 71
50 73
50 74
50 75
50 77
50 81
50 82
50 85
50 86
50 87
50 93
50 94
50 95
50 97
50 98
50 100
50 101
50 103
50 104
50 107
50 115
50 116
50 117
50 118
50 119
50 123
50 124
50 127
50 129
50 130
50 133
50 134
50 135
50 139
50 140
50 142
50 147
50 148
50 149
50 153
50 154
50 162
50 167
50 170
50 175
50 176
50 177
50 178
50 184
50 185
51 52
51 53
51 56
51 57
51 59
51 60
51 62
51 63
51 65
51 66
51 67
51 69
51 72
51 73
51 74
51 77
51 78
51 80
51 81
51 82
51 83
51 84
51 85
51 87
51 88
51 89
51 90
51 93
51 95
51 96
51 98
51 101
51 103
51 104
51 105
51 107
51 114
51 115
51 116
51 117
51 124
51 127
51 129
51 134
51 135
51 137
51 138
51 141
51 146
51 148
51 152
51 165
51 167
51 168
51 170
51 172
51 176
51 177
51 180
51 183
52 53
52 55
52 57
52 59
52 60
52 61
52 64
52 65
52 67
52 68
52 70
52 71
52 72
52 73
52 75
52 77
52 79
52 81
52 82
52 85
52 86
52 90
52 91
52 95
52 97
52 102
52 105
52 107
52 109
52 111
52 112
52 113
52 114
52 118
52 119
52 120
52 122
52 123
52 124
52 127
52 129
52 130
52 134
52 136
52 138
52 139
52 140
52 142
52 144
52 147
52 153
52 158
52 159
52 161
52 162
52 164
52 165
52 166
52 170
52 178
52 179
52 180
52 181
52 182
52 183
52 185
52 186
52 187
53 54
53 55
53 56
53 60
53 62
53 66
53 67
53 68
53 69
53 72
53 73
53 76
53 77
53 78
53 79
53 83
53 85
53 88
53 90
53 91
53 95
53 98
53 101
53 102
53 105
53 106
53 109
53 111
53 113
53 115
53 116
53 118
53 122
53 123
53 124
53 126
53 127
53 128
53 133
53 134
53 135
53 136
53 137
53 138
53 139
53 140
53 142
53 145
53 149
53 155
53 156
53 160
53 161
53 162
53 163
53 165
53 166
53 169
53 173
53 175
53 176
53 178
53 182
53 183
53 185
53 186
53 187
54 55
54 56
54 57
54 63
54 64
54 65
54 66
54 69
54 70
54 71
54 72
54 73
54 74
54 75
54 77
54 79
54 81
54 82
54 84
54 85
54 89
54 96
54 97
54 104
54 106
54 108
54 109
54 111
54 117
54 122
54 123
54 125
54 127
54 131
54 132
54 133
54 136
54 138
54 139
54 140
54 141
54 143
54 144
54 145
54 148
54 150
54 153
54 154
54 155
54 157
54 159
54 160
54 163
54 164
54 167
54 168
54 169
54 170
54 172
54 174
54 175
54 178
54 182
54 184
54 185
55 58
55 60
55 61
55 63
55 64
55 65
55 69
55 70
55 72
55 73
55 75
55 76
55 77
55 78
55 79
55 80
55 81
55 83
55 86
55 89
55 92
55 94
55 98
55 99
55 100
55 101
55 102
55 103
55 107
55 108
55 109
55 110
55 111
55 112
55 115
55 116
55 117
55 118
55 121
55 122
55 124
55 125
55 126
55 128
55 132
55 134
55 135
55 140
55 142
55 144
55 145
55 147
55 150
55 152
55 155
55 156
55 160
55 163
55 164
55 165
55 166
55 167
55 171
55 173
55 174
55 175
55 176
55 178
55 179
55 180
55 182
55 183
55 184
55 187
56 58
56 60
56 65
56 67
56 68
56 71
56 72
56 76
56 77
56 78
56 80
56 86
56 88
56 89
56 90
56 91
56 95
56 96
56 97
56 98
56 101
56 104
56 106
56 108
56 111
56 116
56 117
56 119
56 121
56 124
56 125
56 126
56 127
56 129
56 130
56 133
56 134
56 135
56 136
56 138
56 139
56 140
56 142
56 143
56 146
56 147
56 149
56 151
56 154
56 155
56 157
56 158
56 161
56 162
56 163
56 167
56 169
56 170
56 171
56 174
56 176
56 178
56 179
56 180
56 183
56 185
56 186
57 58
57 60
57 61
57 63
57 65
57 67
57 68
57 71
57 72
57 74
57 75
57 77
57 78
57 81
57 84
57 85
57 86
57 87
57 88
57 89
57 93
57 97
57 98
57 101
57 103
57 105
57 106
57 107
57 110
57 112
57 113
57 118
57 119
57 120
57 121
57 123
57 126
57 127
57 128
57 129
57 139
57 140
57 142
57 144
57 145
57 146
57 147
57 150
57 152
57 154
57 158
57 159
57 160
57 161
57 162
57 163
57 164
57 165
57 166
57 172
57 173
57 174
57 179
57 185
57 186
57 187
58 61
58 63
58 70
58 73
58 74
58 75
58 76
58 79
58 80
58 87
58 90
58 91
58 96
58 98
58 99
58 101
58 102
58 104
58 105
58 106
58 109
58 110
58 111
58 112
58 113
58 114
58 119
58 121
58 123
58 124
58 128
58 129
58 131
58 134
58 135
58 136
58 137
58 139
58 142
58 144
58 146
58 148
58 150
58 151
58 152
58 153
58 154
58 155
58 156
58 159
58 161
58 164
58 166
58 167
58 170
58 171
58 172
58 173
58 180
58 181
58 183
58 185
59 64
59 65
59 67
59 68
59 70
59 71
59 72
59 76
59 79
59 80
59 81
59 82
59 83
59 84
59 85
59 86
59 88
59 89
59 90
59 91
59 98
59 99
59 100
59 101
59 104
59 105
59 106
59 107
59 108
59 109
59 110
59 111
59 112
59 113
59 115
59 116
59 119
59 120
59 123
59 125
59 126
59 130
59 131
59 132
59 135
59 137
59 138
59 140
59 142
59 147
59 149
59 150
59 151
59 152
59 153
59 154
59 155
59 157
59 158
59 159
59 163
59 165
59 166
59 167
59 168
59 170
59 172
59 173
59 174
59 177
59 179
59 181
59 182
59 184
59 185
60 61
60 62
60 64
60 66
60 67
60 68
60 70
60 72
60 73
60 74
60 76
60 77
60 78
60 82
60 85
60 86
60 87
60 90
60 91
60 92
60 94
60 96
60 97
60 101
60 102
60 104
60 109
60 110
60 111
60 112
60 115
60 117
60 121
60 124
60 126
60 132
60 134
60 137
60 138
60 141
60 144
60 145
60 147
60 150
60 151
60 152
60 160
60 164
60 165
60 166
60 168
60 169
60 170
60 175
60 177
60 181
60 182
60 185
60 187
61 62
61 64
61 71
61 73
61 77
61 79
61 80
61 81
61 83
61 85
61 86
61 88
61 92
61 93
61 94
61 96
61 99
61 101
61 104
61 106
61 107
61 108
61 109
61 110
61 111
61 113
61 114
61 118
61 120
61 121
61 124
61 125
61 128
61 129
61 131
61 132
61 134
61 137
61 138
61 141
61 144
61 145
61 147
61 150
61 152
61 157
61 159
61 162
61 163
61 164
61 165
61 166
61 167
61 169
61 170
61 174
61 176
61 177
61 178
61 182
61 183
61 184
61 186
62 63
62 67
62 69
62 71
62 74
62 79
62 80
62 81
62 84
62 85
62 86
62 87
62 88
62 92
62 93
62 95
62 97
62 98
62 101
62 102
62 104
62 105
62 106
62 107
62 112
62 114
62 115
62 117
62 118
62 119
62 120
62 121
62 122
62 125
62 127
62 130
62 131
62 133
62 134
62 136
62 137
62 140
62 145
62 146
62 149
62 152
62 153
62 158
62 160
62 161
62 163
62 164
62 167
62 168
62 169
62 171
62 174
62 175
62 178
62 183
62 184
63 64
63 65
63 66
63 67
63 68
63 69
63 72
63 74
63 75
63 76
63 77
63 78
63 80
63 81
63 83
63 84
63 85
63 87
63 90
63 91
63 92
63 94
63 97
63 99
63 101
63 103
63 104
63 107
63 108
63 109
63 110
63 112
63 118
63 120
63 123
63 124
63 126
63 127
63 128
63 129
63 133
63 135
63 136
63 137
63 138
63 141
63 142
63 143
63 144
63 145
63 148
63 149
63 150
63 151
63 154
63 157
63 158
63 159
63 161
63 164
63 171
63 174
63 175
63 176
63 178
63 180
63 181
63 183
63 185
63 186
64 66
64 68
64 70
64 75
64 80
64 81
64 82
64 83
64 85
64 86
64 88
64 90
64 92
64 95
64 99
64 101
64 102
64 104
64 105
64 108
64 109
64 110
64 112
64 114
64 115
64 118
64 120
64 121
64 124
64 125
64 126
64 128
64 129
64 131
64 132
64 134
64 136
64 137
64 138
64 145
64 146
64 147
64 149
64 150
64 151
64 155
64 157
64 158
64 159
64 164
64 165
64 168
64 171
64 172
64 174
64 176
64 180
64 182
64 183
64 184
64 186
64 187
65 67
65 71
65 72
65 74
65 75
65 76
65 78
65 79
65 80
65 82
65 83
65 84
65 86
65 87
65 88
65 96
65 97
65 99
65 100
65 102
65 105
65 106
65 107
65 108
65 110
65 114
65 119
65 121
65 124
65 126
65 127
65 131
65 132
65 133
65 135
65 138
65 139
65 143
65 145
65 150
65 151
65 152
65 154
65 155
65 156
65 163
65 164
65 166
65 167
65 169
65 170
65 171
65 172
65 175
65 176
65 185
65 186
66 67
66 68
66 70
66 73
66 75
66 76
66 78
66 80
66 83
66 84
66 85
66 86
66 88
66 91
66 92
66 93
66 95
66 96
66 98
66 101
66 102
66 103
66 104
66 105
66 106
66 110
66 111
66 115
66 116
66 117
66 124
66 128
66 129
66 130
66 131
66 132
66 140
66 141
66 143
66 144
66 145
66 146
66 148
66 150
66 155
66 156
66 157
66 158
66 159
66 160
66 161
66 162
66 166
66 168
66 171
66 175
66 176
66 177
66 180
66 182
66 184
66 187
67 69
67 72
67 75
67 78
67 79
67 85
67 90
67 91
67 93
67 94
67 95
67 96
67 97
67 98
67 99
67 101
67 104
67 105
67 106
67 107
67 108
67 111
67 113
67 114
67 116
67 119
67 121
67 125
67 126
67 131
67 132
67 133
67 134
67 135
67 136
67 137
67 138
67 140
67 141
67 142
67 143
67 144
67 146
67 147
67 148
67 149
67 150
67 151
67 152
67 154
67 156
67 157
67 158
67 159
67 160
67 161
67 162
67 163
67 164
67 165
67 167
67 173
67 180
67 182
67 186
67 187
68 72
68 74
68 76
68 77
68 78
68 80
68 82
68 84
68 88
68 91
68 92
68 93
68 94
68 95
68 96
68 99
68 100
68 102
68 103
68 109
68 111
68 112
68 114
68 115
68 117
68 121
68 122
68 123
68 124
68 129
68 130
68 131
68 134
68 137
68 138
68 140
68 141
68 147
68 148
68 149
68 156
68 162
68 164
68 167
68 168
68 171
68 173
68 175
68 178
68 179
68 180
68 182
68 183
68 185
68 186
69 71
69 76
69 77
69 79
69 83
69 85
69 87
69 88
69 89
69 93
69 94
69 95
69 96
69 97
69 101
69 104
69 107
69 112
69 113
69 116
69 119
69 120
69 121
69 122
69 127
69 129
69 132
69 133
69 134
69 135
69 138
69 140
69 141
69 142
69 144
69 145
69 149
69 153
69 154
69 155
69 156
69 157
69 158
69 159
69 160
69 161
69 162
69 165
69 166
69 168
69 169
69 170
69 171
69 176
69 177
69 178
69 179
69 184
70 71
70 72
70 73
70 74
70 76
70 77
70 79
70 80
70 81
70 83
70 84
70 87
70 88
70 90
70 91
70 92
70 93
70 94
70 95
70 96
70 101
70 103
70 104
70 105
70 108
70 109
70 110
70 112
70 113
70 114
70 116
70 121
70 123
70 128
70 129
70 131
70 132
70 134
70 135
70 136
70 137
70 144
70 146
70 147
70 149
70 151
70 152
70 153
70 154
70 156
70 157
70 158
70 159
70 162
70 163
70 168
70 169
70 171
70 173
70 177
70 179
70 180
70 181
70 183
70 184
70 186
71 74
71 77
71 78
71 80
71 82
71 83
71 84
71 86
71 88
71 89
71 91
71 93
71 94
71 95
71 96
71 97
71 98
71 100
71 102
71 103
71 107
71 109
71 110
71 116
71 117
71 119
71 120
71 124
71 125
71 127
71 131
71 132
71 134
71 135
71 136
71 138
71 139
71 140
71 141
71 145
71 146
71 148
71 150
71 151
71 152
71 153
71 156
71 165
71 166
71 167
71 168
71 169
71 172
71 174
71 175
71 176
71 178
71 179
71 180
71 182
71 183
71 186
71 187
72 74
72 76
72 77
72 80
72 81
72 83
72 85
72 86
72 90
72 92
72 93
72 95
72 99
72 100
72 103
72 104
72 110
72 112
72 113
72 114
72 116
72 117
72 118
72 120
72 122
72 123
72 126
72 127
72 129
72 130
72 131
72 132
72 133
72 137
72 138
72 140
72 141
72 142
72 143
72 144
72 147
72 153
72 162
72 164
72 166
72 168
72 169
72 170
72 172
72 175
72 176
72 180
72 181
72 182
72 184
73 74
73 75
73 76
73 77
73 78
73 79
73 80
73 81
73 82
73 83
73 86
73 89
73 91
73 92
73 93
73 96
73 97
73 98
73 100
73 101
73 102
73 104
73 105
73 106
73 107
73 111
73 112
73 114
73 115
73 116
73 117
73 120
73 122
73 123
73 126
73 132
73 134
73 136
73 137
73 138
73 141
73 143
73 144
73 145
73 149
73 150
73 151
73 152
73 155
73 156
73 157
73 158
73 168
73 171
73 174
73 177
73 180
73 183
73 184
74 75
74 76
74 77
74 78
74 79
74 80
74 81
74 83
74 84
74 85
74 86
74 87
74 90
74 92
74 96
74 98
74 99
74 100
74 101
74 102
74 106
74 108
74 109
74 117
74 119
74 120
74 125
74 126
74 128
74 129
74 131
74 133
74 135
74 143
74 148
74 149
74 155
74 156
74 157
74 161
74 163
74 167
74 168
74 169
74 173
74 174
74 176
74 180
74 181
74 185
75 77
75 80
75 82
75 84
75 85
75 90
75 91
75 93
75 94
75 95
75 96
75 97
75 98
75 100
75 105
75 107
75 110
75 111
75 112
75 113
75 114
75 116
75 119
75 120
75 122
75 124
75 125
75 126
75 128
75 131
75 134
75 135
75 137
75 138
75 139
75 141
75 142
75 145
75 147
75 148
75 149
75 150
75 153
75 155
75 157
75 159
75 163
75 165
75 171
75 174
75 178
75 182
75 183
75 185
75 187
76 77
76 78
76 81
76 85
76 87
76 88
76 89
76 90
76 93
76 96
76 99
76 100
76 102
76 104
76 110
76 111
76 112
76 113
76 114
76 119
76 121
76 122
76 123
76 125
76 126
76 128
76 129
76 132
76 133
76 134
76 135
76 136
76 137
76 139
76 140
76 142
76 144
76 145
76 146
76 150
76 151
76 152
76 154
76 156
76 157
76 159
76 161
76 162
76 164
76 170
76 171
76 173
76 176
76 180
76 182
76 184
76 185
77 78
77 84
77 85
77 87
77 88
77 89
77 92
77 93
77 95
77 97
77 98
77 99
77 100
77 101
77 103
77 105
77 109
77 112
77 114
77 115
77 116
77 117
77 120
77 121
77 122
77 124
77 125
77 126
77 129
77 130
77 132
77 135
77 136
77 143
77 144
77 147
77 148
77 149
77 151
77 152
77 157
77 164
77 168
77 169
77 170
77 172
77 174
77 175
77 176
77 177
77 180
77 182
77 183
77 184
77 185
78 79
78 80
78 81
78 82
78 83
78 86
78 87
78 90
78 91
78 92
78 93
78 100
78 103
78 108
78 110
78 111
78 113
78 115
78 117
78 121
78 124
78 128
78 129
78 132
78 133
78 140
78 141
78 142
78 143
78 144
78 145
78 147
78 148
78 149
78 150
78 153
78 156
78 157
78 158
78 159
78 160
78 163
78 164
78 167
78 168
78 172
78 173
78 175
78 181
78 183
78 184
78 186
79 80
79 82
79 84
79 87
79 90
79 92
79 93
79 94
79 97
79 99
79 102
79 104
79 106
79 109
79 111
79 112
79 113
79 114
79 115
79 117
79 119
79 120
79 121
79 122
79 127
79 128
79 129
79 130
79 131
79 135
79 138
79 139
79 141
79 142
79 143
79 146
79 149
79 154
79 155
79 157
79 158
79 159
79 164
79 168
79 170
79 173
79 175
79 179
79 180
79 181
79 182
79 183
79 184
79 185
79 186
80 81
80 83
80 84
80 87
80 89
80 91
80 92
80 94
80 97
80 100
80 102
80 103
80 105
80 109
80 110
80 111
80 112
80 115
80 118
80 120
80 121
80 122
80 124
80 125
80 126
80 127
80 130
80 131
80 132
80 134
80 135
80 142
80 150
80 152
80 153
80 155
80 156
80 157
80 160
80 161
80 162
80 163
80 164
80 165
80 167
80 168
80 170
80 171
80 172
80 174
80 175
80 179
80 181
80 187
81 83
81 85
81 86
81 87
81 89
81 90
81 92
81 93
81 94
81 100
81 103
81 105
81 106
81 109
81 111
81 114
81 115
81 119
81 121
81 122
81 123
81 126
81 127
81 130
81 131
81 136
81 137
81 140
81 144
81 146
81 149
81 150
81 152
81 153
81 155
81 156
81 157
81 158
81 161
81 162
81 163
81 165
81 166
81 169
81 171
81 172
81 175
81 178
81 179
81 182
81 183
81 184
81 186
82 84
82 89
82 90
82 92
82 93
82 96
82 98
82 100
82 102
82 103
82 104
82 105
82 106
82 109
82 110
82 113
82 115
82 119
82 121
82 123
82 125
82 126
82 127
82 128
82 131
82 134
82 135
82 144
82 145
82 148
82 149
82 150
82 151
82 153
82 154
82 155
82 160
82 163
82 164
82 165
82 167
82 168
82 170
82 172
82 173
82 174
82 176
82 177
82 178
82 179
82 180
82 183
82 184
82 186
82 187
83 84
83 86
83 88
83 92
83 93
83 97
83 102
83 103
83 105
83 106
83 108
83 110
83 111
83 112
83 113
83 116
83 117
83 118
83 121
83 123
83 124
83 125
83 127
83 129
83 130
83 133
83 134
83 142
83 143
83 144
83 149
83 152
83 154
83 158
83 162
83 163
83 164
83 168
83 169
83 171
83 172
83 175
83 177
83 178
83 185
83 187
84 86
84 89
84 90
84 93
84 94
84 95
84 96
84 100
84 103
84 105
84 106
84 108
84 109
84 110
84 111
84 113
84 114
84 116
84 118
84 120
84 121
84 124
84 125
84 128
84 130
84 133
84 134
84 135
84 136
84 141
84 142
84 143
84 144
84 145
84 153
84 155
84 161
84 162
84 163
84 166
84 167
84 168
84 170
84 173
84 174
84 176
84 177
84 178
84 181
84 182
84 185
85 86
85 87
85 88
85 89
85 90
85 91
85 93
85 95
85 96
85 97
85 100
85 102
85 107
85 109
85 110
85 118
85 121
85 122
85 128
85 133
85 137
85 138
85 142
85 143
85 150
85 151
85 153
85 154
85 155
85 158
85 159
85 166
85 169
85 171
85 175
85 176
85 179
85 180
85 181
85 182
85 183
85 184
85 186
86 87
86 89
86 90
86 93
86 96
86 97
86 98
86 100
86 101
86 104
86 105
86 107
86 109
86 111
86 112
86 113
86 117
86 118
86 119
86 122
86 124
86 126
86 127
86 128
86 129
86 130
86 135
86 136
86 137
86 139
86 140
86 141
86 142
86 143
86 146
86 149
86 154
86 155
86 162
86 163
86 166
86 168
86 169
86 170
86 172
86 174
86 176
86 177
86 178
86 182
86 183
86 185
87 88
87 90
87 92
87 96
87 97
87 98
87 99
87 100
87 103
87 105
87 106
87 108
87 112
87 114
87 115
87 119
87 120
87 122
87 124
87 127
87 130
87 131
87 133
87 135
87 137
87 151
87 152
87 154
87 155
87 157
87 160
87 161
87 163
87 165
87 170
87 173
87 175
87 176
87 177
87 178
87 180
87 182
87 184
87 187
88 90
88 92
88 96
88 97
88 98
88 99
88 101
88 103
88 104
88 105
88 106
88 108
88 113
88 119
88 120
88 121
88 122
88 123
88 124
88 126
88 127
88 129
88 130
88 132
88 135
88 136
88 137
88 149
88 152
88 154
88 155
88 156
88 158
88 159
88 161
88 172
88 177
88 181
88 182
88 185
88 186
88 187
89 90
89 91
89 93
89 94
89 97
89 98
89 99
89 101
89 102
89 103
89 108
89 115
89 117
89 118
89 119
89 123
89 124
89 128
89 131
89 132
89 133
89 134
89 135
89 136
89 144
89 146
89 147
89 149
89 154
89 155
89 156
89 157
89 163
89 165
89 169
89 172
89 173
89 176
89 179
89 180
89 184
89 186
89 187
90 91
90 94
90 95
90 96
90 97
90 98
90 99
90 102
90 103
90 106
90 108
90 110
90 113
90 114
90 115
90 117
90 119
90 120
90 121
90 122
90 126
90 127
90 129
90 132
90 133
90 138
90 140
90 145
90 148
90 151
90 153
90 155
90 156
90 157
90 159
90 160
90 163
90 164
90 167
90 169
90 171
90 173
90 177
90 178
90 181
90 184
91 92
91 95
91 96
91 97
91 99
91 100
91 103
91 104
91 107
91 111
91 112
91 113
91 116
91 118
91 120
91 122
91 123
91 127
91 129
91 130
91 132
91 133
91 137
91 139
91 140
91 142
91 144
91 145
91 147
91 149
91 150
91 152
91 153
91 154
91 157
91 158
91 159
91 160
91 163
91 165
91 166
91 170
91 181
91 184
91 186
92 93
92 95
92 97
92 99
92 100
92 105
92 108
92 110
92 113
92 114
92 116
92 117
92 124
92 125
92 129
92 133
92 136
92 138
92 139
92 141
92 142
92 144
92 145
92 147
92 149
92 152
92 153
92 154
92 155
92 158
92 162
92 165
92 171
92 177
92 178
92 180
92 183
92 187
93 94
93 96
93 97
93 98
93 101
93 102
93 104
93 106
93 107
93 108
93 109
93 111
93 114
93 118
93 120
93 125
93 127
93 129
93 130
93 132
93 134
93 135
93 136
93 137
93 138
93 139
93 141
93 142
93 143
93 145
93 151
93 152
93 155
93 156
93 157
93 158
93 160
93 162
93 165
93 171
93 173
93 174
93 175
93 176
93 181
93 183
94 95
94 98
94 99
94 100
94 101
94 106
94 109
94 110
94 114
94 116
94 117
94 119
94 120
94 122
94 123
94 124
94 126
94 128
94 132
94 133
94 134
94 135
94 137
94 140
94 142
94 143
94 145
94 147
94 148
94 149
94 151
94 153
94 154
94 156
94 157
94 158
94 159
94 163
94 165
94 168
94 169
94 170
94 171
94 174
94 176
94 179
94 181
94 183
94 187
95 97
95 101
95 102
95 105
95 107
95 110
95 116
95 118
95 121
95 123
95 126
95 127
95 128
95 130
95 133
95 134
95 136
95 139
95 141
95 142
95 143
95 144
95 145
95 146
95 148
95 151
95 153
95 155
95 156
95 158
95 159
95 164
95 165
95 168
95 169
95 174
95 176
95 177
95 180
95 181
95 183
95 184
95 185
95 186
95 187
96 99
96 102
96 104
96 106
96 107
96 109
96 111
96 112
96 113
96 116
96 118
96 122
96 123
96 124
96 125
96 126
96 127
96 128
96 130
96 131
96 132
96 136
96 137
96 141
96 143
96 149
96 152
96 154
96 156
96 160
96 162
96 164
96 165
96 169
96 174
96 175
96 176
96 178
96 179
96 181
97 98
97 100
97 101
97 107
97 108
97 113
97 114
97 115
97 116
97 117
97 118
97 123
97 125
97 127
97 129
97 130
97 131
97 133
97 134
97 135
97 136
97 139
97 143
97 145
97 146
97 147
97 154
97 157
97 158
97 162
97 164
97 166
97 172
97 174
97 175
97 180
97 184
97 185
98 100
98 103
98 105
98 108
98 109
98 113
98 119
98 121
98 122
98 125
98 129
98 130
98 131
98 132
98 134
98 138
98 139
98 145
98 148
98 149
98 151
98 154
98 155
98 156
98 158
98 159
98 160
98 162
98 163
98 165
98 166
98 167
98 169
98 174
98 180
98 182
98 186
99 101
99 102
99 103
99 106
99 107
99 109
99 114
99 116
99 119
99 122
99 123
99 124
99 126
99 128
99 129
99 131
99 132
99 133
99 135
99 136
99 137
99 138
99 143
99 144
99 147
99 153
99 154
99 155
99 157
99 162
99 164
99 173
99 175
99 177
99 184
100 102
100 105
100 108
100 111
100 113
100 114
100 115
100 118
100 123
100 129
100 130
100 133
100 134
100 135
100 136
100 137
100 138
100 139
100 140
100 141
100 144
100 146
100 149
100 151
100 154
100 155
100 156
100 157
100 159
100 161
100 169
100 170
100 173
100 174
100 179
100 180
100 181
100 186
100 187
101 102
101 104
101 107
101 109
101 110
101 113
101 117
101 118
101 122
101 124
101 126
101 130
101 131
101 134
101 136
101 139
101 140
101 142
101 143
101 146
101 147
101 149
101 151
101 154
101 156
101 161
101 163
101 172
101 177
101 181
101 184
101 187
102 103
102 105
102 106
102 107
102 109
102 111
102 113
102 115
102 116
102 117
102 118
102 121
102 123
102 124
102 127
102 130
102 131
102 132
102 135
102 136
102 137
102 139
102 140
102 141
102 143
102 145
102 146
102 150
102 151
102 153
102 157
102 160
102 163
102 166
102 167
102 168
102 171
102 172
102 175
102 177
102 179
102 181
102 182
102 183
102 184
102 187
103 106
103 108
103 109
103 110
103 115
103 116
103 118
103 121
103 122
103 127
103 131
103 135
103 136
103 139
103 143
103 145
103 146
103 147
103 148
103 149
103 150
103 151
103 153
103 154
103 155
103 156
103 157
103 160
103 164
103 165
103 167
103 170
103 173
103 175
103 179
103 182
103 183
103 185
104 106
104 107
104 108
104 111
104 112
104 113
104 114
104 117
104 119
104 120
104 124
104 127
104 128
104 132
104 133
104 134
104 135
104 137
104 138
104 141
104 143
104 145
104 146
104 147
104 148
104 151
104 152
104 154
104 156
104 160
104 161
104 167
104 168
104 169
104 175
104 176
104 178
104 181
104 185
105 106
105 107
105 110
105 112
105 116
105 117
105 118
105 122
105 124
105 125
105 126
105 128
105 129
105 131
105 132
105 135
105 138
105 139
105 145
105 146
105 147
105 151
105 156
105 162
105 163
105 166
105 167
105 168
105 169
105 170
105 171
105 173
105 175
105 178
105 179
105 181
105 184
105 185
105 187
106 107
106 108
106 109
106 110
106 113
106 117
106 118
106 119
106 120
106 121
106 126
106 127
106 128
106 130
106 136
106 138
106 144
106 145
106 146
106 147
106 148
106 149
106 150
106 152
106 153
106 155
106 161
106 163
106 164
106 166
106 168
106 169
106 170
106 174
106 175
106 179
106 180
106 185
106 186
106 187
107 111
107 113
107 117
107 118
107 124
107 128
107 129
107 130
107 131
107 133
107 138
107 139
107 140
107 141
107 144
107 145
107 146
107 149
107 153
107 157
107 166
107 167
107 170
107 172
107 173
107 175
107 178
107 179
107 182
107 184
107 185
107 186
107 187
108 109
108 110
108 115
108 116
108 117
108 118
108 119
108 122
108 123
108 126
108 134
108 135
108 136
108 137
108 138
108 141
108 143
108 144
108 147
108 152
108 156
108 157
108 158
108 162
108 166
108 169
108 170
108 173
108 174
108 176
108 178
108 179
108 180
108 182
108 184
109 110
109 114
109 117
109 119
109 125
109 127
109 129
109 135
109 140
109 142
109 146
109 147
109 149
109 150
109 152
109 153
109 161
109 162
109 164
109 165
109 168
109 169
109 174
109 175
109 178
109 180
109 183
110 112
110 120
110 122
110 124
110 125
110 130
110 131
110 132
110 133
110 134
110 137
110 138
110 141
110 146
110 150
110 151
110 152
110 158
110 163
110 164
110 165
110 166
110 169
110 173
110 174
110 175
110 180
110 181
110 184
110 185
110 187
111 115
111 117
111 118
111 119
111 120
111 121
111 122
111 124
111 126
111 127
111 128
111 132
111 135
111 141
111 143
111 144
111 147
111 154
111 155
111 165
111 167
111 168
111 170
111 171
111 172
111 173
111 175
111 177
111 185
111 186
111 187
112 113
112 114
112 115
112 116
112 118
112 120
112 121
112 122
112 123
112 125
112 126
112 128
112 129
112 132
112 133
112 134
112 136
112 137
112 139
112 141
112 144
112 150
112 151
112 153
112 154
112 157
112 171
112 172
112 175
112 185
112 186
113 119
113 120
113 123
113 124
113 125
113 126
113 130
113 131
113 138
113 140
113 143
113 145
113 148
113 153
113 154
113 155
113 159
113 160
113 162
113 163
113 165
113 169
113 171
113 172
113 173
113 180
113 183
113 184
113 186
114 115
114 120
114 121
114 123
114 129
114 131
114 134
114 136
114 137
114 138
114 139
114 145
114 149
114 150
114 152
114 153
114 154
114 157
114 158
114 159
114 160
114 162
114 164
114 165
114 166
114 167
114 170
114 173
114 176
114 177
114 181
114 185
114 186
115 116
115 117
115 121
115 123
115 125
115 128
115 131
115 132
115 134
115 139
115 140
115 143
115 148
115 150
115 151
115 155
115 157
115 160
115 162
115 163
115 164
115 165
115 168
115 171
115 172
115 175
115 176
115 180
116 119
116 121
116 122
116 123
116 127
116 128
116 132
116 134
116 136
116 137
116 139
116 142
116 143
116 145
116 147
116 149
116 150
116 151
116 153
116 155
116 160
116 161
116 164
116 165
116 168
116 170
116 174
116 176
116 177
116 178
116 179
116 180
116 181
116 182
116 183
117 118
117 119
117 120
117 123
117 125
117 126
117 128
117 129
117 130
117 131
117 132
117 139
117 145
117 146
117 149
117 150
117 152
117 159
117 160
117 161
117 165
117 169
117 170
117 171
117 172
117 173
117 174
117 178
117 179
117 181
117 183
118 121
118 125
118 128
118 130
118 131
118 132
118 135
118 136
118 141
118 142
118 143
118 148
118 150
118 156
118 160
118 161
118 163
118 167
118 168
118 169
118 170
118 172
118 175
118 179
118 181
118 182
118 183
118 184
118 186
119 123
119 125
119 127
119 128
119 129
119 131
119 136
119 137
119 139
119 140
119 141
119 144
119 151
119 154
119 155
119 157
119 160
119 165
119 166
119 167
119 171
119 174
119 176
119 178
119 179
119 180
119 186
119 187
120 122
120 125
120 130
120 131
120 136
120 137
120 141
120 142
120 143
120 145
120 146
120 148
120 151
120 152
120 153
120 156
120 161
120 162
120 163
120 166
120 169
120 170
120 172
120 173
120 174
120 176
120 177
120 178
120 179
120 181
120 183
120 187
121 122
121 123
121 124
121 125
121 126
121 130
121 139
121 142
121 143
121 150
121 153
121 154
121 155
121 156
121 160
121 161
121 163
121 165
121 169
121 171
121 173
121 174
121 176
121 177
121 180
121 181
121 184
122 123
122 124
122 125
122 127
122 129
122 132
122 139
122 143
122 144
122 146
122 148
122 152
122 155
122 158
122 163
122 164
122 168
122 170
122 171
122 176
122 181
122 186
123 124
123 125
123 127
123 131
123 132
123 135
123 136
123 142
123 148
123 150
123 153
123 155
123 156
123 159
123 160
123 162
123 164
123 167
123 171
123 172
123 176
123 180
124 128
124 129
124 131
124 140
124 141
124 146
124 150
124 151
124 153
124 154
124 158
124 161
124 167
124 168
124 170
124 177
124 181
124 185
124 186
125 127
125 129
125 130
125 131
125 134
125 140
125 141
125 142
125 143
125 145
125 146
125 148
125 149
125 151
125 158
125 164
125 171
125 172
125 177
125 178
125 180
125 182
125 183
125 186
126 129
126 132
126 135
126 138
126 140
126 144
126 145
126 147
126 149
126 154
126 155
126 156
126 158
126 163
126 168
126 169
126 170
126 171
126 173
126 176
126 177
126 181
126 182
126 184
126 186
126 187
127 128
127 129
127 133
127 139
127 143
127 146
127 148
127 150
127 152
127 153
127 154
127 158
127 161
127 162
127 164
127 167
127 169
127 170
127 171
127 172
127 173
127 174
127 177
127 178
127 179
127 185
127 187
128 129
128 130
128 131
128 132
128 134
128 139
128 141
128 142
128 145
128 146
128 148
128 149
128 152
128 153
128 154
128 155
128 158
128 159
128 160
128 162
128 165
128 166
128 167
128 169
128 172
128 173
128 186
129 132
129 136
129 137
129 138
129 139
129 140
129 144
129 146
129 147
129 150
129 152
129 154
129 155
129 157
129 171
129 180
129 181
129 182
129 185
130 133
130 135
130 136
130 137
130 138
130 139
130 143
130 144
130 145
130 146
130 147
130 152
130 153
130 156
130 157
130 159
130 163
130 164
130 165
130 166
130 170
130 173
130 177
130 179
130 182
130 183
131 132
131 133
131 135
131 137
131 138
131 139
131 140
131 141
131 143
131 144
131 145
131 147
131 152
131 153
131 155
131 157
131 158
131 159
131 160
131 168
131 169
131 171
131 175
131 176
131 177
131 181
132 138
132 140
132 143
132 145
132 146
132 148
132 149
132 152
132 154
132 156
132 157
132 159
132 164
132 170
132 172
132 174
132 184
132 185
132 187
133 134
133 136
133 137
133 138
133 141
133 146
133 147
133 148
133 153
133 157
133 158
133 159
133 162
133 165
133 166
133 168
133 170
133 172
133 173
133 175
133 176
133 178
133 179
133 180
133 181
134 135
134 141
134 147
134 148
134 151
134 152
134 155
134 157
134 159
134 160
134 161
134 162
134 164
134 167
134 169
134 173
134 174
134 175
134 178
134 180
134 184
134 186
135 136
135 137
135 138
135 142
135 143
135 149
135 154
135 156
135 159
135 160
135 180
135 182
135 183
135 185
136 137
136 138
136 139
136 141
136 142
136 145
136 146
136 149
136 151
136 153
136 157
136 158
136 160
136 165
136 172
136 173
136 177
136 183
136 185
137 139
137 140
137 141
137 143
137 146
137 148
137 151
137 158
137 159
137 160
137 161
137 166
137 170
137 177
137 182
137 183
137 184
137 185
138 142
138 143
138 146
138 148
138 149
138 152
138 154
138 156
138 161
138 164
138 165
138 173
138 174
138 180
138 181
138 183
139 140
139 141
139 144
139 149
139 151
139 153
139 156
139 157
139 158
139 161
139 162
139 167
139 180
139 181
139 184
139 186
139 187
140 148
140 151
140 152
140 155
140 157
140 162
140 163
140 166
140 169
140 172
140 174
140 176
140 182
140 185
141 146
141 153
141 155
141 156
141 158
141 160
141 161
141 164
141 165
141 166
141 168
141 169
141 174
141 187
142 143
142 145
142 146
142 147
142 153
142 155
142 156
142 158
142 160
142 162
142 163
142 164
142 165
142 175
142 176
142 180
142 181
143 145
143 149
143 150
143 151
143 153
143 155
143 156
143 160
143 161
143 166
143 172
143 174
143 177
143 182
143 183
143 187
144 145
144 146
144 147
144 148
144 150
144 153
144 155
144 156
144 158
144 160
144 163
144 166
144 168
144 171
144 175
144 177
144 179
144 183
145 146
145 154
145 157
145 161
145 162
145 163
145 166
145 167
145 169
145 170
145 178
145 179
145 180
145 181
145 185
146 147
146 149
146 151
146 161
146 165
146 167
146 173
146 175
146 178
146 182
146 184
147 152
147 153
147 157
147 161
147 168
147 172
147 177
147 180
147 182
147 184
147 185
147 186
147 187
148 152
148 154
148 155
148 159
148 161
148 165
148 169
148 171
148 172
148 176
148 177
148 181
148 182
148 183
148 185
149 150
149 152
149 155
149 157
149 159
149 160
149 162
149 167
149 170
149 171
149 174
149 176
149 177
149 179
149 183
149 187
150 151
150 152
150 162
150 167
150 169
150 170
150 171
150 174
150 178
150 179
150 182
150 183
150 184
150 186
150 187
151 159
151 162
151 164
151 167
151 168
151 170
151 171
151 174
151 177
151 179
151 181
151 182
151 184
152 154
152 161
152 162
152 163
152 166
152 168
152 169
152 170
152 171
152 174
152 175
152 179
152 180
152 181
152 183
152 185
153 154
153 155
153 158
153 161
153 164
153 165
153 166
153 167
153 170
153 172
153 173
153 177
153 179
153 180
153 182
153 184
153 185
153 186
153 187
154 155
154 156
154 157
154 160
154 164
154 165
154 169
154 170
154 174
154 178
154 179
154 184
154 186
155 156
155 158
155 161
155 163
155 164
155 170
155 172
155 173
155 175
155 176
155 178
155 179
156 159
156 160
156 166
156 169
156 173
156 176
156 178
156 179
156 181
156 182
156 183
156 184
156 185
157 164
157 165
157 170
157 174
157 178
157 179
157 180
157 184
158 159
158 160
158 161
158 163
158 168
158 169
158 170
158 171
158 174
158 176
158 177
158 179
158 184
158 186
158 187
159 161
159 162
159 165
159 167
159 169
159 170
159 173
159 174
159 175
159 178
159 180
159 182
159 183
160 161
160 167
160 172
160 173
160 174
160 176
160 177
160 178
160 179
160 182
160 184
160 185
161 162
161 166
161 168
161 171
161 178
161 179
161 181
162 166
162 168
162 169
162 170
162 172
162 173
162 174
162 177
162 181
162 183
162 185
162 186
163 164
163 165
163 166
163 167
163 168
163 171
163 172
163 173
163 175
163 176
163 178
163 180
163 184
163 186
163 187
164 165
164 166
164 172
164 174
164 175
164 177
164 183
164 186
165 166
165 170
165 173
165 175
165 178
165 180
166 170
166 178
166 180
166 187
167 168
167 172
167 175
167 177
167 180
167 186
167 187
168 169
168 172
168 173
168 174
168 175
168 180
168 183
168 187
169 173
169 185
169 186
170 176
170 177
170 186
170 187
171 175
171 177
171 179
171 180
171 182
171 185
172 173
172 174
172 177
172 178
172 179
172 182
172 183
172 186
172 187
173 185
173 187
174 178
174 179
174 180
175 177
175 178
175 179
175 183
175 185
176 177
177 179
177 181
177 183
177 186
178 183
178 184
178 187
179 181
179 184
179 185
179 186
179 187
180 181
180 183
181 182
181 183
181 186
182 184
185 186
