180
0 1
0 20
0 76
1 2
1 48
1 50
1 79
1 106
2 3
2 12
2 36
2 54
2 82
3 4
3 6
3 7
3 43
3 55
3 66
3 150
4 5
4 9
4 10
4 11
4 62
4 69
4 132
5 13
5 62
5 75
5 107
5 130
5 155
5 159
6 8
6 18
6 136
6 171
7 23
7 27
7 28
7 46
7 63
7 75
7 114
7 131
8 31
8 37
8 98
8 104
8 170
9 95
9 142
9 148
9 163
9 169
10 14
10 74
10 100
10 108
10 140
10 171
11 27
11 40
11 56
11 70
11 107
12 34
12 59
12 65
13 26
13 88
14 15
14 16
14 24
14 35
14 135
15 17
15 22
15 111
15 171
15 174
16 19
16 78
17 18
17 154
18 62
18 99
19 21
19 39
19 55
19 129
19 150
20 41
20 87
20 126
20 133
21 25
21 30
21 31
21 32
21 47
21 98
21 143
21 152
22 60
22 146
23 66
23 72
23 84
24 29
24 125
24 178
25 55
25 136
26 42
26 61
26 109
26 133
26 153
27 44
27 80
28 126
29 53
29 103
29 112
29 124
30 33
30 52
30 58
30 86
31 55
31 68
31 115
31 174
32 43
32 52
32 84
32 100
32 111
32 151
33 59
33 91
33 142
33 160
33 179
34 53
34 57
34 79
34 163
35 49
35 56
35 151
36 38
36 43
36 108
36 156
36 167
36 172
37 68
37 81
37 113
37 126
37 144
38 58
38 69
38 94
38 97
38 178
39 53
39 97
40 45
40 50
40 58
41 67
41 77
41 109
41 120
41 176
42 111
42 117
42 158
42 162
43 49
43 101
43 141
44 61
44 93
44 97
44 136
44 179
45 81
45 117
46 49
46 119
47 77
47 119
47 122
48 51
48 64
48 66
48 75
48 102
48 120
49 61
49 96
49 139
50 118
51 73
51 104
51 148
51 158
52 71
52 79
52 122
53 102
53 125
53 172
54 84
54 94
55 111
55 132
57 81
57 88
57 110
57 152
58 70
58 105
58 152
59 64
59 67
59 85
60 72
60 103
60 106
60 161
61 85
62 149
63 103
63 175
64 82
64 92
64 168
65 98
65 167
66 67
66 71
67 78
67 147
67 162
67 164
68 80
68 117
68 147
69 179
70 83
70 84
70 91
70 142
70 145
71 89
71 138
71 148
72 90
72 116
72 127
72 166
73 158
73 172
74 84
74 148
75 92
76 89
76 112
76 145
77 125
77 136
77 150
77 155
77 171
78 93
78 137
78 140
79 128
80 100
80 168
81 83
81 102
81 144
82 95
82 170
82 172
83 106
83 121
83 178
84 119
85 102
85 137
85 173
86 88
87 142
87 155
88 105
89 119
89 138
89 169
89 176
90 94
91 99
91 159
92 174
93 101
93 118
93 127
94 95
94 140
94 164
94 169
95 111
95 143
95 153
96 126
96 131
96 166
97 109
97 147
97 155
98 147
98 149
98 151
98 161
99 123
99 124
100 106
100 154
100 165
101 113
101 134
101 156
102 143
102 157
102 169
104 134
104 162
105 179
107 112
107 126
108 143
108 170
109 161
110 122
110 153
110 161
110 164
110 172
111 168
113 134
114 175
115 176
116 139
117 123
117 129
118 130
118 150
120 163
121 173
121 177
122 125
122 158
123 153
123 167
125 154
126 145
126 146
127 156
127 174
128 130
128 133
129 139
129 151
129 157
130 139
130 141
135 171
137 170
138 164
139 152
139 160
140 162
143 145
143 148
144 168
144 177
145 169
147 157
154 160
154 167
155 174
156 168
156 178
157 176
158 176
159 165
159 177
160 162
160 167
161 163
165 179
