188
0 1
0 2
0 8
0 39
0 53
0 91
0 175
1 3
1 4
1 34
1 45
1 60
1 64
1 107
1 165
1 167
1 179
2 3
2 6
2 11
3 7
3 45
3 48
3 65
3 112
4 5
4 9
4 15
4 49
4 120
5 14
5 16
5 21
5 36
5 89
5 97
5 175
6 10
6 13
6 18
6 21
6 163
7 56
7 84
7 140
7 157
8 14
8 67
8 116
9 12
9 41
9 80
9 99
9 128
10 19
10 23
10 44
10 73
10 87
10 101
10 182
11 20
11 46
11 92
11 104
11 146
12 17
12 24
12 27
12 28
12 40
12 43
12 59
12 75
13 22
13 38
13 42
13 172
14 58
14 82
14 97
14 138
14 178
15 18
15 22
15 92
15 135
15 138
16 105
16 147
17 29
17 30
17 33
17 50
17 70
17 71
17 84
17 103
17 132
18 25
18 102
18 131
18 142
18 163
19 55
19 111
19 121
20 59
20 152
21 96
22 129
22 132
23 31
23 46
23 72
23 74
23 86
24 76
24 134
25 26
25 35
25 42
25 122
25 160
25 169
26 105
27 56
27 98
27 182
27 185
28 50
28 52
28 120
28 157
28 166
28 171
29 77
29 125
29 155
30 32
30 47
30 162
30 164
31 137
31 156
32 52
32 60
32 87
32 143
32 170
33 124
34 65
34 88
34 101
34 114
34 117
34 148
34 186
35 37
35 109
35 168
35 176
36 56
36 83
36 89
36 137
36 184
37 50
37 52
37 137
38 69
38 81
38 93
38 102
38 103
38 138
39 47
39 51
39 69
39 155
40 74
40 102
40 144
40 149
41 61
41 99
41 144
41 168
42 54
42 57
42 156
43 92
43 149
44 78
44 108
44 114
45 63
45 93
46 78
47 48
47 63
47 66
48 68
48 82
48 88
48 158
49 61
50 100
50 156
50 183
51 62
51 94
51 160
51 186
52 55
52 82
52 101
52 113
52 132
53 80
54 75
55 90
55 103
55 154
55 181
56 176
56 183
57 74
57 90
57 126
58 147
58 149
58 150
58 173
58 185
59 77
59 103
59 151
59 177
59 180
60 113
60 118
61 143
61 173
61 174
62 77
62 119
62 152
62 187
63 98
63 127
63 135
63 165
64 66
64 101
64 140
64 146
65 72
65 130
65 155
65 160
65 187
66 162
66 172
67 85
67 153
68 108
68 125
68 154
68 173
68 179
69 76
69 148
69 162
70 157
71 106
71 185
72 73
72 80
72 99
72 114
72 118
73 77
73 79
74 82
74 106
74 122
74 133
75 76
75 141
75 184
78 113
78 138
78 151
78 159
78 178
79 136
80 145
81 122
81 144
81 149
82 132
82 148
82 183
83 104
83 125
83 171
84 158
85 95
86 106
86 118
86 133
86 185
87 92
87 119
87 132
87 187
88 117
88 166
89 98
89 102
89 121
89 123
89 131
90 140
90 142
91 100
91 123
91 153
91 179
92 96
93 125
93 145
93 147
94 104
94 111
95 114
95 127
95 146
95 156
95 158
96 116
96 119
96 144
97 109
99 112
99 178
100 130
100 170
100 177
101 115
102 141
103 170
104 110
104 113
104 119
105 124
105 150
106 122
106 156
106 187
107 154
109 146
110 143
111 134
111 137
111 158
113 166
114 116
115 118
115 178
116 131
117 175
119 150
119 171
120 143
120 170
122 127
123 128
124 169
126 176
127 128
127 170
129 161
129 174
131 139
133 145
133 155
134 136
134 148
135 139
135 171
135 183
136 161
136 179
136 180
136 186
137 178
138 152
138 172
138 175
139 154
140 153
140 160
141 162
141 163
141 164
141 180
143 161
143 169
146 159
147 183
148 181
153 173
153 187
155 158
156 177
158 174
159 165
159 181
164 184
167 172
168 186
171 172
