188
0 1
0 4
0 5
0 6
0 9
0 13
0 14
0 15
0 16
0 18
0 19
0 20
0 21
0 22
0 24
0 26
0 27
0 28
0 29
0 30
0 31
0 32
0 33
0 35
0 37
0 38
0 39
0 41
0 43
0 44
0 46
0 47
0 48
0 49
0 51
0 53
0 54
0 55
0 56
0 57
0 58
0 59
0 60
0 61
0 63
0 65
0 66
0 69
0 70
0 72
0 73
0 74
0 76
0 77
0 79
0 84
0 88
0 89
0 90
0 91
0 92
0 93
0 95
0 97
0 99
0 100
0 101
0 103
0 106
0 107
0 108
0 109
0 111
0 115
0 116
0 117
0 118
0 119
0 120
0 124
0 125
0 126
0 128
0 131
0 132
0 134
0 135
0 136
0 137
0 142
0 143
0 144
0 146
0 147
0 148
0 150
0 152
0 153
0 155
0 156
0 157
0 160
0 162
0 163
0 164
0 166
0 169
0 171
0 172
0 175
0 176
0 182
0 187
1 2
1 3
1 4
1 6
1 7
1 8
1 10
1 11
1 12
1 13
1 14
1 16
1 17
1 19
1 20
1 21
1 22
1 24
1 25
1 26
1 28
1 30
1 31
1 34
1 37
1 40
1 41
1 42
1 43
1 46
1 47
1 48
1 50
1 52
1 53
1 55
1 57
1 58
1 59
1 60
1 61
1 62
1 63
1 67
1 68
1 70
1 71
1 75
1 76
1 77
1 79
1 80
1 82
1 84
1 85
1 86
1 87
1 88
1 89
1 90
1 91
1 92
1 93
1 94
1 95
1 96
1 97
1 101
1 102
1 103
1 105
1 106
1 109
1 110
1 113
1 114
1 115
1 116
1 117
1 118
1 119
1 122
1 123
1 124
1 125
1 127
1 130
1 131
1 133
1 134
1 138
1 139
1 142
1 146
1 151
1 155
1 158
1 159
1 167
1 168
1 169
1 170
1 171
1 172
1 173
1 174
1 175
1 176
1 177
1 178
1 179
1 180
1 181
1 183
1 185
2 3
2 4
2 5
2 6
2 7
2 8
2 9
2 10
2 11
2 12
2 14
2 15
2 16
2 17
2 18
2 21
2 22
2 23
2 24
2 25
2 26
2 27
2 30
2 31
2 32
2 33
2 34
2 35
2 39
2 40
2 42
2 43
2 46
2 47
2 48
2 50
2 52
2 53
2 54
2 58
2 59
2 61
2 63
2 65
2 67
2 68
2 69
2 70
2 72
2 75
2 76
2 78
2 79
2 81
2 82
2 83
2 84
2 85
2 87
2 88
2 89
2 90
2 91
2 93
2 95
2 96
2 98
2 100
2 101
2 102
2 103
2 105
2 107
2 108
2 109
2 110
2 111
2 115
2 116
2 117
2 118
2 120
2 121
2 122
2 124
2 126
2 129
2 132
2 135
2 139
2 140
2 145
2 150
2 151
2 153
2 154
2 157
2 158
2 160
2 162
2 163
2 164
2 165
2 171
2 172
2 178
2 179
2 180
2 181
2 182
2 185
3 4
3 5
3 7
3 8
3 10
3 12
3 14
3 19
3 20
3 21
3 23
3 24
3 26
3 27
3 29
3 30
3 31
3 33
3 35
3 36
3 37
3 38
3 41
3 43
3 44
3 45
3 46
3 49
3 50
3 53
3 54
3 55
3 56
3 57
3 58
3 60
3 61
3 62
3 63
3 64
3 67
3 69
3 70
3 71
3 74
3 76
3 77
3 78
3 80
3 83
3 84
3 85
3 87
3 88
3 89
3 91
3 92
3 95
3 96
3 98
3 99
3 101
3 102
3 103
3 105
3 107
3 108
3 111
3 113
3 114
3 119
3 121
3 122
3 124
3 125
3 126
3 127
3 128
3 131
3 132
3 133
3 136
3 137
3 139
3 141
3 143
3 144
3 145
3 149
3 150
3 155
3 156
3 159
3 161
3 162
3 164
3 166
3 167
3 169
3 170
3 172
3 176
3 178
3 181
3 185
3 187
4 7
4 8
4 10
4 11
4 12
4 14
4 15
4 16
4 17
4 20
4 22
4 23
4 25
4 26
4 28
4 29
4 31
4 32
4 34
4 35
4 36
4 38
4 39
4 40
4 41
4 42
4 43
4 46
4 47
4 48
4 49
4 51
4 52
4 54
4 57
4 58
4 59
4 61
4 64
4 65
4 67
4 69
4 70
4 71
4 72
4 73
4 74
4 75
4 76
4 80
4 81
4 82
4 83
4 84
4 86
4 87
4 88
4 89
4 90
4 91
4 92
4 93
4 97
4 100
4 102
4 104
4 108
4 109
4 110
4 111
4 113
4 116
4 117
4 118
4 120
4 124
4 125
4 126
4 129
4 130
4 131
4 133
4 134
4 136
4 138
4 139
4 141
4 144
4 145
4 149
4 150
4 151
4 152
4 153
4 155
4 157
4 158
4 159
4 161
4 162
4 167
4 168
4 173
4 174
4 176
4 178
4 183
4 184
4 187
5 6
5 8
5 11
5 12
5 14
5 15
5 16
5 17
5 18
5 20
5 21
5 23
5 24
5 26
5 28
5 29
5 30
5 31
5 32
5 34
5 37
5 38
5 40
5 44
5 45
5 47
5 49
5 50
5 52
5 53
5 56
5 57
5 59
5 61
5 62
5 64
5 66
5 68
5 74
5 75
5 76
5 77
5 81
5 82
5 83
5 84
5 85
5 86
5 88
5 90
5 91
5 94
5 95
5 97
5 98
5 99
5 100
5 102
5 104
5 105
5 108
5 109
5 111
5 112
5 113
5 114
5 115
5 116
5 117
5 119
5 120
5 121
5 122
5 123
5 125
5 126
5 127
5 128
5 129
5 130
5 133
5 134
5 136
5 137
5 138
5 140
5 141
5 142
5 143
5 147
5 149
5 151
5 153
5 154
5 155
5 156
5 157
5 161
5 162
5 164
5 167
5 170
5 173
5 175
5 177
5 181
5 184
6 7
6 8
6 11
6 12
6 14
6 15
6 16
6 17
6 18
6 20
6 21
6 22
6 25
6 26
6 27
6 28
6 30
6 31
6 32
6 34
6 36
6 37
6 39
6 40
6 41
6 43
6 44
6 45
6 46
6 48
6 49
6 50
6 55
6 56
6 60
6 62
6 66
6 67
6 68
6 69
6 70
6 71
6 72
6 73
6 74
6 75
6 76
6 78
6 79
6 82
6 84
6 86
6 87
6 88
6 89
6 90
6 92
6 93
6 94
6 95
6 101
6 102
6 105
6 109
6 113
6 114
6 117
6 119
6 120
6 121
6 122
6 124
6 128
6 131
6 135
6 136
6 137
6 138
6 139
6 143
6 145
6 146
6 150
6 152
6 155
6 156
6 157
6 159
6 161
6 163
6 164
6 167
6 168
6 171
6 173
6 174
6 175
6 176
6 183
6 185
6 187
7 9
7 10
7 12
7 13
7 15
7 17
7 20
7 21
7 23
7 25
7 26
7 27
7 31
7 33
7 34
7 35
7 36
7 38
7 39
7 40
7 43
7 45
7 46
7 47
7 48
7 51
7 52
7 53
7 54
7 55
7 56
7 57
7 61
7 63
7 64
7 66
7 67
7 68
7 69
7 71
7 73
7 77
7 79
7 82
7 83
7 84
7 85
7 88
7 89
7 91
7 93
7 94
7 96
7 99
7 101
7 105
7 109
7 111
7 112
7 113
7 114
7 116
7 119
7 124
7 125
7 126
7 128
7 129
7 131
7 134
7 135
7 137
7 138
7 140
7 142
7 143
7 144
7 145
7 146
7 147
7 149
7 150
7 151
7 154
7 155
7 157
7 158
7 159
7 160
7 161
7 164
7 165
7 167
7 168
7 174
7 178
7 180
7 182
7 184
7 186
7 187
8 9
8 12
8 13
8 14
8 15
8 16
8 17
8 18
8 20
8 23
8 26
8 27
8 28
8 29
8 31
8 36
8 37
8 38
8 39
8 40
8 41
8 42
8 44
8 45
8 46
8 47
8 48
8 49
8 50
8 51
8 53
8 54
8 55
8 56
8 59
8 61
8 62
8 63
8 64
8 65
8 66
8 70
8 71
8 72
8 73
8 75
8 77
8 78
8 83
8 86
8 88
8 90
8 91
8 92
8 93
8 99
8 100
8 101
8 103
8 105
8 106
8 110
8 111
8 112
8 115
8 119
8 123
8 124
8 125
8 129
8 130
8 132
8 133
8 134
8 137
8 142
8 143
8 145
8 146
8 147
8 148
8 150
8 152
8 153
8 154
8 155
8 156
8 160
8 161
8 162
8 164
8 166
8 168
8 170
8 172
8 174
8 178
8 181
8 182
8 187
9 10
9 11
9 14
9 15
9 16
9 17
9 18
9 20
9 21
9 23
9 24
9 25
9 26
9 27
9 30
9 31
9 32
9 33
9 35
9 36
9 38
9 41
9 42
9 44
9 45
9 49
9 50
9 51
9 53
9 54
9 55
9 56
9 57
9 59
9 60
9 61
9 64
9 65
9 68
9 69
9 70
9 71
9 76
9 77
9 78
9 79
9 80
9 81
9 83
9 84
9 85
9 89
9 91
9 92
9 94
9 96
9 97
9 98
9 99
9 100
9 103
9 107
9 108
9 109
9 110
9 111
9 112
9 114
9 116
9 119
9 120
9 122
9 123
9 126
9 128
9 130
9 133
9 136
9 137
9 138
9 140
9 142
9 145
9 147
9 148
9 149
9 160
9 162
9 163
9 164
9 167
9 168
9 169
9 171
9 172
9 173
9 174
9 175
9 176
9 177
9 179
9 181
9 182
9 184
10 11
10 13
10 15
10 17
10 18
10 20
10 21
10 24
10 29
10 33
10 34
10 38
10 39
10 41
10 42
10 44
10 45
10 46
10 47
10 48
10 49
10 50
10 53
10 56
10 57
10 59
10 61
10 62
10 65
10 66
10 67
10 69
10 70
10 72
10 73
10 74
10 75
10 81
10 82
10 87
10 88
10 89
10 92
10 94
10 95
10 97
10 98
10 99
10 105
10 106
10 107
10 108
10 109
10 115
10 116
10 118
10 119
10 121
10 122
10 125
10 126
10 127
10 128
10 129
10 130
10 136
10 138
10 139
10 142
10 144
10 145
10 146
10 147
10 148
10 149
10 151
10 152
10 153
10 154
10 158
10 160
10 162
10 166
10 168
10 171
10 172
10 174
10 177
10 178
10 180
10 182
10 183
10 184
10 185
10 186
10 187
11 12
11 14
11 15
11 17
11 19
11 20
11 22
11 24
11 26
11 27
11 28
11 30
11 33
11 35
11 36
11 37
11 38
11 39
11 41
11 42
11 43
11 45
11 46
11 47
11 48
11 49
11 51
11 53
11 54
11 55
11 56
11 58
11 59
11 61
11 62
11 63
11 64
11 65
11 66
11 67
11 68
11 73
11 78
11 80
11 84
11 85
11 89
11 90
11 91
11 92
11 94
11 95
11 96
11 100
11 103
11 105
11 107
11 109
11 110
11 111
11 113
11 115
11 117
11 118
11 121
11 122
11 123
11 124
11 129
11 131
11 133
11 136
11 141
11 146
11 151
11 153
11 155
11 156
11 158
11 160
11 161
11 162
11 170
11 171
11 173
11 174
11 175
11 177
11 180
11 181
11 182
11 183
11 184
11 187
12 14
12 16
12 18
12 19
12 21
12 22
12 23
12 24
12 25
12 27
12 28
12 30
12 31
12 32
12 33
12 34
12 35
12 37
12 39
12 40
12 41
12 43
12 44
12 46
12 47
12 50
12 51
12 52
12 53
12 54
12 56
12 57
12 58
12 60
12 61
12 63
12 64
12 66
12 68
12 69
12 71
12 72
12 76
12 78
12 79
12 82
12 83
12 84
12 86
12 89
12 93
12 96
12 99
12 102
12 103
12 104
12 106
12 107
12 109
12 111
12 113
12 114
12 116
12 118
12 120
12 122
12 124
12 125
12 127
12 128
12 129
12 130
12 131
12 132
12 133
12 136
12 138
12 142
12 145
12 147
12 148
12 149
12 150
12 153
12 155
12 156
12 158
12 159
12 166
12 167
12 168
12 169
12 172
12 173
12 175
12 177
12 181
12 183
13 14
13 15
13 16
13 19
13 21
13 22
13 24
13 25
13 28
13 30
13 31
13 32
13 34
13 35
13 36
13 38
13 39
13 40
13 41
13 43
13 44
13 45
13 46
13 47
13 49
13 51
13 53
13 58
13 59
13 60
13 61
13 62
13 63
13 65
13 66
13 70
13 73
13 74
13 75
13 76
13 77
13 78
13 81
13 82
13 83
13 84
13 85
13 90
13 93
13 98
13 99
13 101
13 103
13 105
13 107
13 109
13 111
13 115
13 116
13 119
13 121
13 123
13 125
13 126
13 127
13 128
13 130
13 131
13 133
13 134
13 135
13 136
13 137
13 138
13 139
13 140
13 142
13 143
13 144
13 145
13 146
13 147
13 148
13 149
13 150
13 152
13 153
13 154
13 158
13 159
13 164
13 166
13 170
13 172
13 177
13 180
13 183
13 184
13 185
13 186
14 15
14 16
14 17
14 20
14 23
14 24
14 27
14 28
14 30
14 31
14 34
14 35
14 36
14 38
14 39
14 41
14 43
14 44
14 45
14 46
14 49
14 52
14 53
14 54
14 56
14 57
14 58
14 59
14 60
14 65
14 68
14 69
14 71
14 74
14 75
14 76
14 79
14 81
14 83
14 84
14 87
14 89
14 91
14 93
14 94
14 95
14 98
14 103
14 104
14 106
14 107
14 108
14 111
14 112
14 113
14 115
14 117
14 119
14 120
14 121
14 122
14 123
14 124
14 126
14 127
14 129
14 132
14 133
14 140
14 144
14 145
14 146
14 148
14 150
14 151
14 152
14 153
14 155
14 156
14 157
14 158
14 160
14 161
14 164
14 165
14 166
14 168
14 170
14 171
14 172
14 173
14 177
14 181
15 16
15 17
15 18
15 21
15 22
15 23
15 24
15 27
15 28
15 30
15 31
15 32
15 33
15 34
15 36
15 37
15 39
15 42
15 43
15 44
15 45
15 46
15 47
15 48
15 49
15 51
15 52
15 54
15 56
15 57
15 58
15 60
15 62
15 64
15 65
15 68
15 69
15 70
15 73
15 74
15 76
15 80
15 82
15 83
15 84
15 86
15 87
15 92
15 93
15 94
15 95
15 96
15 97
15 100
15 102
15 104
15 105
15 106
15 107
15 111
15 112
15 113
15 114
15 116
15 117
15 119
15 120
15 122
15 123
15 124
15 125
15 126
15 130
15 131
15 138
15 139
15 141
15 142
15 143
15 144
15 145
15 148
15 151
15 155
15 156
15 161
15 162
15 165
15 166
15 167
15 173
15 174
15 176
15 177
15 178
15 180
15 181
15 182
15 186
15 187
16 17
16 18
16 19
16 21
16 23
16 24
16 25
16 26
16 27
16 28
16 31
16 32
16 34
16 36
16 38
16 39
16 40
16 41
16 44
16 46
16 47
16 48
16 51
16 52
16 53
16 54
16 56
16 60
16 63
16 64
16 65
16 66
16 69
16 71
16 72
16 73
16 75
16 77
16 81
16 85
16 86
16 91
16 92
16 93
16 94
16 96
16 97
16 98
16 100
16 102
16 103
16 105
16 106
16 109
16 113
16 115
16 119
16 120
16 121
16 122
16 123
16 124
16 125
16 126
16 127
16 132
16 133
16 136
16 137
16 138
16 139
16 143
16 144
16 145
16 147
16 148
16 151
16 152
16 154
16 156
16 158
16 160
16 161
16 163
16 165
16 166
16 172
16 174
16 181
16 183
16 184
16 185
16 186
17 18
17 19
17 20
17 21
17 23
17 24
17 25
17 26
17 27
17 28
17 29
17 30
17 31
17 32
17 33
17 36
17 37
17 39
17 40
17 42
17 44
17 45
17 46
17 47
17 48
17 53
17 55
17 56
17 57
17 58
17 59
17 63
17 64
17 67
17 69
17 71
17 72
17 73
17 74
17 75
17 76
17 77
17 78
17 80
17 82
17 84
17 85
17 86
17 87
17 88
17 89
17 92
17 93
17 95
17 96
17 97
17 99
17 101
17 102
17 104
17 108
17 110
17 111
17 114
17 115
17 116
17 118
17 120
17 124
17 125
17 127
17 131
17 132
17 133
17 138
17 139
17 141
17 143
17 145
17 146
17 152
17 156
17 159
17 160
17 161
17 166
17 171
17 172
17 173
17 174
17 175
17 176
17 177
17 178
17 179
17 180
17 181
17 186
18 19
18 21
18 23
18 24
18 25
18 26
18 29
18 31
18 32
18 33
18 34
18 35
18 36
18 37
18 38
18 39
18 41
18 43
18 45
18 46
18 49
18 50
18 51
18 52
18 54
18 55
18 56
18 57
18 58
18 59
18 60
18 65
18 66
18 69
18 71
18 74
18 75
18 76
18 77
18 78
18 79
18 80
18 82
18 84
18 85
18 86
18 88
18 90
18 91
18 101
18 102
18 104
18 105
18 106
18 107
18 112
18 113
18 115
18 120
18 121
18 125
18 128
18 129
18 130
18 132
18 135
18 136
18 137
18 138
18 139
18 140
18 141
18 145
18 146
18 149
18 151
18 152
18 154
18 156
18 158
18 161
18 162
18 165
18 170
18 171
18 173
18 174
18 176
18 178
18 179
18 180
18 181
18 183
18 186
19 20
19 21
19 22
19 25
19 26
19 28
19 29
19 30
19 31
19 32
19 33
19 34
19 35
19 36
19 37
19 38
19 41
19 43
19 47
19 48
19 49
19 50
19 51
19 52
19 54
19 55
19 57
19 58
19 60
19 63
19 66
19 67
19 70
19 71
19 72
19 73
19 76
19 78
19 81
19 83
19 85
19 88
19 91
19 92
19 93
19 94
19 95
19 96
19 97
19 98
19 99
19 100
19 101
19 105
19 106
19 107
19 108
19 110
19 112
19 114
19 116
19 120
19 121
19 123
19 124
19 125
19 126
19 127
19 131
19 133
19 134
19 135
19 140
19 141
19 143
19 144
19 145
19 147
19 150
19 151
19 152
19 153
19 155
19 156
19 157
19 161
19 163
19 164
19 165
19 166
19 168
19 169
19 172
19 173
19 177
19 178
19 179
19 183
19 184
19 185
20 21
20 22
20 23
20 24
20 25
20 33
20 34
20 35
20 36
20 37
20 39
20 41
20 42
20 43
20 44
20 45
20 52
20 55
20 57
20 58
20 59
20 61
20 62
20 63
20 64
20 66
20 68
20 69
20 70
20 72
20 73
20 74
20 76
20 77
20 81
20 82
20 83
20 84
20 86
20 88
20 90
20 91
20 92
20 95
20 98
20 100
20 101
20 102
20 103
20 106
20 107
20 113
20 114
20 115
20 116
20 117
20 118
20 120
20 121
20 122
20 125
20 126
20 127
20 135
20 136
20 138
20 139
20 140
20 142
20 144
20 145
20 146
20 149
20 150
20 152
20 154
20 158
20 159
20 160
20 162
20 163
20 164
20 166
20 167
20 168
20 169
20 170
20 171
20 176
20 180
20 185
20 186
21 22
21 26
21 29
21 34
21 35
21 37
21 39
21 44
21 45
21 48
21 51
21 52
21 58
21 60
21 61
21 63
21 64
21 65
21 67
21 70
21 71
21 72
21 73
21 75
21 76
21 77
21 78
21 82
21 83
21 84
21 85
21 90
21 92
21 93
21 94
21 95
21 96
21 98
21 100
21 102
21 104
21 108
21 111
21 115
21 119
21 123
21 125
21 126
21 128
21 129
21 130
21 131
21 132
21 137
21 139
21 140
21 145
21 146
21 147
21 149
21 151
21 152
21 153
21 155
21 159
21 160
21 161
21 167
21 168
21 169
21 171
21 174
21 176
21 181
21 182
21 183
21 184
21 185
22 26
22 27
22 28
22 31
22 33
22 34
22 35
22 36
22 37
22 38
22 39
22 40
22 41
22 42
22 43
22 44
22 46
22 49
22 51
22 53
22 54
22 56
22 57
22 58
22 59
22 61
22 62
22 64
22 66
22 67
22 69
22 70
22 71
22 76
22 80
22 81
22 83
22 87
22 88
22 89
22 90
22 91
22 96
22 97
22 100
22 101
22 103
22 105
22 109
22 110
22 111
22 112
22 114
22 115
22 117
22 118
22 123
22 124
22 125
22 126
22 128
22 129
22 133
22 134
22 135
22 136
22 139
22 141
22 142
22 143
22 144
22 145
22 147
22 148
22 151
22 153
22 158
22 161
22 162
22 163
22 166
22 168
22 169
22 170
22 173
22 175
22 176
22 178
22 181
22 184
22 185
22 186
22 187
23 24
23 25
23 26
23 27
23 28
23 30
23 31
23 34
23 35
23 38
23 40
23 41
23 42
23 43
23 46
23 48
23 49
23 50
23 51
23 52
23 57
23 58
23 59
23 60
23 61
23 63
23 64
23 65
23 66
23 68
23 69
23 72
23 73
23 74
23 75
23 76
23 80
23 85
23 89
23 90
23 91
23 93
23 94
23 95
23 96
23 101
23 103
23 105
23 106
23 108
23 109
23 110
23 111
23 112
23 114
23 115
23 117
23 119
23 120
23 122
23 126
23 127
23 128
23 132
23 134
23 136
23 137
23 142
23 143
23 148
23 149
23 150
23 152
23 154
23 158
23 161
23 164
23 165
23 167
23 168
23 174
23 177
23 178
23 179
23 180
23 182
23 183
23 184
23 186
24 25
24 26
24 27
24 28
24 29
24 31
24 34
24 35
24 36
24 37
24 38
24 40
24 42
24 44
24 46
24 47
24 49
24 50
24 53
24 55
24 56
24 58
24 59
24 60
24 61
24 62
24 64
24 65
24 66
24 68
24 72
24 73
24 74
24 79
24 80
24 82
24 85
24 86
24 88
24 89
24 90
24 91
24 93
24 94
24 95
24 99
24 101
24 102
24 103
24 104
24 106
24 107
24 108
24 110
24 112
24 113
24 117
24 119
24 120
24 121
24 122
24 123
24 129
24 131
24 133
24 134
24 135
24 138
24 139
24 143
24 146
24 147
24 149
24 150
24 151
24 152
24 153
24 155
24 156
24 157
24 160
24 161
24 164
24 168
24 171
24 172
24 173
24 174
24 175
24 178
24 180
24 181
24 186
24 187
25 26
25 30
25 32
25 33
25 38
25 42
25 45
25 46
25 48
25 51
25 52
25 54
25 55
25 56
25 58
25 61
25 66
25 67
25 68
25 69
25 72
25 73
25 74
25 75
25 77
25 78
25 79
25 80
25 81
25 82
25 84
25 88
25 89
25 91
25 92
25 94
25 96
25 97
25 98
25 100
25 102
25 103
25 104
25 105
25 109
25 110
25 111
25 113
25 116
25 118
25 120
25 122
25 123
25 124
25 125
25 126
25 127
25 129
25 130
25 131
25 135
25 138
25 140
25 141
25 143
25 145
25 147
25 150
25 151
25 153
25 157
25 159
25 161
25 162
25 164
25 166
25 169
25 171
25 173
25 174
25 175
25 176
25 178
25 179
25 180
25 181
25 185
25 187
26 27
26 28
26 31
26 32
26 33
26 36
26 40
26 41
26 42
26 43
26 44
26 45
26 47
26 48
26 50
26 51
26 52
26 53
26 56
26 57
26 58
26 59
26 61
26 62
26 64
26 65
26 66
26 68
26 69
26 71
26 73
26 77
26 78
26 79
26 80
26 81
26 83
26 84
26 85
26 87
26 88
26 91
26 96
26 97
26 98
26 99
26 100
26 101
26 102
26 104
26 105
26 108
26 109
26 110
26 111
26 113
26 114
26 116
26 117
26 119
26 120
26 123
26 125
26 127
26 128
26 129
26 131
26 133
26 137
26 139
26 142
26 147
26 150
26 156
26 157
26 162
26 165
26 167
26 168
26 170
26 181
26 182
26 183
26 184
27 30
27 31
27 32
27 33
27 34
27 35
27 36
27 37
27 38
27 39
27 40
27 43
27 45
27 46
27 48
27 50
27 52
27 53
27 54
27 55
27 56
27 58
27 61
27 62
27 63
27 64
27 71
27 73
27 74
27 75
27 77
27 80
27 81
27 83
27 87
27 88
27 90
27 91
27 92
27 93
27 94
27 95
27 97
27 98
27 103
27 105
27 107
27 108
27 111
27 112
27 116
27 118
27 119
27 120
27 121
27 122
27 123
27 124
27 125
27 126
27 127
27 129
27 130
27 133
27 134
27 138
27 141
27 142
27 143
27 144
27 145
27 147
27 150
27 151
27 154
27 155
27 159
27 164
27 165
27 168
27 169
27 170
27 174
27 175
27 178
27 182
27 183
27 184
27 185
27 186
28 30
28 31
28 32
28 34
28 37
28 38
28 39
28 40
28 41
28 42
28 43
28 45
28 47
28 50
28 51
28 52
28 53
28 57
28 58
28 59
28 60
28 62
28 63
28 64
28 65
28 67
28 68
28 70
28 71
28 74
28 75
28 76
28 77
28 80
28 85
28 86
28 87
28 88
28 90
28 91
28 94
28 96
28 97
28 98
28 99
28 104
28 105
28 107
28 110
28 112
28 115
28 118
28 119
28 120
28 123
28 124
28 125
28 130
28 132
28 134
28 135
28 136
28 137
28 141
28 142
28 144
28 147
28 148
28 150
28 154
28 155
28 157
28 159
28 161
28 163
28 165
28 168
28 169
28 170
28 171
28 173
28 175
28 176
28 181
28 182
28 184
29 32
29 35
29 36
29 38
29 39
29 40
29 43
29 44
29 45
29 46
29 48
29 50
29 51
29 52
29 53
29 54
29 55
29 58
29 59
29 60
29 61
29 65
29 66
29 67
29 71
29 73
29 74
29 76
29 78
29 79
29 80
29 81
29 82
29 84
29 86
29 87
29 88
29 89
29 93
29 94
29 96
29 97
29 98
29 100
29 104
29 105
29 110
29 112
29 114
29 115
29 117
29 119
29 120
29 121
29 122
29 123
29 124
29 126
29 130
29 132
29 134
29 136
29 137
29 139
29 140
29 141
29 142
29 143
29 145
29 146
29 148
29 149
29 152
29 153
29 156
29 159
29 161
29 162
29 164
29 168
29 170
29 171
29 172
29 176
29 177
29 178
29 181
29 184
30 31
30 33
30 35
30 38
30 39
30 40
30 43
30 44
30 45
30 46
30 47
30 48
30 51
30 55
30 57
30 61
30 62
30 64
30 65
30 68
30 69
30 70
30 71
30 73
30 74
30 75
30 80
30 81
30 82
30 85
30 86
30 87
30 89
30 90
30 95
30 96
30 97
30 98
30 99
30 101
30 104
30 107
30 108
30 110
30 113
30 114
30 115
30 116
30 120
30 121
30 125
30 127
30 128
30 129
30 132
30 133
30 136
30 138
30 139
30 142
30 143
30 144
30 145
30 151
30 154
30 157
30 158
30 160
30 162
30 164
30 165
30 166
30 168
30 170
30 171
30 174
30 177
30 178
30 179
30 180
30 182
30 184
30 187
31 32
31 34
31 35
31 37
31 40
31 42
31 43
31 45
31 47
31 50
31 52
31 53
31 54
31 55
31 56
31 64
31 66
31 67
31 70
31 72
31 77
31 79
31 81
31 82
31 86
31 89
31 94
31 100
31 104
31 106
31 107
31 108
31 109
31 110
31 112
31 114
31 115
31 116
31 117
31 121
31 125
31 127
31 128
31 133
31 135
31 136
31 138
31 146
31 148
31 149
31 150
31 153
31 155
31 156
31 157
31 159
31 160
31 162
31 164
31 165
31 166
31 172
31 176
31 177
31 179
31 182
31 186
32 33
32 34
32 35
32 36
32 37
32 39
32 40
32 41
32 44
32 46
32 50
32 51
32 52
32 54
32 55
32 59
32 60
32 61
32 64
32 67
32 70
32 71
32 75
32 78
32 80
32 82
32 83
32 84
32 85
32 87
32 92
32 93
32 97
32 98
32 99
32 102
32 103
32 104
32 105
32 107
32 113
32 114
32 115
32 118
32 121
32 122
32 123
32 126
32 127
32 128
32 130
32 131
32 132
32 136
32 137
32 138
32 140
32 141
32 144
32 145
32 148
32 149
32 152
32 153
32 154
32 156
32 158
32 160
32 161
32 162
32 163
32 165
32 166
32 167
32 171
32 172
32 173
32 174
32 175
32 179
32 180
32 182
32 183
32 185
32 187
33 34
33 35
33 36
33 37
33 40
33 43
33 45
33 46
33 47
33 48
33 49
33 51
33 52
33 53
33 55
33 56
33 58
33 59
33 60
33 62
33 65
33 66
33 71
33 73
33 74
33 75
33 78
33 79
33 80
33 81
33 84
33 86
33 87
33 89
33 90
33 93
33 94
33 96
33 97
33 99
33 100
33 101
33 102
33 105
33 106
33 107
33 108
33 109
33 115
33 116
33 119
33 120
33 121
33 123
33 124
33 126
33 127
33 129
33 130
33 132
33 134
33 136
33 137
33 141
33 143
33 149
33 151
33 153
33 154
33 157
33 158
33 159
33 160
33 163
33 168
33 171
33 175
33 176
33 178
33 180
33 181
33 184
33 185
33 186
34 36
34 37
34 38
34 39
34 40
34 44
34 45
34 47
34 56
34 58
34 59
34 60
34 61
34 62
34 64
34 65
34 66
34 67
34 68
34 69
34 70
34 71
34 72
34 73
34 74
34 79
34 80
34 81
34 83
34 86
34 87
34 92
34 94
34 100
34 101
34 102
34 105
34 106
34 107
34 108
34 110
34 111
34 113
34 116
34 118
34 119
34 121
34 122
34 124
34 125
34 126
34 127
34 128
34 130
34 131
34 132
34 133
34 134
34 135
34 136
34 138
34 139
34 140
34 141
34 144
34 145
34 148
34 149
34 152
34 153
34 154
34 155
34 156
34 158
34 159
34 160
34 162
34 165
34 168
34 169
34 172
34 175
34 176
34 182
34 184
34 185
34 187
35 40
35 41
35 42
35 43
35 44
35 45
35 50
35 55
35 56
35 60
35 61
35 62
35 64
35 65
35 66
35 67
35 68
35 69
35 70
35 71
35 74
35 75
35 76
35 77
35 79
35 80
35 81
35 83
35 84
35 86
35 88
35 89
35 91
35 92
35 95
35 96
35 97
35 98
35 100
35 101
35 102
35 103
35 104
35 105
35 110
35 116
35 117
35 118
35 119
35 121
35 127
35 129
35 130
35 132
35 133
35 140
35 141
35 142
35 144
35 145
35 146
35 147
35 152
35 157
35 159
35 161
35 162
35 164
35 166
35 169
35 172
35 174
35 175
35 178
35 179
35 182
35 183
35 184
35 185
36 37
36 38
36 39
36 40
36 41
36 42
36 43
36 44
36 46
36 47
36 48
36 49
36 53
36 57
36 58
36 60
36 61
36 64
36 66
36 67
36 68
36 69
36 70
36 71
36 72
36 74
36 75
36 77
36 79
36 80
36 82
36 87
36 90
36 91
36 95
36 99
36 100
36 102
36 103
36 106
36 109
36 110
36 112
36 116
36 119
36 122
36 123
36 125
36 130
36 131
36 132
36 133
36 134
36 135
36 136
36 137
36 138
36 140
36 142
36 143
36 145
36 146
36 147
36 148
36 149
36 150
36 152
36 160
36 161
36 163
36 164
36 167
36 172
36 173
36 174
36 178
36 179
36 183
36 186
37 39
37 40
37 41
37 44
37 46
37 47
37 50
37 51
37 52
37 53
37 54
37 55
37 56
37 60
37 61
37 62
37 63
37 64
37 69
37 70
37 72
37 75
37 77
37 79
37 85
37 87
37 90
37 94
37 95
37 97
37 104
37 106
37 109
37 113
37 114
37 118
37 121
37 122
37 123
37 124
37 125
37 126
37 127
37 128
37 130
37 132
37 134
37 135
37 137
37 138
37 139
37 142
37 143
37 144
37 145
37 146
37 147
37 148
37 152
37 153
37 154
37 159
37 161
37 163
37 164
37 165
37 166
37 167
37 169
37 170
37 171
37 172
37 175
37 177
37 183
37 185
38 39
38 40
38 42
38 43
38 45
38 47
38 48
38 50
38 51
38 53
38 55
38 56
38 57
38 58
38 60
38 61
38 62
38 63
38 65
38 66
38 67
38 72
38 74
38 75
38 76
38 77
38 79
38 81
38 84
38 85
38 86
38 88
38 89
38 91
38 92
38 93
38 96
38 97
38 99
38 100
38 104
38 110
38 111
38 113
38 117
38 119
38 121
38 124
38 127
38 128
38 132
38 135
38 136
38 137
38 138
38 140
38 141
38 142
38 144
38 146
38 147
38 150
38 151
38 152
38 153
38 155
38 158
38 160
38 161
38 162
38 163
38 166
38 167
38 168
38 169
38 173
38 175
38 176
38 179
38 187
39 40
39 41
39 42
39 43
39 45
39 46
39 47
39 48
39 51
39 55
39 57
39 58
39 59
39 60
39 61
39 62
39 63
39 68
39 70
39 72
39 73
39 74
39 75
39 77
39 78
39 79
39 84
39 85
39 86
39 88
39 89
39 91
39 93
39 97
39 98
39 99
39 100
39 103
39 104
39 105
39 108
39 109
39 110
39 111
39 114
39 120
39 121
39 122
39 123
39 125
39 129
39 130
39 133
39 137
39 138
39 139
39 142
39 145
39 147
39 148
39 150
39 152
39 154
39 157
39 158
39 160
39 163
39 165
39 169
39 170
39 172
39 175
39 176
39 177
39 178
39 179
39 180
39 183
39 185
40 41
40 42
40 47
40 51
40 52
40 53
40 54
40 55
40 56
40 57
40 58
40 60
40 62
40 63
40 65
40 67
40 68
40 70
40 74
40 75
40 77
40 78
40 81
40 82
40 84
40 85
40 87
40 88
40 90
40 91
40 92
40 94
40 95
40 96
40 97
40 98
40 99
40 101
40 102
40 103
40 104
40 105
40 107
40 108
40 109
40 110
40 112
40 113
40 115
40 119
40 122
40 123
40 124
40 128
40 129
40 130
40 131
40 132
40 140
40 144
40 147
40 150
40 152
40 156
40 158
40 159
40 165
40 167
40 168
40 169
40 170
40 171
40 172
40 173
40 175
40 178
40 181
40 182
40 183
40 185
40 187
41 42
41 44
41 45
41 47
41 48
41 50
41 51
41 52
41 53
41 55
41 59
41 62
41 64
41 65
41 66
41 67
41 68
41 69
41 70
41 71
41 72
41 74
41 76
41 78
41 79
41 80
41 81
41 85
41 86
41 87
41 89
41 90
41 91
41 92
41 93
41 94
41 97
41 99
41 100
41 102
41 108
41 109
41 112
41 114
41 117
41 118
41 121
41 125
41 126
41 130
41 131
41 132
41 133
41 135
41 137
41 139
41 141
41 142
41 149
41 150
41 151
41 153
41 156
41 157
41 160
41 161
41 162
41 168
41 169
41 170
41 171
41 175
41 176
41 178
41 179
41 180
41 182
41 185
41 186
42 43
42 44
42 45
42 46
42 47
42 49
42 50
42 53
42 57
42 60
42 61
42 62
42 63
42 65
42 66
42 67
42 68
42 69
42 70
42 73
42 77
42 79
42 81
42 82
42 84
42 85
42 86
42 88
42 89
42 90
42 91
42 96
42 99
42 101
42 102
42 103
42 105
42 106
42 107
42 109
42 110
42 115
42 120
42 122
42 124
42 128
42 129
42 131
42 132
42 133
42 136
42 137
42 139
42 145
42 146
42 148
42 151
42 152
42 155
42 156
42 157
42 159
42 160
42 164
42 167
42 169
42 170
42 171
42 176
42 177
42 181
42 182
42 183
42 185
42 186
43 45
43 46
43 47
43 48
43 49
43 50
43 51
43 54
43 55
43 58
43 60
43 61
43 63
43 65
43 66
43 67
43 68
43 71
43 72
43 75
43 76
43 78
43 79
43 82
43 85
43 88
43 89
43 90
43 92
43 93
43 94
43 95
43 98
43 99
43 100
43 101
43 102
43 103
43 104
43 105
43 106
43 109
43 110
43 111
43 112
43 113
43 114
43 115
43 117
43 118
43 123
43 124
43 128
43 130
43 131
43 132
43 134
43 136
43 137
43 140
43 144
43 150
43 151
43 153
43 154
43 155
43 156
43 161
43 163
43 166
43 169
43 170
43 172
43 176
43 177
43 178
43 179
43 180
43 181
43 182
43 187
44 46
44 47
44 48
44 57
44 58
44 61
44 64
44 69
44 71
44 73
44 75
44 78
44 79
44 80
44 82
44 85
44 88
44 91
44 93
44 94
44 95
44 96
44 97
44 98
44 99
44 100
44 102
44 103
44 104
44 105
44 106
44 108
44 111
44 113
44 115
44 116
44 117
44 118
44 119
44 122
44 123
44 124
44 126
44 127
44 128
44 131
44 133
44 134
44 137
44 138
44 140
44 141
44 144
44 145
44 146
44 147
44 148
44 151
44 152
44 154
44 156
44 157
44 159
44 160
44 161
44 164
44 167
44 168
44 173
44 174
44 178
44 181
44 182
44 184
44 186
44 187
45 46
45 47
45 48
45 49
45 50
45 51
45 52
45 53
45 54
45 56
45 65
45 66
45 67
45 68
45 69
45 71
45 76
45 80
45 91
45 92
45 93
45 95
45 99
45 101
45 102
45 103
45 106
45 108
45 110
45 112
45 114
45 117
45 118
45 122
45 124
45 126
45 127
45 128
45 130
45 133
45 135
45 136
45 138
45 140
45 141
45 142
45 145
45 147
45 148
45 149
45 150
45 152
45 153
45 154
45 155
45 156
45 157
45 159
45 160
45 161
45 164
45 165
45 169
45 170
45 171
45 172
45 174
45 186
46 49
46 50
46 52
46 53
46 55
46 57
46 58
46 62
46 64
46 66
46 67
46 70
46 71
46 73
46 76
46 78
46 79
46 81
46 83
46 87
46 90
46 91
46 92
46 95
46 97
46 98
46 101
46 103
46 104
46 106
46 108
46 111
46 112
46 113
46 116
46 117
46 119
46 121
46 122
46 123
46 124
46 126
46 127
46 128
46 129
46 135
46 138
46 141
46 143
46 152
46 157
46 158
46 159
46 160
46 162
46 163
46 164
46 165
46 168
46 169
46 170
46 171
46 174
46 178
46 179
46 180
46 182
46 184
46 187
47 48
47 49
47 51
47 54
47 57
47 60
47 63
47 64
47 65
47 67
47 68
47 69
47 70
47 71
47 72
47 73
47 77
47 82
47 83
47 86
47 87
47 88
47 89
47 90
47 93
47 101
47 103
47 105
47 107
47 108
47 111
47 114
47 115
47 116
47 117
47 120
47 121
47 122
47 123
47 125
47 128
47 131
47 135
47 140
47 146
47 147
47 148
47 149
47 150
47 154
47 155
47 156
47 157
47 158
47 159
47 161
47 167
47 168
47 169
47 172
47 173
47 174
47 175
47 176
47 177
47 180
47 182
47 185
47 186
48 50
48 52
48 53
48 56
48 57
48 59
48 60
48 62
48 67
48 68
48 74
48 75
48 76
48 78
48 79
48 80
48 81
48 82
48 83
48 87
48 88
48 92
48 95
48 96
48 97
48 98
48 99
48 100
48 102
48 103
48 105
48 107
48 111
48 112
48 113
48 114
48 117
48 119
48 120
48 127
48 129
48 130
48 132
48 133
48 134
48 140
48 141
48 143
48 147
48 148
48 149
48 150
48 152
48 153
48 157
48 159
48 160
48 163
48 168
48 169
48 170
48 171
48 174
48 180
48 181
48 187
49 50
49 53
49 55
49 56
49 58
49 59
49 60
49 63
49 65
49 66
49 67
49 68
49 72
49 73
49 77
49 82
49 83
49 89
49 90
49 91
49 94
49 97
49 98
49 99
49 100
49 101
49 102
49 103
49 105
49 107
49 109
49 112
49 116
49 117
49 118
49 119
49 120
49 125
49 128
49 132
49 134
49 135
49 136
49 137
49 139
49 140
49 143
49 144
49 145
49 146
49 148
49 149
49 150
49 151
49 153
49 157
49 158
49 167
49 169
49 171
49 173
49 177
49 179
49 184
49 187
50 52
50 54
50 55
50 56
50 61
50 62
50 63
50 68
50 71
50 72
50 73
50 77
50 78
50 79
50 80
50 81
50 83
50 84
50 85
50 86
50 89
50 92
50 93
50 94
50 96
50 97
50 98
50 99
50 103
50 104
50 106
50 107
50 109
50 110
50 114
50 115
50 116
50 117
50 118
50 119
50 120
50 121
50 122
50 127
50 130
50 131
50 132
50 133
50 135
50 137
50 138
50 140
50 141
50 143
50 146
50 149
50 155
50 156
50 158
50 159
50 164
50 165
50 166
50 167
50 170
50 173
50 174
50 175
50 178
50 182
50 183
50 184
50 185
50 187
51 52
51 53
51 54
51 55
51 58
51 59
51 61
51 65
51 66
51 67
51 68
51 69
51 71
51 72
51 75
51 79
51 80
51 82
51 83
51 84
51 85
51 86
51 87
51 90
51 91
51 92
51 95
51 96
51 97
51 98
51 99
51 101
51 104
51 105
51 106
51 110
51 113
51 114
51 115
51 117
51 120
51 121
51 122
51 124
51 126
51 127
51 129
51 130
51 131
51 138
51 139
51 140
51 142
51 145
51 150
51 151
51 152
51 154
51 155
51 156
51 157
51 158
51 161
51 162
51 163
51 165
51 166
51 168
51 170
51 171
51 172
51 173
51 179
51 180
51 182
51 185
52 53
52 54
52 55
52 56
52 57
52 58
52 59
52 61
52 68
52 69
52 70
52 71
52 72
52 74
52 76
52 77
52 80
52 81
52 82
52 84
52 87
52 88
52 90
52 93
52 96
52 97
52 99
52 100
52 101
52 104
52 105
52 108
52 109
52 112
52 114
52 115
52 116
52 117
52 118
52 121
52 122
52 123
52 125
52 128
52 129
52 130
52 131
52 133
52 134
52 138
52 145
52 149
52 151
52 153
52 162
52 163
52 165
52 166
52 167
52 169
52 171
52 172
52 177
52 178
52 179
52 181
52 183
52 185
52 187
53 54
53 55
53 57
53 58
53 60
53 62
53 63
53 66
53 70
53 71
53 72
53 74
53 76
53 77
53 78
53 79
53 80
53 81
53 82
53 83
53 86
53 87
53 88
53 89
53 90
53 91
53 94
53 96
53 97
53 99
53 100
53 102
53 103
53 104
53 105
53 108
53 111
53 112
53 114
53 115
53 116
53 117
53 118
53 121
53 122
53 127
53 128
53 134
53 135
53 136
53 137
53 138
53 139
53 144
53 147
53 150
53 152
53 153
53 159
53 164
53 165
53 171
53 173
53 177
53 179
53 183
53 185
53 186
54 57
54 59
54 60
54 61
54 62
54 63
54 64
54 65
54 66
54 67
54 69
54 70
54 71
54 73
54 75
54 76
54 77
54 81
54 83
54 84
54 85
54 86
54 88
54 89
54 90
54 93
54 95
54 96
54 97
54 98
54 99
54 102
54 103
54 106
54 107
54 108
54 113
54 114
54 115
54 116
54 117
54 118
54 123
54 124
54 126
54 127
54 128
54 134
54 136
54 137
54 139
54 140
54 145
54 147
54 148
54 149
54 150
54 153
54 155
54 156
54 158
54 161
54 165
54 166
54 167
54 169
54 170
54 171
54 175
54 176
54 177
54 178
54 182
54 183
54 184
54 185
54 186
55 56
55 61
55 62
55 63
55 66
55 67
55 68
55 69
55 70
55 71
55 77
55 79
55 80
55 83
55 84
55 85
55 86
55 87
55 89
55 90
55 91
55 93
55 94
55 95
55 96
55 97
55 99
55 104
55 105
55 106
55 108
55 110
55 111
55 112
55 114
55 115
55 116
55 118
55 119
55 120
55 121
55 124
55 127
55 128
55 131
55 134
55 136
55 137
55 140
55 142
55 143
55 145
55 150
55 152
55 153
55 154
55 155
55 156
55 158
55 159
55 164
55 169
55 171
55 174
55 177
55 179
55 185
55 186
55 187
56 57
56 59
56 60
56 63
56 64
56 69
56 73
56 74
56 78
56 80
56 82
56 88
56 89
56 93
56 95
56 96
56 97
56 98
56 101
56 102
56 103
56 104
56 106
56 108
56 109
56 112
56 114
56 117
56 118
56 119
56 120
56 121
56 123
56 124
56 126
56 129
56 130
56 132
56 134
56 135
56 137
56 138
56 139
56 140
56 142
56 143
56 144
56 147
56 149
56 151
56 153
56 154
56 156
56 158
56 160
56 161
56 162
56 164
56 166
56 171
56 173
56 174
56 178
56 179
56 180
56 181
56 183
57 58
57 59
57 60
57 62
57 63
57 64
57 66
57 67
57 68
57 71
57 72
57 74
57 78
57 79
57 80
57 81
57 82
57 83
57 85
57 91
57 92
57 93
57 95
57 96
57 100
57 102
57 103
57 106
57 108
57 112
57 114
57 115
57 117
57 119
57 120
57 121
57 123
57 124
57 126
57 127
57 128
57 129
57 130
57 132
57 133
57 134
57 135
57 138
57 139
57 140
57 142
57 144
57 145
57 148
57 149
57 152
57 154
57 157
57 159
57 161
57 162
57 163
57 165
57 170
57 172
57 177
57 179
57 180
57 182
57 184
57 186
58 62
58 65
58 66
58 67
58 68
58 71
58 75
58 78
58 79
58 82
58 83
58 85
58 86
58 87
58 88
58 89
58 91
58 92
58 95
58 102
58 103
58 104
58 111
58 112
58 115
58 118
58 124
58 125
58 127
58 128
58 130
58 131
58 132
58 135
58 136
58 137
58 139
58 148
58 149
58 151
58 152
58 154
58 157
58 159
58 160
58 164
58 165
58 167
58 170
58 174
58 175
58 176
58 177
58 178
58 179
58 180
58 181
58 182
58 183
58 184
58 186
59 60
59 61
59 63
59 64
59 65
59 66
59 69
59 72
59 73
59 74
59 75
59 76
59 78
59 79
59 83
59 85
59 86
59 87
59 89
59 91
59 93
59 95
59 100
59 102
59 103
59 104
59 108
59 111
59 112
59 113
59 115
59 116
59 117
59 118
59 121
59 122
59 123
59 124
59 125
59 126
59 127
59 130
59 133
59 134
59 135
59 136
59 137
59 138
59 141
59 146
59 147
59 149
59 150
59 151
59 154
59 156
59 157
59 158
59 163
59 166
59 167
59 169
59 170
59 171
59 174
59 176
59 178
59 179
59 180
59 184
59 187
60 63
60 64
60 65
60 68
60 69
60 70
60 71
60 72
60 77
60 79
60 81
60 83
60 84
60 89
60 90
60 91
60 92
60 93
60 95
60 98
60 101
60 102
60 104
60 107
60 113
60 114
60 115
60 116
60 119
60 120
60 121
60 123
60 124
60 127
60 132
60 133
60 134
60 137
60 139
60 140
60 141
60 142
60 145
60 146
60 147
60 148
60 149
60 150
60 151
60 154
60 156
60 157
60 158
60 160
60 166
60 167
60 168
60 169
60 173
60 175
60 178
60 181
60 183
60 184
60 187
61 63
61 66
61 68
61 70
61 74
61 76
61 78
61 80
61 82
61 83
61 84
61 85
61 86
61 87
61 92
61 95
61 97
61 98
61 99
61 100
61 101
61 105
61 106
61 107
61 108
61 109
61 111
61 114
61 116
61 118
61 119
61 120
61 123
61 125
61 128
61 129
61 131
61 132
61 133
61 135
61 136
61 137
61 138
61 139
61 140
61 149
61 152
61 163
61 164
61 167
61 168
61 170
61 171
61 174
61 175
61 181
61 182
61 184
61 186
62 64
62 66
62 67
62 68
62 72
62 74
62 75
62 80
62 81
62 84
62 90
62 91
62 92
62 93
62 98
62 100
62 101
62 103
62 105
62 106
62 107
62 108
62 110
62 111
62 113
62 122
62 123
62 124
62 128
62 131
62 132
62 133
62 134
62 135
62 137
62 141
62 142
62 144
62 146
62 147
62 148
62 149
62 151
62 152
62 154
62 157
62 158
62 159
62 163
62 164
62 165
62 167
62 168
62 169
62 170
62 173
62 176
62 177
62 179
62 180
62 184
62 185
62 186
63 65
63 67
63 69
63 70
63 72
63 73
63 74
63 79
63 80
63 81
63 82
63 83
63 84
63 86
63 87
63 90
63 92
63 93
63 94
63 96
63 97
63 99
63 102
63 104
63 105
63 107
63 108
63 110
63 113
63 118
63 121
63 123
63 124
63 131
63 132
63 133
63 137
63 138
63 140
63 142
63 150
63 154
63 156
63 157
63 158
63 159
63 163
63 166
63 170
63 172
63 173
63 175
63 176
63 179
63 181
63 183
63 185
63 186
63 187
64 65
64 66
64 68
64 69
64 70
64 72
64 73
64 74
64 75
64 76
64 77
64 78
64 79
64 82
64 85
64 88
64 91
64 92
64 94
64 95
64 96
64 97
64 101
64 102
64 103
64 104
64 106
64 107
64 108
64 109
64 110
64 114
64 115
64 116
64 117
64 118
64 119
64 120
64 122
64 125
64 126
64 127
64 128
64 130
64 133
64 134
64 135
64 137
64 140
64 141
64 143
64 144
64 149
64 151
64 153
64 154
64 157
64 158
64 161
64 162
64 163
64 164
64 166
64 169
64 170
64 171
64 172
64 173
64 174
64 179
64 180
64 182
64 185
65 66
65 67
65 68
65 69
65 70
65 73
65 77
65 78
65 80
65 83
65 84
65 85
65 86
65 87
65 88
65 93
65 94
65 95
65 96
65 97
65 98
65 99
65 100
65 104
65 107
65 110
65 115
65 116
65 117
65 118
65 119
65 120
65 123
65 124
65 127
65 131
65 134
65 136
65 137
65 141
65 142
65 143
65 146
65 149
65 151
65 153
65 154
65 156
65 157
65 159
65 160
65 163
65 164
65 165
65 166
65 168
65 170
65 172
65 173
65 174
65 175
65 180
65 182
65 184
65 186
65 187
66 67
66 72
66 73
66 75
66 79
66 80
66 81
66 82
66 84
66 86
66 88
66 90
66 91
66 92
66 96
66 103
66 105
66 106
66 107
66 108
66 109
66 110
66 112
66 114
66 120
66 121
66 122
66 123
66 127
66 128
66 129
66 130
66 134
66 136
66 137
66 138
66 139
66 144
66 146
66 149
66 150
66 152
66 157
66 158
66 159
66 162
66 168
66 169
66 173
66 174
66 175
66 177
66 183
67 68
67 69
67 75
67 77
67 80
67 81
67 82
67 84
67 85
67 87
67 91
67 93
67 94
67 95
67 97
67 99
67 101
67 103
67 105
67 108
67 109
67 111
67 113
67 114
67 115
67 120
67 121
67 122
67 123
67 125
67 126
67 129
67 130
67 132
67 135
67 136
67 137
67 139
67 140
67 141
67 144
67 145
67 146
67 147
67 148
67 151
67 153
67 154
67 155
67 157
67 163
67 164
67 165
67 166
67 168
67 169
67 170
67 171
67 172
67 178
67 179
67 180
67 181
67 182
67 184
67 186
67 187
68 69
68 70
68 75
68 76
68 77
68 79
68 80
68 82
68 84
68 87
68 88
68 89
68 90
68 93
68 95
68 98
68 99
68 101
68 102
68 103
68 105
68 106
68 109
68 110
68 112
68 113
68 114
68 115
68 126
68 128
68 129
68 134
68 135
68 139
68 141
68 142
68 145
68 146
68 148
68 153
68 156
68 158
68 159
68 161
68 164
68 167
68 168
68 172
68 173
68 176
68 177
68 181
68 182
68 186
68 187
69 71
69 73
69 78
69 79
69 80
69 82
69 83
69 87
69 88
69 90
69 91
69 93
69 94
69 96
69 97
69 98
69 99
69 102
69 105
69 107
69 109
69 112
69 115
69 116
69 118
69 119
69 121
69 122
69 123
69 126
69 128
69 130
69 132
69 135
69 141
69 143
69 144
69 147
69 149
69 153
69 154
69 156
69 160
69 161
69 162
69 163
69 164
69 168
69 169
69 171
69 174
69 175
69 176
69 181
69 183
69 185
69 186
70 72
70 73
70 74
70 75
70 76
70 78
70 79
70 81
70 84
70 86
70 87
70 90
70 94
70 95
70 98
70 99
70 100
70 102
70 105
70 106
70 107
70 108
70 112
70 113
70 116
70 126
70 127
70 129
70 131
70 133
70 134
70 136
70 137
70 138
70 139
70 140
70 142
70 144
70 145
70 147
70 151
70 153
70 154
70 155
70 158
70 159
70 160
70 161
70 165
70 166
70 167
70 169
70 173
70 175
70 177
70 178
70 180
70 186
71 73
71 75
71 78
71 79
71 83
71 86
71 87
71 92
71 96
71 98
71 99
71 100
71 101
71 103
71 105
71 106
71 108
71 109
71 110
71 112
71 114
71 117
71 119
71 120
71 123
71 128
71 136
71 137
71 138
71 140
71 142
71 143
71 144
71 147
71 148
71 152
71 153
71 154
71 155
71 158
71 160
71 161
71 164
71 166
71 168
71 169
71 171
71 172
71 175
71 176
71 180
71 181
71 183
71 185
71 187
72 74
72 76
72 78
72 80
72 81
72 82
72 83
72 84
72 85
72 86
72 87
72 91
72 92
72 93
72 94
72 95
72 99
72 100
72 103
72 104
72 105
72 112
72 113
72 116
72 118
72 120
72 121
72 122
72 123
72 125
72 127
72 128
72 129
72 130
72 131
72 133
72 134
72 135
72 137
72 139
72 144
72 146
72 147
72 149
72 150
72 154
72 155
72 156
72 158
72 159
72 161
72 163
72 165
72 166
72 167
72 170
72 172
72 175
72 176
72 177
72 180
72 181
72 182
72 184
72 187
73 74
73 76
73 77
73 79
73 80
73 81
73 82
73 84
73 87
73 88
73 89
73 91
73 92
73 94
73 96
73 97
73 99
73 103
73 104
73 105
73 106
73 107
73 108
73 109
73 110
73 112
73 113
73 114
73 115
73 119
73 121
73 123
73 126
73 129
73 130
73 131
73 134
73 135
73 137
73 138
73 139
73 141
73 142
73 143
73 144
73 147
73 152
73 158
73 159
73 161
73 165
73 166
73 167
73 169
73 171
73 172
73 175
73 176
73 177
73 180
73 185
74 76
74 78
74 80
74 81
74 82
74 87
74 89
74 90
74 92
74 93
74 94
74 95
74 96
74 100
74 104
74 108
74 109
74 110
74 111
74 112
74 114
74 117
74 120
74 121
74 123
74 125
74 126
74 127
74 130
74 132
74 134
74 137
74 138
74 140
74 144
74 147
74 148
74 151
74 154
74 155
74 156
74 159
74 160
74 162
74 163
74 164
74 165
74 166
74 167
74 171
74 173
74 174
74 177
74 178
74 180
74 182
74 183
74 186
74 187
75 76
75 77
75 79
75 80
75 81
75 82
75 86
75 88
75 89
75 90
75 94
75 95
75 97
75 98
75 99
75 100
75 101
75 105
75 107
75 108
75 112
75 113
75 115
75 119
75 126
75 127
75 128
75 129
75 134
75 136
75 137
75 139
75 140
75 141
75 145
75 147
75 150
75 152
75 154
75 155
75 156
75 157
75 158
75 160
75 161
75 169
75 170
75 174
75 175
75 176
75 178
75 181
75 183
75 186
75 187
76 81
76 82
76 83
76 84
76 85
76 86
76 88
76 91
76 92
76 93
76 100
76 101
76 102
76 103
76 104
76 106
76 107
76 109
76 110
76 111
76 113
76 116
76 118
76 121
76 122
76 123
76 127
76 128
76 129
76 130
76 134
76 136
76 137
76 138
76 139
76 143
76 146
76 147
76 148
76 149
76 153
76 155
76 156
76 157
76 159
76 160
76 162
76 165
76 168
76 169
76 171
76 173
76 178
76 179
76 181
76 182
76 185
76 186
76 187
77 78
77 79
77 81
77 83
77 85
77 86
77 89
77 90
77 91
77 92
77 93
77 94
77 100
77 101
77 102
77 107
77 109
77 112
77 116
77 118
77 120
77 121
77 122
77 124
77 126
77 128
77 130
77 132
77 134
77 141
77 143
77 144
77 146
77 147
77 148
77 151
77 153
77 155
77 157
77 159
77 160
77 162
77 163
77 164
77 166
77 170
77 172
77 174
77 176
77 177
77 179
77 180
77 183
77 186
78 79
78 80
78 81
78 82
78 83
78 91
78 94
78 95
78 96
78 98
78 100
78 101
78 103
78 106
78 110
78 111
78 114
78 115
78 116
78 123
78 124
78 125
78 126
78 132
78 133
78 135
78 138
78 139
78 140
78 141
78 142
78 144
78 146
78 147
78 150
78 153
78 154
78 155
78 156
78 159
78 160
78 162
78 164
78 166
78 167
78 171
78 174
78 175
78 178
78 180
78 184
78 187
79 81
79 84
79 89
79 90
79 92
79 95
79 97
79 98
79 99
79 104
79 106
79 107
79 109
79 111
79 112
79 113
79 114
79 115
79 116
79 117
79 119
79 120
79 122
79 123
79 126
79 127
79 130
79 133
79 138
79 141
79 142
79 146
79 157
79 159
79 160
79 163
79 166
79 168
79 169
79 171
79 174
79 175
79 176
79 180
79 186
80 83
80 86
80 89
80 91
80 92
80 95
80 96
80 98
80 102
80 106
80 114
80 115
80 116
80 117
80 119
80 120
80 121
80 123
80 125
80 127
80 130
80 131
80 133
80 135
80 136
80 138
80 140
80 141
80 142
80 143
80 146
80 147
80 148
80 149
80 151
80 154
80 155
80 156
80 157
80 159
80 165
80 167
80 169
80 170
80 174
80 175
80 176
80 178
80 184
81 83
81 84
81 85
81 87
81 90
81 92
81 93
81 95
81 96
81 97
81 98
81 101
81 104
81 107
81 108
81 109
81 110
81 111
81 112
81 113
81 116
81 120
81 121
81 122
81 123
81 127
81 129
81 133
81 136
81 141
81 144
81 145
81 146
81 148
81 150
81 152
81 154
81 156
81 157
81 158
81 160
81 165
81 166
81 171
81 173
81 175
81 176
81 185
81 187
82 84
82 87
82 88
82 90
82 91
82 94
82 97
82 99
82 101
82 102
82 103
82 105
82 106
82 107
82 111
82 112
82 116
82 120
82 121
82 125
82 127
82 129
82 130
82 131
82 132
82 133
82 135
82 137
82 138
82 139
82 140
82 142
82 143
82 145
82 146
82 147
82 148
82 151
82 152
82 153
82 155
82 158
82 159
82 161
82 162
82 163
82 164
82 166
82 176
82 185
82 186
82 187
83 87
83 88
83 89
83 90
83 95
83 96
83 97
83 99
83 101
83 102
83 106
83 107
83 108
83 109
83 110
83 111
83 114
83 115
83 117
83 118
83 121
83 122
83 124
83 128
83 131
83 132
83 133
83 135
83 137
83 139
83 144
83 145
83 146
83 147
83 149
83 154
83 155
83 162
83 166
83 168
83 170
83 171
83 172
83 173
83 174
83 179
83 180
83 182
83 183
83 186
84 86
84 87
84 91
84 92
84 93
84 96
84 99
84 100
84 102
84 107
84 110
84 111
84 112
84 113
84 115
84 116
84 118
84 120
84 121
84 122
84 126
84 127
84 131
84 132
84 133
84 134
84 135
84 138
84 139
84 144
84 146
84 147
84 151
84 153
84 155
84 157
84 162
84 166
84 169
84 170
84 171
84 172
84 173
84 174
84 179
84 183
84 184
84 185
84 186
85 86
85 88
85 94
85 95
85 97
85 98
85 100
85 101
85 102
85 104
85 108
85 109
85 110
85 111
85 113
85 114
85 115
85 117
85 118
85 120
85 121
85 123
85 127
85 131
85 132
85 134
85 136
85 138
85 139
85 140
85 141
85 142
85 144
85 145
85 147
85 148
85 151
85 152
85 160
85 161
85 163
85 166
85 173
85 174
85 176
85 177
85 178
85 179
85 181
85 182
85 184
85 186
86 87
86 88
86 89
86 90
86 94
86 95
86 96
86 98
86 99
86 100
86 103
86 104
86 106
86 108
86 109
86 111
86 112
86 113
86 115
86 118
86 119
86 120
86 122
86 123
86 124
86 125
86 127
86 129
86 130
86 133
86 136
86 137
86 138
86 139
86 141
86 143
86 144
86 147
86 149
86 151
86 155
86 156
86 157
86 158
86 161
86 162
86 165
86 166
86 167
86 169
86 170
86 179
86 182
86 183
86 186
87 89
87 93
87 95
87 96
87 97
87 98
87 101
87 103
87 104
87 105
87 107
87 108
87 111
87 113
87 114
87 116
87 117
87 118
87 124
87 127
87 128
87 129
87 132
87 133
87 139
87 140
87 141
87 143
87 144
87 148
87 149
87 155
87 156
87 159
87 162
87 163
87 165
87 167
87 168
87 171
87 173
87 174
87 175
87 179
87 181
87 184
87 185
87 187
88 89
88 90
88 92
88 93
88 95
88 98
88 99
88 100
88 101
88 102
88 103
88 104
88 105
88 107
88 108
88 109
88 111
88 112
88 113
88 115
88 116
88 117
88 119
88 122
88 125
88 128
88 131
88 132
88 137
88 138
88 140
88 142
88 143
88 145
88 149
88 150
88 153
88 154
88 158
88 159
88 162
88 163
88 167
88 168
88 169
88 170
88 171
88 173
88 174
88 177
88 180
88 182
88 187
89 91
89 93
89 94
89 95
89 101
89 102
89 103
89 105
89 110
89 112
89 117
89 118
89 121
89 122
89 128
89 131
89 132
89 133
89 135
89 139
89 142
89 143
89 145
89 146
89 147
89 148
89 150
89 152
89 153
89 154
89 155
89 156
89 157
89 160
89 162
89 169
89 170
89 175
89 182
89 185
89 187
90 95
90 96
90 100
90 101
90 102
90 109
90 111
90 112
90 117
90 121
90 122
90 123
90 124
90 125
90 126
90 128
90 129
90 130
90 131
90 133
90 135
90 138
90 143
90 145
90 150
90 153
90 155
90 158
90 159
90 161
90 162
90 163
90 164
90 165
90 167
90 171
90 172
90 176
90 177
90 178
90 181
90 182
90 183
91 94
91 96
91 97
91 99
91 101
91 102
91 104
91 107
91 109
91 115
91 116
91 118
91 120
91 125
91 126
91 129
91 132
91 134
91 135
91 136
91 140
91 142
91 143
91 145
91 146
91 147
91 148
91 150
91 154
91 155
91 157
91 158
91 160
91 162
91 169
91 175
91 178
91 181
91 183
91 184
91 185
91 186
92 94
92 97
92 100
92 101
92 102
92 103
92 107
92 108
92 111
92 112
92 113
92 116
92 118
92 119
92 122
92 124
92 128
92 129
92 130
92 132
92 133
92 135
92 142
92 144
92 145
92 148
92 152
92 153
92 154
92 155
92 158
92 159
92 164
92 166
92 167
92 170
92 172
92 173
92 176
92 177
92 179
92 181
92 182
92 183
93 97
93 98
93 101
93 102
93 103
93 104
93 105
93 106
93 109
93 117
93 119
93 121
93 122
93 124
93 126
93 131
93 132
93 133
93 134
93 136
93 138
93 139
93 140
93 141
93 143
93 144
93 146
93 148
93 151
93 152
93 153
93 159
93 164
93 166
93 167
93 169
93 170
93 172
93 176
93 177
93 178
93 179
93 181
93 183
93 184
93 186
94 98
94 99
94 100
94 101
94 105
94 109
94 110
94 113
94 115
94 118
94 120
94 121
94 123
94 126
94 128
94 130
94 131
94 132
94 136
94 137
94 143
94 145
94 146
94 149
94 150
94 151
94 152
94 155
94 156
94 159
94 161
94 162
94 164
94 170
94 176
94 179
94 181
94 182
94 183
94 184
94 186
94 187
95 101
95 102
95 104
95 105
95 107
95 108
95 110
95 111
95 113
95 117
95 118
95 119
95 123
95 124
95 126
95 127
95 129
95 130
95 133
95 136
95 138
95 139
95 140
95 141
95 142
95 145
95 146
95 147
95 158
95 165
95 167
95 173
95 176
95 180
95 182
95 185
95 186
96 98
96 99
96 101
96 102
96 105
96 106
96 108
96 109
96 111
96 113
96 117
96 118
96 119
96 120
96 125
96 126
96 128
96 129
96 130
96 131
96 132
96 140
96 142
96 143
96 148
96 149
96 152
96 153
96 154
96 156
96 158
96 160
96 162
96 163
96 166
96 167
96 173
96 175
96 177
96 182
96 184
96 186
97 101
97 102
97 104
97 105
97 106
97 108
97 109
97 113
97 116
97 119
97 123
97 126
97 127
97 128
97 129
97 133
97 135
97 136
97 138
97 140
97 141
97 142
97 143
97 145
97 147
97 148
97 149
97 151
97 152
97 153
97 154
97 155
97 157
97 158
97 159
97 160
97 162
97 163
97 164
97 166
97 168
97 170
97 174
97 177
97 180
97 181
97 184
97 185
97 186
97 187
98 99
98 100
98 103
98 105
98 106
98 107
98 108
98 109
98 112
98 113
98 114
98 117
98 123
98 124
98 126
98 127
98 130
98 134
98 135
98 136
98 139
98 142
98 144
98 146
98 149
98 151
98 152
98 154
98 156
98 161
98 163
98 167
98 169
98 174
98 176
98 178
98 179
98 180
99 100
99 101
99 102
99 103
99 106
99 110
99 112
99 114
99 117
99 118
99 122
99 123
99 124
99 125
99 126
99 128
99 130
99 132
99 133
99 134
99 142
99 146
99 147
99 150
99 151
99 156
99 157
99 159
99 160
99 163
99 164
99 166
99 167
99 173
99 175
99 177
99 179
99 182
99 184
100 101
100 102
100 103
100 105
100 108
100 110
100 111
100 112
100 113
100 114
100 115
100 116
100 121
100 125
100 126
100 127
100 128
100 129
100 131
100 133
100 137
100 138
100 140
100 141
100 142
100 145
100 146
100 147
100 150
100 151
100 154
100 159
100 161
100 163
100 164
100 165
100 166
100 167
100 168
100 170
100 173
100 176
100 184
100 185
101 103
101 104
101 105
101 106
101 109
101 111
101 114
101 115
101 117
101 123
101 125
101 126
101 127
101 128
101 129
101 132
101 133
101 134
101 137
101 140
101 141
101 143
101 145
101 146
101 147
101 148
101 149
101 150
101 152
101 153
101 160
101 163
101 167
101 168
101 169
101 171
101 172
101 173
101 177
101 179
101 180
101 183
101 184
101 186
101 187
102 104
102 109
102 110
102 111
102 112
102 113
102 118
102 119
102 120
102 121
102 123
102 125
102 129
102 131
102 134
102 135
102 136
102 138
102 141
102 142
102 146
102 150
102 153
102 154
102 158
102 162
102 164
102 165
102 169
102 170
102 172
102 175
102 176
102 177
102 180
102 181
102 182
103 105
103 107
103 108
103 109
103 110
103 111
103 112
103 117
103 120
103 132
103 134
103 135
103 136
103 141
103 142
103 143
103 145
103 149
103 150
103 151
103 152
103 153
103 155
103 158
103 159
103 161
103 162
103 163
103 166
103 172
103 173
103 174
103 176
103 178
103 180
103 182
103 183
103 185
104 106
104 110
104 111
104 112
104 116
104 117
104 118
104 120
104 126
104 129
104 130
104 135
104 140
104 144
104 147
104 148
104 149
104 151
104 152
104 154
104 156
104 160
104 161
104 162
104 163
104 168
104 172
104 173
104 177
104 178
104 181
104 183
104 186
105 106
105 107
105 108
105 109
105 111
105 118
105 121
105 122
105 125
105 129
105 131
105 134
105 138
105 139
105 147
105 149
105 163
105 167
105 171
105 174
105 175
105 179
105 180
105 182
105 183
105 186
105 187
106 107
106 108
106 109
106 112
106 113
106 118
106 120
106 123
106 124
106 127
106 128
106 134
106 135
106 138
106 141
106 144
106 148
106 151
106 153
106 157
106 158
106 159
106 161
106 162
106 164
106 166
106 167
106 171
106 172
106 173
106 174
106 175
106 181
106 182
106 183
106 184
106 185
107 109
107 111
107 115
107 118
107 124
107 125
107 126
107 127
107 128
107 129
107 130
107 133
107 136
107 137
107 138
107 139
107 140
107 142
107 143
107 144
107 145
107 146
107 147
107 150
107 152
107 155
107 158
107 162
107 166
107 170
107 175
107 178
107 181
107 182
107 186
108 112
108 113
108 115
108 119
108 128
108 131
108 132
108 133
108 134
108 136
108 137
108 140
108 141
108 149
108 150
108 154
108 157
108 158
108 161
108 166
108 167
108 168
108 169
108 171
108 177
108 178
108 179
108 180
108 182
108 183
108 187
109 111
109 115
109 118
109 123
109 124
109 126
109 130
109 139
109 140
109 141
109 142
109 143
109 144
109 145
109 148
109 151
109 154
109 156
109 157
109 161
109 163
109 165
109 173
109 180
109 182
109 185
110 112
110 113
110 114
110 116
110 118
110 120
110 121
110 123
110 124
110 125
110 126
110 127
110 129
110 131
110 133
110 135
110 139
110 140
110 142
110 143
110 144
110 148
110 150
110 153
110 157
110 160
110 162
110 164
110 167
110 170
110 172
110 176
110 177
110 178
110 183
110 184
110 185
110 186
110 187
111 112
111 114
111 115
111 116
111 118
111 128
111 130
111 132
111 134
111 135
111 136
111 137
111 141
111 143
111 146
111 152
111 153
111 159
111 162
111 165
111 169
111 172
111 173
111 175
111 177
111 178
111 179
111 184
111 186
112 114
112 116
112 118
112 120
112 121
112 127
112 128
112 130
112 132
112 135
112 137
112 138
112 139
112 142
112 143
112 144
112 147
112 151
112 155
112 157
112 159
112 164
112 165
112 167
112 168
112 170
112 173
112 174
112 175
112 177
112 178
112 180
112 183
112 184
112 186
112 187
113 114
113 118
113 120
113 123
113 124
113 125
113 130
113 134
113 139
113 141
113 142
113 143
113 144
113 145
113 146
113 148
113 149
113 150
113 153
113 154
113 156
113 161
113 163
113 164
113 165
113 168
113 174
113 175
113 182
113 184
113 185
113 186
114 116
114 118
114 120
114 122
114 124
114 125
114 126
114 128
114 131
114 135
114 136
114 137
114 139
114 144
114 146
114 148
114 152
114 155
114 157
114 158
114 160
114 161
114 162
114 168
114 171
114 175
114 177
114 179
114 180
114 184
114 185
115 116
115 117
115 118
115 119
115 127
115 129
115 132
115 134
115 138
115 140
115 144
115 148
115 152
115 153
115 158
115 166
115 168
115 169
115 170
115 172
115 174
115 175
115 178
115 179
115 180
115 181
115 182
115 184
115 186
116 118
116 119
116 120
116 124
116 126
116 128
116 129
116 132
116 133
116 135
116 138
116 140
116 144
116 148
116 150
116 151
116 155
116 156
116 157
116 158
116 159
116 161
116 162
116 165
116 169
116 173
116 177
116 178
116 185
116 187
117 119
117 121
117 122
117 125
117 126
117 128
117 129
117 134
117 135
117 136
117 138
117 139
117 141
117 147
117 151
117 152
117 154
117 156
117 157
117 161
117 162
117 163
117 169
117 172
117 174
117 175
117 176
117 177
117 178
117 179
117 180
117 181
117 183
117 185
118 120
118 124
118 125
118 127
118 129
118 134
118 139
118 143
118 144
118 145
118 146
118 147
118 148
118 149
118 151
118 152
118 153
118 154
118 155
118 158
118 160
118 161
118 162
118 163
118 165
118 169
118 173
118 174
118 176
118 177
118 186
119 120
119 121
119 124
119 126
119 129
119 137
119 139
119 141
119 143
119 144
119 146
119 147
119 151
119 152
119 153
119 154
119 156
119 160
119 162
119 165
119 166
119 171
119 174
119 176
119 177
119 178
119 183
119 184
119 185
119 186
119 187
120 121
120 124
120 126
120 127
120 129
120 138
120 141
120 142
120 144
120 148
120 158
120 159
120 161
120 163
120 166
120 171
120 172
120 173
120 177
120 179
120 181
120 183
120 185
120 186
121 122
121 123
121 124
121 127
121 132
121 133
121 136
121 138
121 140
121 142
121 143
121 147
121 149
121 150
121 153
121 156
121 159
121 161
121 164
121 165
121 167
121 169
121 172
121 174
121 176
121 179
121 183
121 184
122 124
122 125
122 126
122 129
122 130
122 134
122 135
122 140
122 141
122 143
122 144
122 146
122 147
122 153
122 157
122 158
122 163
122 164
122 165
122 166
122 167
122 168
122 170
122 171
122 172
122 173
122 174
122 176
122 177
122 178
122 179
122 184
123 124
123 127
123 132
123 134
123 136
123 137
123 139
123 141
123 143
123 144
123 148
123 149
123 154
123 157
123 160
123 161
123 164
123 168
123 176
123 177
123 180
123 185
124 131
124 132
124 136
124 138
124 141
124 143
124 144
124 149
124 151
124 156
124 159
124 163
124 167
124 172
124 174
124 176
124 177
124 179
124 182
124 183
124 184
125 126
125 127
125 128
125 129
125 130
125 131
125 135
125 139
125 140
125 141
125 142
125 143
125 148
125 149
125 150
125 151
125 155
125 156
125 158
125 160
125 161
125 162
125 164
125 168
125 173
125 174
125 176
125 179
125 181
125 183
125 184
126 128
126 130
126 131
126 139
126 147
126 150
126 153
126 155
126 156
126 157
126 161
126 168
126 172
126 177
126 181
126 185
127 129
127 133
127 136
127 137
127 139
127 143
127 148
127 150
127 152
127 155
127 160
127 166
127 167
127 169
127 170
127 171
127 172
127 173
127 175
127 178
127 180
128 132
128 134
128 139
128 140
128 141
128 142
128 145
128 155
128 156
128 163
128 165
129 131
129 132
129 133
129 134
129 135
129 137
129 142
129 143
129 144
129 146
129 147
129 149
129 151
129 153
129 154
129 161
129 163
129 164
129 169
129 172
129 174
129 176
129 178
129 180
129 181
129 182
129 183
129 185
129 186
130 131
130 132
130 134
130 138
130 139
130 143
130 145
130 148
130 155
130 157
130 158
130 159
130 160
130 162
130 163
130 164
130 165
130 173
130 178
130 179
130 184
130 186
130 187
131 132
131 133
131 135
131 137
131 139
131 140
131 141
131 143
131 146
131 149
131 150
131 151
131 153
131 154
131 156
131 157
131 160
131 163
131 164
131 166
131 167
131 168
131 169
131 175
131 176
131 179
131 180
131 185
131 187
132 141
132 142
132 146
132 150
132 151
132 153
132 157
132 160
132 162
132 163
132 165
132 167
132 169
132 175
132 176
132 180
132 181
132 185
132 186
133 134
133 136
133 142
133 143
133 145
133 147
133 148
133 149
133 150
133 151
133 154
133 155
133 157
133 158
133 162
133 165
133 167
133 173
133 174
133 180
133 181
133 183
134 136
134 141
134 144
134 145
134 150
134 152
134 154
134 156
134 163
134 164
134 165
134 166
134 169
134 171
134 172
134 175
134 177
134 181
134 184
134 185
134 187
135 138
135 139
135 140
135 141
135 145
135 154
135 157
135 158
135 161
135 162
135 165
135 166
135 168
135 170
135 173
135 175
135 177
135 180
135 181
135 183
135 184
135 185
136 137
136 138
136 140
136 152
136 154
136 155
136 157
136 158
136 159
136 161
136 163
136 164
136 170
136 173
136 174
136 175
136 176
136 178
136 179
136 182
136 184
136 185
136 187
137 139
137 142
137 143
137 144
137 145
137 147
137 150
137 157
137 158
137 159
137 160
137 161
137 163
137 164
137 169
137 171
137 176
137 180
137 181
137 184
137 187
138 139
138 146
138 148
138 149
138 151
138 154
138 155
138 156
138 160
138 165
138 169
138 173
138 174
138 179
138 180
138 183
139 146
139 147
139 148
139 149
139 150
139 151
139 155
139 158
139 159
139 160
139 161
139 164
139 169
139 170
139 171
139 172
139 174
139 175
139 176
139 179
139 181
139 182
139 187
140 141
140 142
140 143
140 146
140 147
140 149
140 154
140 156
140 158
140 160
140 165
140 166
140 167
140 169
140 170
140 174
140 177
140 182
140 187
141 142
141 146
141 148
141 149
141 150
141 152
141 155
141 157
141 158
141 166
141 167
141 168
141 170
141 171
141 172
141 174
141 180
141 181
141 183
141 187
142 147
142 151
142 152
142 154
142 156
142 159
142 160
142 163
142 164
142 165
142 174
142 179
142 182
142 183
142 184
143 144
143 145
143 148
143 152
143 153
143 154
143 157
143 161
143 163
143 165
143 168
143 170
143 171
143 173
143 177
143 179
143 180
143 187
144 147
144 148
144 149
144 150
144 152
144 154
144 156
144 157
144 158
144 163
144 164
144 167
144 168
144 169
144 172
144 174
144 185
145 146
145 152
145 153
145 154
145 155
145 159
145 160
145 162
145 163
145 169
145 172
145 174
145 177
145 181
145 182
145 183
145 184
145 185
145 186
146 147
146 149
146 150
146 152
146 154
146 156
146 157
146 160
146 161
146 162
146 164
146 166
146 167
146 168
146 170
146 172
146 174
147 148
147 149
147 151
147 153
147 158
147 164
147 165
147 170
147 171
147 172
147 173
147 181
147 182
147 184
147 187
148 152
148 154
148 155
148 156
148 158
148 163
148 164
148 169
148 170
148 173
148 175
148 181
148 183
148 187
149 150
149 152
149 157
149 163
149 165
149 169
149 170
149 172
149 173
149 175
149 177
149 178
149 180
149 185
149 187
150 151
150 153
150 155
150 159
150 160
150 161
150 166
150 167
150 171
150 177
150 178
150 179
150 182
150 183
150 185
150 187
151 153
151 154
151 157
151 159
151 160
151 163
151 165
151 166
151 167
151 168
151 175
151 176
151 178
151 179
151 186
152 155
152 158
152 162
152 167
152 170
152 174
152 175
152 178
152 179
153 156
153 162
153 165
153 167
153 171
153 172
153 173
153 186
154 160
154 161
154 162
154 165
154 168
154 170
154 171
154 173
154 186
154 187
155 156
155 157
155 162
155 170
155 171
155 177
155 182
155 184
155 185
156 157
156 158
156 161
156 162
156 163
156 165
156 166
156 169
156 171
156 176
156 181
156 183
156 187
157 160
157 162
157 164
157 165
157 170
157 174
157 175
157 179
157 183
157 184
157 185
158 163
158 164
158 165
158 169
158 172
158 175
158 181
158 182
158 183
158 184
158 187
159 160
159 162
159 163
159 164
159 166
159 167
159 168
159 171
159 173
159 175
159 182
159 183
159 185
159 186
159 187
160 162
160 163
160 164
160 166
160 167
160 170
160 175
160 178
160 181
160 182
161 165
161 167
161 169
161 170
161 171
161 172
161 178
161 179
161 182
162 168
162 172
162 177
162 178
162 180
162 183
163 165
163 168
163 169
163 170
163 172
163 175
163 178
163 180
163 182
163 184
163 186
163 187
164 165
164 166
164 168
164 175
164 180
164 183
164 184
164 187
165 166
165 167
165 168
165 169
165 175
165 178
165 179
165 180
165 184
165 185
165 186
166 168
166 172
166 177
166 178
166 185
166 186
166 187
167 171
167 175
167 179
167 180
167 182
167 183
168 171
168 172
168 173
168 181
168 184
168 186
168 187
169 170
169 171
169 173
169 176
169 177
169 180
169 184
170 171
170 177
170 182
171 172
171 173
171 176
171 177
171 179
171 181
171 183
171 185
172 176
172 177
172 179
172 181
172 182
172 184
172 185
172 186
173 174
173 175
173 176
173 177
173 178
173 179
173 184
173 185
173 186
174 177
174 178
174 179
174 182
174 187
175 176
175 179
175 180
176 177
176 182
176 183
176 185
176 186
177 180
177 181
178 179
178 181
178 182
178 187
179 180
179 184
179 187
180 183
181 183
182 185
183 187
184 186
184 187
185 186
185 187
