180
0 1
0 2
0 8
0 39
0 53
0 91
0 119
0 147
1 3
1 4
1 34
1 45
1 48
1 64
1 107
1 116
1 142
1 165
1 167
2 6
2 11
2 84
2 102
2 161
3 7
3 40
3 50
3 64
3 103
3 108
3 139
3 168
4 5
4 9
4 15
4 49
4 120
5 14
5 16
5 21
5 36
5 89
5 97
5 175
6 10
6 13
6 18
6 19
6 42
6 107
6 163
7 56
7 69
7 84
7 85
7 88
7 122
7 140
8 65
8 67
8 96
8 116
9 12
9 41
9 80
9 99
10 16
10 19
10 23
10 44
10 73
10 81
10 101
10 110
11 20
11 33
11 58
11 146
11 171
12 17
12 24
12 27
12 28
12 36
12 40
12 43
12 59
13 18
13 22
13 38
13 60
13 93
13 101
13 111
13 119
13 129
13 141
14 50
14 56
14 58
14 87
14 126
14 132
14 159
15 85
15 129
15 138
16 17
16 64
16 83
16 101
16 143
16 147
16 148
17 29
17 30
17 33
17 50
17 70
17 71
17 125
17 132
18 25
18 79
18 128
18 131
18 134
19 55
19 99
19 154
20 64
20 152
21 62
21 96
21 113
22 26
22 63
22 85
22 129
23 31
23 46
23 66
23 72
23 86
23 177
24 45
24 74
24 76
24 124
24 134
25 26
25 35
25 42
25 169
26 45
26 69
26 70
26 105
26 117
26 138
26 155
27 82
27 96
27 119
27 139
28 52
28 59
28 97
28 158
28 160
28 166
28 171
29 31
29 53
29 57
29 131
29 135
29 148
29 171
30 32
30 47
30 110
30 122
30 149
30 164
30 175
31 68
31 90
31 115
31 162
32 56
32 60
32 73
32 82
32 87
32 98
32 104
32 118
32 178
33 118
33 135
33 170
34 65
34 88
34 112
34 114
34 143
35 37
35 92
35 109
35 138
35 168
36 66
36 83
36 111
36 126
36 139
37 45
37 75
37 137
37 170
38 69
38 81
38 93
39 49
39 51
39 66
39 105
39 142
40 84
40 86
40 102
40 123
40 164
41 123
41 145
42 54
42 57
42 60
42 92
42 108
42 123
42 175
43 74
43 92
43 149
44 108
44 173
45 51
45 130
45 136
45 154
46 78
46 143
46 144
46 166
47 48
47 59
47 61
47 63
47 97
47 127
47 177
48 68
48 146
48 163
49 61
49 139
49 166
49 179
50 100
50 112
50 137
50 175
51 54
51 62
51 94
51 155
52 82
52 160
52 169
53 83
53 100
53 114
53 120
53 123
54 75
54 158
55 70
55 77
55 107
55 117
55 160
56 88
56 112
57 74
57 83
57 90
57 94
57 126
57 142
57 173
58 73
58 116
58 164
58 176
58 177
59 103
59 168
60 136
61 71
61 116
61 174
62 77
62 119
62 124
62 125
62 148
63 81
63 135
64 66
64 157
64 158
65 102
65 124
65 130
65 155
66 119
66 121
67 85
67 97
67 114
67 118
67 138
67 177
68 72
68 125
68 126
68 154
68 168
68 173
69 73
69 80
69 92
69 134
69 162
70 157
71 92
71 97
71 107
71 141
72 118
72 131
73 79
73 139
73 159
74 78
74 96
74 141
74 155
75 77
75 141
75 154
76 80
76 109
76 117
76 140
76 151
76 166
77 111
77 138
77 149
77 156
78 151
78 159
78 178
79 106
79 117
79 136
79 146
79 157
79 179
80 101
80 145
81 135
81 144
81 148
81 172
81 178
82 94
82 148
83 88
83 126
83 142
83 147
84 96
85 95
85 98
86 106
86 130
86 133
87 116
87 121
87 137
87 140
87 176
88 117
88 131
89 98
89 121
90 131
90 142
91 122
91 123
91 164
91 179
92 95
92 111
93 113
93 132
94 104
94 111
94 152
94 169
95 99
95 127
95 144
95 163
96 122
98 156
98 167
99 112
99 154
99 155
100 150
100 170
100 177
101 115
101 149
102 108
102 118
102 150
102 163
103 133
104 110
104 113
104 134
105 124
105 133
105 150
106 117
106 122
106 146
106 156
106 161
107 124
109 134
109 153
109 156
109 164
110 128
110 141
110 154
110 171
111 146
111 158
113 138
113 151
113 153
113 167
113 168
114 131
114 155
114 157
115 138
115 159
116 137
118 128
118 149
118 178
119 173
119 177
120 132
120 143
120 153
121 165
123 145
124 150
124 167
125 135
126 176
127 128
127 152
127 176
129 161
129 165
131 150
132 160
132 176
133 151
134 149
134 168
135 139
135 174
137 150
138 170
138 172
139 169
140 153
140 160
141 162
142 171
143 166
143 171
146 159
146 169
146 175
148 167
148 172
152 174
156 179
157 165
157 170
158 164
158 170
165 167
171 179
