188
0 1
0 3
0 6
0 7
0 9
0 12
0 32
0 33
0 59
1 2
1 5
1 13
2 15
2 18
2 36
2 68
3 4
3 26
3 46
3 91
4 21
4 23
4 54
4 108
5 8
5 19
5 24
5 35
5 43
6 10
6 14
6 105
7 50
7 60
7 84
7 111
8 11
8 45
8 62
9 16
9 25
9 53
10 31
10 50
10 98
11 27
11 40
11 106
12 17
12 41
12 83
13 42
13 49
13 86
13 182
14 40
14 51
14 77
14 105
14 139
15 34
15 163
16 22
16 150
16 181
17 19
17 37
17 77
17 176
17 181
18 38
18 144
18 174
19 20
19 118
20 28
20 29
20 44
20 78
20 86
20 152
21 40
21 47
21 69
21 93
22 65
22 106
23 61
23 130
23 168
24 39
24 92
24 103
24 120
24 146
25 27
25 30
25 71
26 57
26 73
26 101
27 61
27 104
27 132
28 48
28 124
28 184
29 88
29 91
29 164
30 36
30 40
30 47
30 63
30 67
30 108
30 146
31 39
31 180
32 76
33 90
33 97
33 123
35 55
35 143
35 174
35 177
36 103
36 139
36 179
37 80
37 114
37 180
38 95
38 143
38 159
38 161
39 82
39 113
39 157
39 167
39 179
41 52
41 138
42 56
42 70
42 99
42 165
43 50
43 74
44 52
44 109
44 130
44 137
47 88
47 170
48 51
48 60
48 66
48 75
48 142
48 170
49 64
49 102
49 110
49 126
49 137
50 58
50 80
51 129
51 185
52 85
52 95
52 144
53 106
54 56
54 58
54 81
55 102
55 105
55 117
56 122
56 130
56 171
57 78
58 94
59 128
59 131
59 133
60 99
60 159
60 173
61 140
61 184
62 100
62 147
63 109
63 125
63 157
64 72
64 79
64 155
65 133
65 161
66 104
66 117
66 139
66 141
67 75
67 156
68 81
68 172
69 73
69 145
70 94
70 98
71 82
71 153
72 100
73 158
74 91
74 152
74 175
75 123
76 155
76 172
78 116
79 92
79 135
80 154
81 113
81 123
83 87
84 115
84 187
85 100
85 124
85 128
87 89
87 126
87 132
87 142
88 108
88 128
88 133
88 145
89 156
90 96
90 107
90 179
93 96
93 160
94 114
94 141
95 135
95 151
96 112
97 119
97 183
98 178
99 149
99 178
101 132
103 171
104 140
105 146
108 137
109 125
109 134
112 136
112 167
114 133
114 155
114 165
115 134
115 166
116 144
117 121
117 145
118 122
119 177
120 127
120 156
122 123
124 168
125 164
125 170
126 134
127 175
128 153
129 166
129 175
131 154
132 143
134 135
134 149
135 174
136 142
136 154
137 174
140 148
140 149
143 169
145 171
145 185
148 151
148 165
149 162
151 169
154 171
155 170
156 175
157 180
157 186
158 181
162 169
163 165
163 166
171 179
173 178
175 181
