188
0 1
0 3
0 4
0 5
0 7
0 30
0 99
1 2
1 18
1 42
1 45
1 84
1 130
1 176
1 182
2 11
2 60
2 104
3 6
3 100
4 9
4 13
4 90
5 8
5 23
5 36
5 49
5 140
6 12
6 15
6 18
6 141
7 16
7 91
7 129
7 164
8 10
8 32
8 37
8 75
9 40
9 48
9 52
9 161
10 180
10 182
11 22
11 59
11 103
12 14
12 29
12 46
12 102
12 109
13 27
13 39
13 48
14 17
14 25
14 141
14 182
15 20
15 47
15 116
15 127
15 137
16 19
16 21
16 53
16 138
16 160
17 24
17 86
17 87
17 107
17 143
18 54
18 126
19 33
19 101
19 146
20 38
20 69
21 67
21 178
22 35
23 28
23 55
23 115
23 161
24 26
24 31
24 82
24 88
25 109
25 114
25 154
26 56
26 73
26 80
26 95
26 110
26 126
26 128
27 38
27 56
27 78
27 172
27 175
28 53
28 68
28 92
29 34
29 65
29 79
29 144
29 181
30 59
30 72
30 103
32 66
32 74
32 127
32 131
32 142
33 50
33 82
33 93
34 41
34 111
34 135
34 177
35 63
35 64
35 125
35 165
35 184
36 89
36 138
36 154
37 44
37 57
37 119
37 150
37 173
38 51
38 95
38 124
38 164
38 185
39 43
39 71
40 59
40 118
40 122
41 113
42 97
42 146
43 59
43 80
43 140
44 85
44 103
44 116
44 168
45 58
45 121
45 182
46 72
46 102
46 160
47 73
47 171
48 67
48 123
49 96
49 109
49 136
50 56
50 61
50 180
50 184
51 108
51 169
51 179
52 133
52 136
52 159
53 147
53 151
54 70
54 87
54 127
54 138
55 106
56 142
57 94
57 139
58 62
58 91
59 111
59 117
60 83
60 111
60 178
61 65
61 67
61 98
62 94
63 76
63 93
63 139
64 76
64 103
64 160
65 68
65 75
65 123
65 153
66 92
66 98
66 146
67 77
68 89
68 132
69 81
69 148
70 74
70 142
71 105
71 122
71 172
72 133
72 163
73 152
74 99
75 119
77 147
78 101
78 145
78 178
80 157
81 88
81 126
81 151
82 104
82 178
82 180
83 166
83 179
83 185
84 93
86 105
86 120
87 103
89 118
89 166
90 156
92 154
93 139
93 147
93 184
95 137
95 153
96 112
97 108
99 145
99 174
102 175
104 168
105 131
105 137
106 112
106 134
106 167
107 130
107 149
107 184
108 141
108 153
109 177
110 183
111 127
111 157
112 175
113 137
115 119
117 164
117 183
118 181
119 145
119 158
120 166
121 166
122 177
123 139
124 130
125 167
125 170
125 171
125 183
126 129
128 149
128 181
130 162
132 174
133 156
134 186
136 148
138 157
139 153
139 165
141 147
141 170
143 155
144 176
144 187
149 172
151 163
152 175
154 164
154 170
155 162
155 185
156 179
158 185
158 187
159 161
