188
0 1
0 3
0 4
0 5
0 7
0 30
0 99
0 121
0 165
1 2
1 18
1 42
1 45
1 84
1 130
1 176
2 11
2 52
2 60
2 104
3 6
3 32
3 100
3 126
4 9
4 13
4 90
5 8
5 23
5 36
5 49
5 140
6 12
6 13
6 15
6 141
6 158
7 16
7 91
7 129
7 161
8 10
8 32
8 37
8 75
9 40
9 52
9 59
9 103
10 75
10 107
10 146
10 147
10 179
11 22
11 116
11 141
11 165
12 14
12 29
12 46
12 102
13 27
13 39
13 48
13 108
14 17
14 25
15 20
15 47
15 107
15 114
15 187
16 19
16 21
16 42
16 130
16 138
16 164
17 24
17 73
17 86
17 107
17 143
17 167
18 54
18 109
19 33
19 101
19 120
20 38
20 41
20 69
20 125
20 168
20 172
20 182
21 67
21 132
21 143
21 144
21 150
22 35
22 72
23 28
23 55
23 115
23 131
24 26
24 31
24 74
24 82
24 126
24 155
24 182
25 114
25 154
26 56
26 62
26 80
26 95
26 105
26 110
26 128
27 39
27 55
27 78
27 142
28 53
28 68
28 92
29 34
29 65
29 79
29 144
29 181
30 60
30 163
31 137
31 186
32 62
32 66
32 118
32 127
32 131
33 50
33 59
33 68
33 78
33 80
33 140
34 41
34 46
34 94
34 135
34 159
35 54
35 63
35 64
35 125
35 133
35 151
35 183
36 89
36 107
36 115
36 126
37 44
37 57
37 119
37 150
37 173
38 51
38 79
38 124
38 133
38 152
39 43
39 71
39 88
40 59
40 118
40 160
41 77
41 113
41 124
41 174
42 97
42 146
43 78
43 123
44 85
44 103
44 116
44 135
45 58
45 121
45 142
45 170
45 182
46 72
46 160
47 50
47 73
47 100
47 171
48 57
48 139
48 182
49 96
49 109
49 136
50 61
50 180
50 184
51 65
51 67
51 90
51 169
51 179
52 113
52 133
52 159
52 168
53 121
53 151
54 70
54 87
54 106
54 115
54 133
55 76
55 103
55 106
56 98
56 146
57 65
57 89
58 62
58 76
59 117
60 83
60 100
60 111
60 142
60 178
61 98
61 118
62 94
63 76
63 78
63 113
63 139
64 90
64 119
64 130
65 110
65 123
65 126
66 115
66 131
67 77
67 101
67 123
68 95
68 132
68 180
69 81
69 148
69 172
69 179
70 74
70 87
70 142
70 167
71 105
71 122
71 172
72 163
72 176
73 103
73 152
74 122
74 184
75 118
75 166
75 176
77 121
77 154
77 166
78 139
78 144
79 153
80 157
81 88
81 124
81 126
81 128
81 135
82 144
82 178
83 152
83 166
84 93
84 172
84 186
85 162
85 167
85 178
86 87
86 100
86 120
86 148
87 137
88 112
88 134
88 137
88 167
89 130
89 137
89 149
90 105
90 153
90 156
91 141
91 143
92 168
92 177
93 121
93 145
93 151
94 138
94 157
95 106
95 114
95 175
96 112
97 108
97 119
98 111
98 156
99 145
99 170
99 174
99 181
101 166
101 169
102 171
102 175
103 169
104 127
104 168
104 171
105 109
105 129
105 139
106 111
106 134
107 151
108 136
108 162
110 150
110 162
110 174
111 160
111 173
113 137
114 129
114 146
114 170
115 157
116 144
117 120
117 164
117 183
119 120
119 158
120 164
122 177
122 183
124 163
125 150
125 167
126 161
127 133
127 179
128 147
128 149
128 173
131 160
132 151
134 186
139 153
139 165
141 147
142 152
143 155
143 169
144 147
145 174
146 164
146 182
151 156
152 158
154 170
155 161
155 162
155 185
157 174
158 187
159 161
160 173
160 178
167 173
168 186
169 181
171 179
172 187
178 184
184 185
