180
0 1
0 3
0 6
0 7
0 9
0 12
0 32
0 33
0 59
1 2
1 5
1 13
2 15
2 18
2 36
2 68
2 98
2 168
3 4
3 7
3 26
3 46
4 21
4 23
4 54
4 88
5 8
5 14
5 19
5 24
5 35
5 43
6 10
6 14
6 27
7 50
7 84
7 111
7 164
8 11
8 45
8 62
9 16
9 25
9 53
10 14
10 31
10 43
10 83
10 98
10 122
11 40
12 17
12 41
12 52
12 83
13 42
13 44
13 49
13 86
14 105
14 168
15 34
15 92
15 117
15 127
15 154
15 163
16 19
16 22
16 62
16 150
17 37
17 77
17 176
18 38
18 56
18 138
18 166
18 174
19 20
19 85
19 118
20 28
20 29
20 40
20 44
20 78
20 135
20 152
21 47
21 69
21 93
22 65
22 106
22 150
23 61
23 89
23 124
23 130
23 168
24 72
24 82
24 120
24 130
25 27
25 30
25 40
25 62
25 71
25 100
26 57
26 81
26 101
27 56
27 74
27 110
27 127
27 166
28 48
28 76
28 124
29 34
29 91
29 164
30 63
30 67
30 108
30 126
30 153
31 39
31 72
31 97
31 133
32 76
32 91
32 137
32 157
33 90
33 97
33 123
34 121
34 141
35 55
35 155
35 174
36 103
36 135
37 80
37 102
37 133
38 161
39 82
39 113
39 179
40 71
40 77
40 106
41 43
41 52
41 138
42 45
42 70
42 99
42 110
43 56
43 74
43 82
44 86
44 111
44 133
44 142
44 177
45 70
45 84
45 143
46 163
47 88
47 107
47 165
48 51
48 60
48 66
48 160
48 170
49 64
49 110
49 137
49 157
50 74
50 122
50 124
50 128
50 152
50 176
51 73
51 93
51 127
51 129
51 176
52 70
52 85
52 95
53 70
53 91
53 134
54 56
54 58
54 146
54 162
55 102
55 117
55 171
56 79
56 96
56 165
57 76
57 100
57 149
58 94
59 86
59 118
59 131
59 133
60 106
60 159
60 173
61 103
61 105
61 167
62 113
62 136
62 146
62 147
63 102
63 109
63 118
63 141
63 157
64 72
64 79
64 102
64 163
64 166
65 77
65 104
66 104
66 139
66 141
67 75
67 81
67 84
68 81
68 165
68 172
69 73
69 145
70 108
71 149
72 100
73 119
73 158
73 170
74 177
75 95
75 168
76 89
76 123
76 155
77 150
77 170
78 91
78 92
78 109
78 116
78 171
79 92
79 107
79 135
80 88
80 91
80 129
81 105
81 142
82 83
83 87
84 96
84 113
84 115
85 126
85 128
86 102
86 170
87 89
87 126
87 132
87 142
90 105
90 107
91 114
92 109
93 96
93 103
93 160
94 114
95 151
95 152
96 112
96 147
97 119
97 175
99 127
99 158
100 143
101 148
104 140
105 131
105 146
106 179
107 173
107 177
109 125
109 131
109 134
110 169
112 136
112 161
112 167
112 171
113 156
113 160
113 168
114 130
114 137
114 167
115 153
116 144
116 167
117 121
117 148
118 122
119 123
119 177
120 127
120 130
120 139
120 156
121 144
122 124
122 149
123 125
125 170
125 178
126 169
128 153
129 166
130 136
130 164
131 154
132 143
133 150
138 153
138 159
138 167
139 156
140 148
140 149
140 172
141 143
141 162
142 145
143 169
144 162
145 148
145 152
145 171
145 173
146 169
146 174
149 162
151 175
154 175
156 165
156 175
157 160
160 177
162 175
163 165
166 178
173 178
