180
0 1
0 2
0 6
0 132
1 7
1 8
1 10
1 16
1 32
1 92
1 138
2 3
2 13
2 20
2 40
2 126
3 4
3 5
3 52
3 63
3 71
3 73
3 131
4 9
4 26
4 28
4 59
4 67
4 97
4 109
4 136
4 148
4 149
5 30
5 107
5 116
5 164
6 11
6 14
6 56
6 166
7 17
7 129
7 134
7 145
7 165
8 15
8 24
8 25
8 55
8 110
8 120
8 171
8 172
9 14
9 25
9 30
9 76
9 103
9 110
9 139
10 12
10 13
10 22
10 38
10 120
10 130
11 103
11 130
11 144
12 17
12 18
12 21
12 23
12 44
12 71
12 72
12 95
12 106
12 152
13 16
13 19
13 34
13 105
13 147
14 49
14 150
14 174
15 27
15 41
15 70
15 114
16 29
16 31
16 33
16 34
16 37
16 42
16 64
16 147
17 61
17 63
17 75
17 84
17 113
18 53
18 57
18 88
19 23
19 35
19 40
19 80
19 97
19 153
19 161
19 164
19 168
20 51
20 63
20 81
20 117
20 157
21 54
21 68
21 105
21 112
21 171
22 27
22 43
22 62
22 96
22 122
22 126
22 176
22 178
23 48
23 59
23 65
23 85
23 106
23 117
23 139
23 167
24 45
24 82
24 108
24 122
25 62
25 70
25 90
25 101
25 150
26 30
26 36
26 66
26 149
26 171
27 55
28 46
28 53
28 74
28 93
28 100
29 33
29 43
29 53
29 123
30 177
31 46
31 99
32 50
32 128
32 142
33 47
33 85
33 93
33 168
34 68
34 79
34 90
34 165
34 167
35 58
35 81
35 86
35 116
35 148
35 165
36 118
36 126
36 133
36 168
37 50
37 60
37 71
37 143
38 39
38 111
38 114
38 170
39 57
39 90
39 119
39 163
40 69
40 76
40 138
40 176
41 91
41 97
41 100
41 109
42 127
42 154
42 160
43 57
43 104
43 136
43 162
43 167
43 170
43 179
44 54
44 62
44 71
44 119
44 132
45 64
45 83
45 87
45 96
45 144
45 157
46 123
46 172
47 48
47 68
47 84
47 89
47 147
47 159
47 174
48 72
48 155
48 173
48 175
49 61
49 82
49 138
50 52
50 78
50 159
50 163
50 173
51 58
51 107
51 124
51 134
51 141
52 54
52 65
52 87
53 55
53 76
53 84
53 112
53 129
54 72
54 78
54 154
54 171
55 66
55 69
55 72
55 106
56 88
56 102
56 111
56 135
57 61
57 83
57 87
57 123
57 159
57 165
58 115
58 151
59 88
59 104
59 108
59 135
59 173
59 174
60 105
60 119
61 85
61 106
61 137
61 144
61 176
62 79
62 86
62 92
62 118
63 147
63 148
63 169
64 79
64 97
64 102
64 124
64 173
65 85
65 162
66 121
66 130
66 131
66 140
67 73
67 84
67 107
67 121
67 126
67 133
67 153
68 94
68 111
68 116
68 117
68 171
69 96
69 177
70 73
70 95
70 108
70 150
70 170
71 73
71 77
71 140
72 77
72 164
73 89
73 109
73 116
73 170
74 83
74 172
75 93
75 105
75 112
75 121
75 142
76 160
77 102
77 140
77 149
77 156
78 87
78 108
78 130
79 162
79 172
80 131
80 145
81 111
81 116
81 133
81 142
81 146
82 91
82 94
82 139
82 140
82 143
83 103
83 147
84 123
84 137
85 109
85 110
85 135
85 140
85 144
86 98
86 125
86 152
86 155
86 172
87 99
87 107
87 169
88 104
88 113
88 124
88 163
89 101
89 153
89 166
90 127
90 128
90 167
91 92
91 98
91 119
91 122
91 139
91 178
92 134
92 160
92 163
93 110
93 114
93 143
93 157
93 169
94 101
94 104
94 106
94 135
94 152
94 162
95 125
95 133
95 137
95 151
95 179
96 123
97 176
98 113
98 130
98 170
99 149
99 156
100 139
100 145
102 142
102 161
102 170
103 121
103 129
103 148
104 120
104 127
105 117
105 134
106 122
107 158
108 124
108 179
109 163
109 179
110 111
110 137
110 151
111 125
111 172
112 127
113 160
113 179
114 131
114 166
115 118
115 123
115 131
115 154
115 156
115 169
116 177
117 132
117 150
118 162
119 131
119 137
119 171
121 161
122 125
122 133
122 141
122 146
124 146
125 135
126 165
126 178
127 143
128 176
128 179
130 135
130 142
131 136
132 153
132 155
132 163
133 175
133 178
136 143
136 178
137 141
138 172
139 154
140 152
141 151
141 164
142 144
143 154
143 165
145 161
146 155
146 158
147 161
152 162
153 164
153 177
154 164
155 156
155 172
156 169
158 168
159 166
159 176
167 175
168 169
