180
0 1
0 7
0 11
0 12
0 17
0 33
0 38
0 83
0 117
0 156
1 2
1 4
1 6
1 10
1 69
2 3
2 32
2 54
2 60
2 143
3 59
3 93
3 119
3 126
3 135
3 142
3 152
3 171
3 178
4 5
4 20
4 27
4 45
4 60
5 8
5 18
5 31
5 161
5 170
6 18
6 26
6 29
6 37
6 40
6 57
6 73
6 107
7 9
7 14
7 78
7 88
7 150
7 168
8 53
8 58
8 63
8 92
8 113
8 114
9 35
9 37
9 72
9 84
9 88
9 109
9 126
9 128
10 13
10 18
10 21
10 36
10 91
10 139
10 149
11 16
11 22
11 100
11 134
11 138
11 165
12 28
12 42
12 43
12 52
12 76
12 100
12 133
13 19
13 127
13 161
13 178
14 15
14 17
14 58
14 89
14 104
14 156
15 16
15 24
15 55
15 91
16 26
16 39
16 68
16 88
16 99
16 165
17 31
17 56
17 67
17 92
17 97
17 102
17 112
18 19
18 20
18 43
18 56
18 85
18 86
18 105
18 146
18 163
18 175
19 23
19 63
19 143
20 44
20 58
20 64
20 85
21 25
21 30
21 34
21 59
21 139
21 168
22 47
22 61
22 77
22 84
22 98
22 109
22 146
22 166
23 39
23 41
23 48
23 52
23 159
24 86
24 113
24 142
24 164
24 175
24 179
25 66
25 67
25 77
25 81
25 98
25 113
25 126
25 144
25 157
25 171
26 40
26 83
26 96
26 123
26 153
27 41
27 61
27 141
27 176
28 33
28 37
28 48
28 56
28 88
28 139
29 49
29 57
29 72
29 95
30 87
30 118
30 163
31 62
31 67
31 104
32 41
32 68
32 80
32 87
32 133
33 41
33 44
33 53
33 90
33 97
33 101
34 62
34 70
34 110
34 111
34 140
34 173
35 46
35 51
35 96
36 64
36 69
36 71
36 124
36 125
36 156
37 50
37 70
37 78
37 82
37 112
37 141
38 69
38 89
38 96
38 132
38 142
38 151
39 48
39 85
39 114
39 137
39 174
40 50
40 56
40 71
40 152
41 70
41 73
41 77
41 82
41 89
41 118
41 129
42 77
42 150
42 179
43 49
43 144
43 170
44 53
44 108
44 135
44 145
44 168
45 66
45 87
45 115
45 129
46 66
46 71
46 92
46 112
46 132
46 135
47 60
47 74
47 81
47 117
47 123
47 168
48 79
48 106
48 153
49 94
49 126
49 129
49 154
50 67
50 82
50 95
50 135
51 53
51 82
52 128
52 130
53 65
53 157
54 77
54 106
54 110
54 112
54 119
55 75
55 168
57 70
57 99
57 147
57 172
58 79
58 117
58 142
58 169
59 120
59 121
59 167
60 130
60 179
61 62
61 86
61 105
61 168
62 127
62 144
62 171
63 79
63 106
63 111
63 141
63 145
64 65
64 78
64 100
64 147
64 163
65 93
65 144
65 167
65 174
66 92
66 162
67 87
67 93
67 94
67 104
67 179
68 69
68 101
68 131
68 138
68 146
68 147
68 148
69 78
69 117
69 175
70 82
70 132
70 153
70 162
70 173
71 93
71 107
71 149
71 161
71 177
72 111
72 118
73 81
73 97
73 130
73 143
73 144
73 153
74 103
74 138
74 148
74 158
75 93
75 128
75 146
75 176
76 119
76 155
77 100
77 115
77 151
78 82
78 150
78 154
78 173
79 122
79 143
79 148
79 171
80 111
80 121
80 165
80 172
80 178
81 121
82 145
83 106
83 136
83 159
84 128
84 137
84 141
84 147
85 100
87 128
87 136
88 101
88 143
88 146
89 94
89 113
89 172
90 102
90 116
90 131
91 95
91 99
91 133
92 118
92 149
93 113
93 157
94 98
94 106
95 104
95 109
95 120
95 178
96 100
96 135
96 172
97 154
97 156
97 158
97 163
98 105
98 118
98 122
99 102
99 134
99 160
99 173
100 146
101 104
101 110
102 157
102 165
103 119
103 133
104 167
105 115
105 134
105 152
106 171
107 114
107 120
107 177
108 160
108 174
109 142
109 157
110 160
111 164
111 166
112 150
112 170
113 129
113 166
115 129
116 130
116 153
116 165
116 169
117 131
117 147
117 149
117 179
118 154
121 134
122 153
122 158
122 173
123 136
123 144
123 155
124 169
124 172
124 175
125 154
125 155
125 161
126 130
127 139
127 158
127 162
127 169
128 161
130 156
131 139
131 148
131 149
131 159
131 165
132 140
132 145
133 139
133 145
133 166
135 136
135 151
136 160
137 156
137 164
140 166
142 145
146 162
147 163
147 176
148 151
148 155
150 173
150 178
152 162
153 175
157 164
159 169
161 170
161 172
163 167
165 177
167 177
