188
0 1
0 2
0 11
0 30
0 34
0 46
0 58
0 117
0 156
1 4
1 8
1 12
1 95
1 146
2 3
2 5
2 39
2 61
2 112
2 150
3 28
3 93
4 6
4 7
4 21
4 77
4 103
4 105
5 18
5 24
5 61
5 65
5 70
5 177
5 187
6 21
6 68
6 86
6 143
6 183
7 9
7 10
7 139
7 168
8 23
8 30
8 86
8 159
8 179
9 16
9 35
9 173
10 47
10 50
10 55
10 58
10 67
11 14
11 42
11 95
11 134
11 177
12 13
12 15
12 17
12 19
12 39
12 51
12 58
12 106
12 130
12 181
13 63
13 68
13 78
13 82
13 146
13 180
14 25
14 45
14 54
15 20
15 24
15 78
15 122
16 33
16 44
16 128
17 85
17 86
17 154
17 172
18 22
18 26
18 83
18 104
18 106
18 126
19 52
19 85
19 166
20 60
20 80
20 107
20 146
20 174
21 31
21 36
21 81
21 99
22 75
22 79
22 80
22 116
23 35
23 46
23 132
24 79
24 84
24 143
25 27
25 141
25 155
26 29
26 48
26 92
26 97
27 40
27 49
27 184
28 69
28 91
28 160
28 168
29 32
29 82
29 119
29 131
29 142
30 31
30 95
30 100
30 114
30 187
31 37
31 61
31 109
31 114
31 129
31 136
31 145
31 180
32 42
32 101
32 135
32 159
32 163
32 184
33 36
33 41
33 57
33 144
34 41
34 91
34 111
34 129
34 174
35 136
35 179
36 101
36 130
37 38
37 71
37 94
37 124
37 162
37 174
38 76
38 92
38 175
39 62
39 71
40 43
40 56
40 72
41 98
41 183
42 84
42 143
42 184
43 102
43 103
43 115
43 117
43 154
44 56
44 123
44 136
44 150
44 180
44 183
45 47
45 74
45 76
45 81
45 139
45 177
45 187
46 74
46 99
46 115
46 145
47 53
48 73
48 75
48 81
48 113
48 131
49 70
50 93
50 136
51 64
51 84
51 113
51 129
51 144
51 153
51 171
51 182
52 63
52 91
52 133
52 170
52 171
53 82
53 99
54 85
54 109
54 127
54 167
55 79
55 89
55 119
55 138
55 142
56 110
56 174
57 59
57 62
57 68
57 121
57 165
58 155
58 156
58 186
59 142
59 148
59 178
60 88
60 99
60 100
60 118
60 170
61 84
61 120
61 184
62 90
62 97
62 125
63 74
63 99
64 66
64 146
64 180
65 160
65 163
66 87
66 104
66 130
66 143
66 158
67 108
67 159
67 162
69 114
69 154
70 153
70 165
70 183
71 73
71 183
72 94
72 140
73 84
74 89
74 102
74 164
75 164
76 83
76 110
76 123
77 88
77 100
77 112
79 157
79 172
80 116
80 122
80 127
81 139
81 146
82 110
82 133
83 129
83 178
84 98
84 141
85 186
86 135
86 167
87 92
87 125
87 137
87 156
88 119
88 163
89 91
90 96
90 112
90 122
90 171
90 187
91 164
92 163
94 105
94 126
94 156
94 158
94 167
95 115
95 179
95 186
96 104
96 148
96 173
96 182
97 98
97 109
97 121
97 161
99 165
100 184
101 131
101 149
101 185
102 175
104 109
104 147
105 106
105 169
105 171
105 185
107 153
108 157
108 178
109 158
111 120
111 128
111 138
112 151
112 172
113 125
113 138
113 148
114 149
115 136
115 147
116 118
116 120
116 166
116 174
116 176
117 182
118 120
118 165
118 176
119 149
120 124
120 141
121 130
122 127
122 132
122 152
122 153
123 134
123 137
124 144
124 145
125 179
126 141
126 169
127 142
127 154
127 166
127 175
128 182
131 133
131 139
131 148
131 149
132 163
133 153
133 186
134 149
135 142
135 164
137 143
137 169
138 166
138 168
139 158
140 141
140 161
140 165
142 171
142 180
143 151
145 152
147 161
152 162
155 168
155 181
156 170
162 172
164 175
165 177
166 176
167 173
167 185
175 178
178 185
