180
0 1
0 2
0 26
0 37
0 39
0 58
0 72
0 82
1 4
1 5
1 20
1 24
1 74
2 3
2 9
2 10
2 40
3 15
3 64
3 107
3 112
3 142
3 154
3 174
4 15
4 27
4 41
4 96
5 6
5 7
5 18
5 29
5 45
5 81
5 113
6 8
6 11
6 13
6 23
6 61
6 62
6 84
6 115
6 141
7 11
7 12
7 33
7 87
7 176
8 14
8 19
8 25
8 32
8 51
8 93
8 120
8 122
8 138
8 140
8 154
8 160
9 16
9 17
9 45
9 89
9 117
10 29
10 33
10 34
10 70
10 120
10 170
11 13
11 21
11 22
11 43
11 80
12 67
12 85
12 87
12 93
12 109
12 127
12 146
13 65
13 76
13 80
13 107
13 140
13 151
14 23
14 29
14 73
14 111
14 146
14 168
14 178
15 24
15 25
15 35
15 49
15 67
15 107
16 44
16 55
16 92
16 127
16 133
17 22
17 34
17 36
17 38
17 88
17 175
18 56
18 90
18 135
18 164
19 30
19 53
19 55
19 57
19 81
19 89
19 98
19 101
20 21
20 38
20 77
20 99
21 85
21 139
21 153
22 35
22 59
22 128
22 158
23 31
23 49
23 53
23 68
23 119
24 28
24 78
25 40
25 60
25 107
25 125
25 139
26 115
26 129
26 157
26 173
27 46
27 49
27 124
27 132
27 178
28 103
28 143
28 167
28 177
29 40
29 42
29 50
29 54
29 69
29 90
29 156
30 43
30 52
30 69
30 124
31 116
31 169
31 179
32 35
32 70
32 75
32 117
32 166
33 61
33 83
33 104
33 115
33 155
34 66
34 68
34 94
34 129
35 44
36 47
36 116
36 122
37 74
37 117
37 118
37 128
37 133
37 134
37 146
38 41
38 47
38 57
38 112
38 175
39 77
39 83
39 105
39 129
39 155
39 161
40 94
40 120
40 125
41 52
41 76
41 78
41 121
41 147
41 148
42 56
42 71
42 100
42 105
42 113
43 74
43 86
43 91
43 105
43 112
43 152
43 154
43 168
44 59
44 73
44 145
44 153
44 174
45 46
45 48
45 140
45 173
46 60
46 80
46 137
46 141
46 142
47 60
47 101
47 145
47 157
48 58
48 67
48 101
48 137
48 157
49 92
49 104
49 130
49 148
49 171
50 56
50 134
50 169
51 90
51 155
51 174
52 58
52 65
52 102
52 121
52 155
53 62
54 63
54 95
54 103
54 170
55 69
55 86
55 102
55 109
56 57
56 116
57 99
57 130
57 136
58 151
58 152
58 156
59 100
59 105
59 109
59 114
59 139
60 148
61 84
61 93
61 123
61 173
62 63
62 86
62 95
62 155
63 78
63 83
63 91
63 143
64 71
64 97
64 111
64 120
65 121
65 163
65 173
66 120
66 126
66 175
67 70
67 110
67 111
68 73
68 83
68 114
68 146
69 118
69 155
70 108
70 171
71 75
71 99
71 128
71 140
71 164
71 172
72 77
72 78
72 106
73 170
73 176
74 79
74 110
74 139
74 142
75 164
75 176
76 97
76 125
76 160
77 124
77 147
77 168
78 138
78 140
78 146
78 154
79 92
79 131
79 133
79 143
79 156
80 139
81 82
81 95
81 96
81 114
82 118
82 119
82 148
83 84
83 129
84 106
84 109
84 137
84 145
85 102
85 105
85 124
85 137
85 173
86 90
86 144
86 159
86 172
87 128
87 141
87 179
88 98
88 136
88 166
89 95
89 102
89 126
89 158
90 112
90 121
90 149
90 161
91 119
91 133
91 164
91 170
92 149
92 158
93 125
93 127
94 108
94 132
95 123
95 151
96 97
96 106
96 128
96 161
96 170
96 179
97 102
97 150
97 165
98 167
98 171
98 176
99 103
99 106
99 121
99 165
99 173
100 108
100 131
100 142
100 150
101 111
101 128
101 132
102 136
102 147
102 159
104 159
105 161
106 172
107 123
107 145
109 118
109 135
110 144
110 177
112 138
112 143
112 165
112 167
113 169
113 178
114 115
114 143
115 130
115 176
116 119
116 135
116 165
117 146
118 130
118 139
118 149
118 169
119 132
119 168
120 134
121 172
122 143
123 126
123 164
123 167
124 131
126 138
126 164
127 169
127 172
132 158
133 136
133 169
133 175
134 166
135 147
135 163
137 162
138 150
138 160
138 179
139 152
140 153
141 163
142 151
142 166
143 166
143 176
144 175
145 157
148 149
149 177
153 163
156 177
158 161
161 162
162 178
