180
0 1
0 2
0 5
0 15
0 53
0 132
1 16
1 18
1 24
1 26
1 52
2 3
2 4
2 7
2 9
2 12
2 147
3 8
3 11
4 10
4 36
4 60
5 6
5 13
5 25
5 121
6 38
6 46
6 54
6 117
7 22
7 47
8 17
8 115
9 22
9 49
9 146
10 40
10 97
10 125
11 14
11 23
11 94
11 131
12 21
12 24
12 28
12 29
12 37
12 84
12 116
13 129
14 20
14 43
14 77
15 32
15 71
15 80
16 27
17 26
17 46
17 63
17 104
17 165
18 19
18 33
19 33
19 42
19 58
19 172
20 61
20 63
20 69
20 137
21 31
21 32
21 56
22 44
23 30
23 39
23 41
23 78
25 35
25 79
25 81
26 31
27 44
27 65
27 165
28 34
28 120
29 57
29 86
29 160
30 51
30 88
30 128
30 139
32 48
32 162
33 157
34 74
34 82
34 99
35 45
35 72
35 119
35 126
36 86
36 95
37 73
37 101
37 169
38 76
38 137
39 50
39 76
39 104
39 140
40 64
40 124
40 159
41 56
41 110
41 163
42 66
42 113
43 70
43 99
43 107
43 130
43 149
44 90
44 146
45 111
45 169
45 171
46 70
47 56
48 55
48 105
48 142
48 170
49 93
49 119
50 126
50 128
50 173
51 62
51 87
51 104
51 105
51 155
51 164
52 59
52 124
52 130
52 137
53 56
53 91
53 101
54 91
54 111
55 68
55 135
56 105
56 112
56 148
56 153
57 95
57 100
57 127
57 134
58 106
58 115
58 118
58 157
59 67
59 69
59 96
60 114
61 75
62 138
62 158
63 89
63 103
63 109
65 71
65 97
65 140
66 71
66 104
66 115
67 132
67 155
68 177
69 115
69 166
70 96
70 127
71 118
71 132
72 103
72 178
73 150
74 85
74 155
75 172
75 175
76 156
77 83
77 106
77 117
78 144
78 157
79 92
79 105
79 145
80 154
80 159
82 94
82 126
83 114
83 131
84 100
84 108
84 114
85 94
85 127
86 98
86 176
87 113
87 122
87 144
88 89
88 102
88 123
89 107
89 162
89 179
91 132
92 116
93 129
93 145
94 116
95 113
95 139
98 143
98 168
99 153
100 135
102 107
102 116
103 133
106 154
106 176
107 144
108 168
109 121
109 174
110 152
113 165
114 157
114 167
117 150
119 122
119 166
120 136
120 160
120 168
121 136
121 156
122 158
122 165
124 151
124 161
125 162
128 171
129 141
129 145
130 151
130 175
130 176
130 178
132 179
133 169
134 138
136 171
137 146
137 169
139 149
139 160
141 144
142 179
145 161
147 153
150 179
151 153
155 170
160 173
161 162
162 178
164 172
169 175
