180
0 1
0 3
0 6
0 7
0 9
0 12
0 32
0 33
0 59
0 155
1 2
1 5
1 13
1 27
1 51
2 15
2 18
2 36
2 68
2 77
2 139
3 4
3 7
3 26
3 46
3 138
3 152
3 154
3 176
4 21
4 23
4 54
4 81
4 88
5 8
5 11
5 19
5 24
5 35
5 43
6 10
6 14
6 22
6 138
7 34
7 38
7 50
7 84
7 111
7 131
7 135
7 179
8 11
8 45
8 62
9 16
9 25
9 40
9 53
9 83
9 122
10 31
10 32
10 98
10 170
11 21
11 28
11 40
11 52
11 59
11 104
12 17
12 41
12 83
13 42
13 49
13 86
13 92
13 160
14 69
14 105
14 139
15 34
15 127
15 163
15 178
16 17
16 22
16 46
16 138
16 150
16 152
16 174
17 37
17 77
17 85
17 123
17 176
18 38
18 40
18 43
18 91
18 93
18 129
18 137
18 150
18 175
19 20
19 118
19 155
19 159
20 28
20 29
20 30
20 44
20 78
20 111
20 152
21 47
21 69
21 93
21 100
21 154
22 65
22 74
22 106
22 110
22 153
23 61
23 71
23 130
23 168
24 62
24 107
24 113
24 120
25 27
25 30
25 46
25 71
26 57
26 61
26 72
26 97
26 101
26 108
26 133
26 167
27 43
27 54
27 91
27 105
27 137
27 157
28 29
28 48
28 56
28 124
28 132
29 31
29 91
29 164
30 63
30 67
30 103
30 108
30 160
31 39
31 61
31 64
32 41
32 56
32 76
32 100
33 90
33 97
33 123
34 42
34 53
34 70
34 99
34 126
34 174
35 43
35 55
35 163
35 174
36 40
36 103
36 111
36 165
37 80
37 81
37 110
37 138
38 74
38 124
38 126
38 143
38 161
38 163
39 82
39 113
39 127
39 159
39 176
39 179
40 57
40 134
40 168
40 177
41 52
41 138
42 70
42 88
42 99
43 62
43 74
43 79
44 67
44 76
44 89
44 100
44 126
44 147
44 149
45 103
45 116
45 118
45 167
46 72
46 99
46 102
47 76
47 85
47 88
47 104
47 179
48 50
48 51
48 60
48 66
48 132
48 170
49 64
49 110
49 130
49 137
50 106
50 108
50 138
51 53
51 73
51 129
51 135
52 85
52 95
52 101
52 166
53 73
54 56
54 58
54 121
54 134
55 102
55 117
55 141
56 84
56 123
56 149
57 65
57 134
57 150
57 159
57 170
58 71
58 81
58 91
58 92
58 94
58 171
59 98
59 131
59 133
60 84
60 129
60 159
60 172
60 173
61 67
61 83
61 142
62 121
62 147
63 81
63 82
63 95
63 109
63 157
64 72
64 79
64 81
64 135
64 144
64 161
65 94
65 126
65 162
66 102
66 104
66 139
66 141
66 147
66 170
67 75
68 75
68 81
68 107
68 127
68 136
68 165
68 172
69 73
69 145
70 80
70 112
70 151
71 76
71 106
72 100
72 171
73 104
73 121
73 127
73 140
73 158
74 147
75 77
75 84
75 139
76 139
76 155
76 170
77 128
78 86
78 116
78 127
78 143
78 158
79 85
79 92
79 135
80 148
82 93
82 118
83 87
83 166
84 115
84 149
85 128
86 92
87 89
87 126
87 132
87 142
87 164
88 169
89 113
90 98
90 107
90 142
91 114
92 137
92 143
92 156
93 96
93 155
93 160
94 114
95 104
95 125
95 135
95 148
95 151
95 167
96 100
96 112
96 123
97 119
97 145
99 130
99 144
100 118
101 106
101 124
102 176
103 158
104 140
105 108
105 126
105 146
105 172
107 147
107 164
108 109
108 178
109 125
109 134
110 150
110 172
110 173
112 133
112 136
112 141
112 167
113 130
113 139
114 167
115 120
115 122
115 156
116 144
117 119
117 121
117 145
117 158
118 122
118 141
119 144
119 177
120 127
120 148
120 156
120 173
121 169
121 172
122 159
123 132
123 151
125 147
125 175
126 140
127 158
128 153
129 166
129 168
131 154
132 143
132 157
133 156
134 141
134 146
134 175
135 143
136 145
136 156
140 148
140 149
141 160
142 166
143 169
144 146
145 154
145 171
145 179
149 162
150 157
150 165
151 160
152 163
152 164
152 165
153 179
154 158
156 175
158 170
159 163
159 169
161 166
161 168
162 177
163 165
173 178
