180
0 1
0 4
0 5
0 6
0 8
0 11
0 13
0 14
0 15
0 16
0 17
0 18
0 19
0 20
0 21
0 22
0 23
0 25
0 27
0 28
0 31
0 34
0 36
0 38
0 39
0 40
0 44
0 46
0 47
0 48
0 49
0 50
0 51
0 52
0 53
0 54
0 55
0 56
0 57
0 58
0 59
0 60
0 63
0 65
0 66
0 69
0 70
0 72
0 74
0 76
0 77
0 80
0 84
0 85
0 87
0 88
0 91
0 92
0 93
0 94
0 95
0 96
0 97
0 98
0 102
0 104
0 106
0 108
0 109
0 110
0 112
0 113
0 115
0 117
0 119
0 120
0 124
0 126
0 127
0 128
0 131
0 132
0 135
0 136
0 137
0 138
0 139
0 141
0 144
0 148
0 149
0 150
0 153
0 154
0 155
0 157
0 162
0 163
0 164
0 165
0 167
0 168
0 171
0 174
0 176
0 179
1 2
1 3
1 4
1 6
1 7
1 9
1 10
1 11
1 12
1 13
1 14
1 16
1 17
1 18
1 19
1 20
1 21
1 23
1 25
1 27
1 29
1 32
1 35
1 38
1 39
1 40
1 41
1 43
1 44
1 47
1 48
1 49
1 50
1 52
1 53
1 54
1 57
1 60
1 61
1 62
1 63
1 64
1 65
1 70
1 71
1 72
1 75
1 76
1 77
1 78
1 79
1 80
1 81
1 82
1 83
1 84
1 85
1 86
1 87
1 88
1 89
1 90
1 92
1 93
1 97
1 98
1 100
1 101
1 103
1 104
1 105
1 107
1 110
1 112
1 113
1 114
1 115
1 116
1 117
1 118
1 120
1 122
1 123
1 125
1 127
1 128
1 131
1 136
1 137
1 139
1 140
1 141
1 142
1 147
1 148
1 151
1 152
1 153
1 160
1 162
1 165
1 169
1 170
1 171
1 172
1 175
1 177
1 178
1 179
2 3
2 4
2 5
2 6
2 7
2 8
2 10
2 12
2 13
2 14
2 15
2 16
2 17
2 18
2 19
2 20
2 22
2 23
2 25
2 26
2 27
2 28
2 30
2 32
2 33
2 36
2 38
2 41
2 42
2 44
2 46
2 48
2 50
2 51
2 54
2 55
2 56
2 57
2 58
2 59
2 60
2 62
2 63
2 66
2 67
2 69
2 74
2 76
2 79
2 80
2 81
2 82
2 83
2 86
2 87
2 89
2 90
2 92
2 94
2 95
2 96
2 97
2 98
2 99
2 100
2 101
2 103
2 104
2 106
2 109
2 110
2 111
2 112
2 113
2 116
2 117
2 120
2 121
2 123
2 124
2 125
2 127
2 129
2 131
2 132
2 133
2 134
2 138
2 142
2 144
2 145
2 146
2 148
2 150
2 151
2 153
2 155
2 156
2 158
2 161
2 163
2 164
2 171
2 173
2 174
2 177
3 4
3 6
3 7
3 9
3 10
3 12
3 15
3 18
3 22
3 24
3 25
3 27
3 28
3 29
3 30
3 32
3 33
3 34
3 36
3 37
3 38
3 41
3 42
3 43
3 44
3 45
3 46
3 47
3 48
3 51
3 52
3 53
3 54
3 55
3 56
3 57
3 58
3 59
3 61
3 63
3 66
3 67
3 68
3 69
3 71
3 73
3 74
3 77
3 78
3 79
3 80
3 81
3 83
3 87
3 88
3 89
3 91
3 92
3 94
3 97
3 99
3 100
3 101
3 103
3 104
3 105
3 106
3 108
3 114
3 115
3 118
3 121
3 122
3 123
3 125
3 126
3 127
3 129
3 131
3 133
3 137
3 138
3 142
3 143
3 145
3 149
3 151
3 152
3 154
3 156
3 159
3 160
3 162
3 163
3 164
3 165
3 166
3 168
3 171
3 173
3 177
3 179
4 7
4 8
4 10
4 11
4 12
4 15
4 16
4 21
4 22
4 24
4 26
4 27
4 28
4 29
4 30
4 32
4 33
4 37
4 38
4 39
4 40
4 41
4 44
4 45
4 46
4 47
4 50
4 52
4 54
4 55
4 56
4 57
4 58
4 61
4 62
4 64
4 66
4 67
4 70
4 71
4 72
4 73
4 74
4 75
4 77
4 78
4 79
4 80
4 81
4 82
4 84
4 85
4 88
4 90
4 91
4 93
4 94
4 95
4 96
4 97
4 98
4 99
4 100
4 103
4 104
4 105
4 106
4 110
4 113
4 114
4 117
4 118
4 119
4 121
4 124
4 126
4 127
4 129
4 130
4 131
4 132
4 133
4 134
4 136
4 138
4 139
4 145
4 146
4 147
4 149
4 151
4 152
4 159
4 160
4 161
4 163
4 164
4 166
4 169
4 170
4 171
4 176
4 178
5 6
5 7
5 8
5 9
5 10
5 11
5 12
5 14
5 15
5 16
5 17
5 18
5 19
5 21
5 22
5 23
5 24
5 25
5 27
5 28
5 30
5 31
5 33
5 38
5 39
5 41
5 42
5 43
5 45
5 46
5 47
5 49
5 51
5 54
5 57
5 59
5 60
5 61
5 62
5 63
5 64
5 65
5 67
5 71
5 74
5 75
5 77
5 79
5 81
5 85
5 86
5 88
5 91
5 92
5 93
5 95
5 97
5 98
5 99
5 100
5 101
5 102
5 104
5 106
5 107
5 110
5 112
5 116
5 117
5 118
5 120
5 121
5 122
5 123
5 124
5 125
5 126
5 128
5 129
5 130
5 131
5 134
5 135
5 136
5 141
5 147
5 148
5 149
5 150
5 151
5 152
5 154
5 155
5 157
5 158
5 159
5 160
5 161
5 162
5 163
5 164
5 166
5 169
5 172
5 175
6 7
6 8
6 11
6 13
6 14
6 15
6 16
6 18
6 19
6 20
6 21
6 22
6 23
6 25
6 31
6 32
6 33
6 34
6 35
6 36
6 38
6 39
6 40
6 41
6 42
6 43
6 44
6 45
6 46
6 49
6 51
6 54
6 55
6 57
6 58
6 59
6 60
6 63
6 66
6 67
6 68
6 69
6 70
6 71
6 72
6 73
6 74
6 75
6 79
6 80
6 83
6 84
6 85
6 86
6 87
6 88
6 90
6 91
6 95
6 98
6 103
6 106
6 108
6 109
6 112
6 114
6 115
6 117
6 118
6 119
6 120
6 122
6 123
6 124
6 125
6 130
6 131
6 132
6 133
6 137
6 139
6 140
6 141
6 145
6 147
6 148
6 150
6 151
6 153
6 156
6 157
6 158
6 160
6 161
6 166
6 167
6 168
6 173
6 179
7 8
7 9
7 10
7 12
7 13
7 14
7 15
7 17
7 18
7 20
7 21
7 22
7 24
7 25
7 26
7 30
7 31
7 32
7 33
7 34
7 35
7 37
7 38
7 39
7 41
7 42
7 43
7 45
7 46
7 48
7 52
7 56
7 57
7 58
7 59
7 60
7 61
7 63
7 64
7 65
7 66
7 67
7 68
7 70
7 71
7 72
7 73
7 74
7 76
7 77
7 78
7 79
7 80
7 81
7 83
7 84
7 85
7 87
7 89
7 92
7 96
7 98
7 100
7 101
7 103
7 104
7 110
7 111
7 112
7 114
7 115
7 116
7 117
7 120
7 125
7 126
7 129
7 130
7 131
7 132
7 137
7 138
7 139
7 140
7 143
7 148
7 149
7 150
7 152
7 153
7 158
7 159
7 160
7 161
7 163
7 164
7 166
7 172
7 173
7 174
7 175
7 177
7 179
8 9
8 12
8 13
8 15
8 17
8 18
8 19
8 21
8 23
8 27
8 29
8 31
8 32
8 36
8 37
8 42
8 43
8 46
8 47
8 49
8 50
8 51
8 52
8 53
8 60
8 61
8 62
8 63
8 65
8 67
8 68
8 69
8 72
8 73
8 74
8 75
8 76
8 79
8 82
8 84
8 85
8 86
8 87
8 88
8 89
8 90
8 95
8 96
8 97
8 98
8 100
8 101
8 102
8 106
8 107
8 109
8 110
8 114
8 117
8 119
8 125
8 126
8 128
8 129
8 131
8 133
8 136
8 137
8 138
8 140
8 141
8 142
8 144
8 145
8 146
8 148
8 149
8 153
8 154
8 156
8 157
8 159
8 161
8 163
8 167
8 169
8 170
8 171
8 172
8 173
8 175
8 178
8 179
9 10
9 11
9 12
9 13
9 14
9 15
9 16
9 17
9 18
9 19
9 20
9 21
9 22
9 24
9 26
9 27
9 29
9 31
9 32
9 35
9 36
9 39
9 40
9 41
9 42
9 43
9 44
9 45
9 46
9 48
9 50
9 53
9 55
9 56
9 57
9 59
9 62
9 63
9 66
9 67
9 68
9 69
9 70
9 72
9 74
9 76
9 77
9 78
9 85
9 86
9 87
9 90
9 93
9 95
9 96
9 99
9 100
9 102
9 103
9 106
9 107
9 108
9 109
9 110
9 111
9 117
9 118
9 121
9 123
9 124
9 127
9 130
9 132
9 133
9 134
9 136
9 137
9 139
9 140
9 141
9 142
9 143
9 150
9 153
9 155
9 156
9 157
9 159
9 160
9 161
9 162
9 163
9 165
9 168
9 169
9 170
9 173
9 176
10 11
10 13
10 14
10 19
10 20
10 21
10 22
10 23
10 27
10 28
10 31
10 33
10 34
10 35
10 36
10 37
10 38
10 39
10 40
10 43
10 44
10 45
10 47
10 50
10 51
10 52
10 53
10 54
10 55
10 56
10 57
10 58
10 59
10 61
10 62
10 63
10 64
10 67
10 68
10 69
10 70
10 71
10 72
10 73
10 74
10 75
10 78
10 79
10 80
10 83
10 84
10 85
10 87
10 90
10 92
10 94
10 95
10 97
10 99
10 100
10 109
10 110
10 114
10 116
10 117
10 120
10 121
10 122
10 123
10 124
10 125
10 126
10 128
10 132
10 133
10 134
10 138
10 139
10 141
10 142
10 147
10 148
10 149
10 150
10 153
10 155
10 159
10 161
10 162
10 164
10 165
10 167
10 170
10 171
10 173
10 174
10 175
10 176
11 12
11 14
11 16
11 17
11 18
11 19
11 20
11 21
11 22
11 23
11 25
11 26
11 28
11 29
11 30
11 33
11 34
11 37
11 39
11 40
11 41
11 43
11 44
11 45
11 46
11 47
11 48
11 50
11 52
11 53
11 54
11 56
11 58
11 59
11 60
11 61
11 62
11 63
11 64
11 65
11 66
11 67
11 71
11 74
11 75
11 78
11 79
11 80
11 85
11 86
11 87
11 91
11 92
11 93
11 94
11 97
11 98
11 99
11 100
11 101
11 104
11 105
11 110
11 112
11 113
11 114
11 116
11 117
11 119
11 121
11 122
11 124
11 126
11 129
11 135
11 140
11 141
11 148
11 151
11 152
11 153
11 154
11 155
11 161
11 162
11 164
11 166
11 168
11 172
11 174
11 176
11 177
11 178
12 15
12 16
12 18
12 20
12 22
12 24
12 27
12 30
12 31
12 33
12 34
12 35
12 37
12 40
12 41
12 42
12 44
12 45
12 49
12 51
12 53
12 55
12 56
12 57
12 58
12 59
12 60
12 61
12 63
12 65
12 66
12 67
12 71
12 72
12 73
12 75
12 76
12 78
12 79
12 80
12 81
12 87
12 90
12 94
12 96
12 98
12 99
12 102
12 103
12 107
12 108
12 109
12 113
12 115
12 116
12 117
12 119
12 121
12 122
12 123
12 124
12 125
12 128
12 130
12 139
12 141
12 143
12 144
12 147
12 148
12 149
12 150
12 151
12 152
12 154
12 155
12 159
12 160
12 161
12 162
12 165
12 166
12 168
12 169
12 170
12 172
12 173
12 175
12 178
12 179
13 14
13 15
13 16
13 17
13 18
13 19
13 20
13 21
13 23
13 24
13 26
13 27
13 28
13 29
13 30
13 31
13 32
13 33
13 34
13 39
13 41
13 42
13 43
13 45
13 47
13 48
13 49
13 51
13 52
13 53
13 56
13 57
13 58
13 59
13 62
13 63
13 68
13 69
13 70
13 71
13 72
13 75
13 77
13 79
13 80
13 82
13 84
13 86
13 88
13 89
13 91
13 93
13 95
13 96
13 102
13 103
13 105
13 106
13 108
13 109
13 110
13 111
13 113
13 115
13 117
13 118
13 120
13 123
13 127
13 128
13 129
13 130
13 131
13 132
13 134
13 136
13 137
13 138
13 139
13 141
13 142
13 143
13 146
13 149
13 152
13 156
13 157
13 164
13 166
13 168
13 171
13 172
13 173
13 175
13 176
14 15
14 16
14 19
14 21
14 22
14 24
14 25
14 26
14 27
14 29
14 30
14 31
14 34
14 35
14 37
14 38
14 39
14 40
14 41
14 42
14 44
14 45
14 46
14 47
14 48
14 50
14 52
14 53
14 56
14 57
14 58
14 60
14 62
14 63
14 64
14 65
14 68
14 69
14 70
14 71
14 72
14 76
14 77
14 78
14 81
14 84
14 85
14 87
14 88
14 89
14 93
14 94
14 96
14 98
14 100
14 101
14 103
14 104
14 105
14 106
14 108
14 112
14 114
14 115
14 116
14 117
14 119
14 126
14 127
14 130
14 132
14 136
14 138
14 139
14 140
14 143
14 146
14 147
14 149
14 151
14 153
14 158
14 159
14 161
14 163
14 164
14 167
14 168
14 169
14 170
14 172
14 173
14 174
14 177
14 179
15 17
15 21
15 22
15 23
15 25
15 27
15 29
15 31
15 32
15 33
15 36
15 37
15 38
15 39
15 40
15 41
15 42
15 44
15 45
15 47
15 49
15 50
15 52
15 54
15 55
15 56
15 57
15 58
15 61
15 62
15 64
15 65
15 66
15 68
15 69
15 70
15 71
15 73
15 75
15 76
15 78
15 79
15 81
15 82
15 84
15 87
15 88
15 89
15 90
15 91
15 95
15 96
15 97
15 98
15 99
15 100
15 101
15 105
15 107
15 108
15 110
15 111
15 113
15 114
15 115
15 116
15 117
15 119
15 121
15 123
15 126
15 127
15 128
15 130
15 131
15 132
15 133
15 135
15 136
15 137
15 138
15 139
15 141
15 142
15 145
15 148
15 149
15 150
15 153
15 154
15 155
15 157
15 158
15 159
15 160
15 163
15 164
15 167
15 168
15 169
15 171
15 173
15 174
15 175
15 176
15 179
16 17
16 20
16 22
16 23
16 25
16 26
16 27
16 28
16 29
16 31
16 33
16 34
16 35
16 36
16 37
16 39
16 40
16 41
16 43
16 44
16 45
16 47
16 48
16 49
16 50
16 53
16 54
16 55
16 57
16 58
16 60
16 61
16 62
16 63
16 64
16 66
16 67
16 68
16 69
16 71
16 72
16 73
16 75
16 76
16 79
16 82
16 85
16 87
16 89
16 90
16 91
16 92
16 93
16 95
16 96
16 98
16 99
16 100
16 103
16 104
16 111
16 113
16 114
16 115
16 116
16 118
16 119
16 121
16 122
16 127
16 130
16 131
16 132
16 133
16 135
16 137
16 138
16 145
16 146
16 148
16 149
16 151
16 152
16 154
16 158
16 163
16 168
16 170
16 171
16 174
16 177
16 178
16 179
17 19
17 20
17 23
17 24
17 25
17 26
17 27
17 30
17 31
17 32
17 33
17 34
17 35
17 36
17 37
17 39
17 42
17 44
17 47
17 50
17 51
17 52
17 53
17 55
17 56
17 57
17 58
17 59
17 61
17 63
17 64
17 65
17 66
17 68
17 70
17 74
17 75
17 77
17 78
17 79
17 80
17 81
17 84
17 86
17 89
17 90
17 91
17 92
17 96
17 97
17 98
17 100
17 101
17 102
17 103
17 104
17 105
17 108
17 113
17 117
17 119
17 120
17 121
17 126
17 127
17 128
17 130
17 132
17 133
17 135
17 138
17 140
17 142
17 145
17 146
17 147
17 149
17 150
17 155
17 156
17 158
17 159
17 160
17 161
17 164
17 165
17 168
17 169
17 170
17 174
17 175
17 176
17 177
18 19
18 20
18 22
18 25
18 26
18 27
18 29
18 30
18 31
18 32
18 34
18 35
18 36
18 37
18 38
18 39
18 42
18 43
18 44
18 46
18 48
18 50
18 52
18 53
18 55
18 57
18 58
18 60
18 61
18 62
18 63
18 66
18 67
18 68
18 70
18 71
18 72
18 73
18 74
18 75
18 76
18 78
18 79
18 81
18 82
18 83
18 84
18 86
18 87
18 88
18 92
18 93
18 95
18 98
18 100
18 101
18 105
18 106
18 107
18 108
18 109
18 110
18 113
18 115
18 116
18 120
18 121
18 122
18 124
18 126
18 127
18 129
18 132
18 133
18 134
18 135
18 136
18 138
18 139
18 143
18 146
18 148
18 149
18 151
18 152
18 154
18 158
18 161
18 163
18 165
18 166
18 170
18 171
18 176
18 178
18 179
19 20
19 21
19 22
19 24
19 25
19 27
19 28
19 29
19 31
19 32
19 33
19 34
19 35
19 36
19 38
19 41
19 46
19 47
19 52
19 53
19 54
19 56
19 57
19 58
19 59
19 61
19 62
19 63
19 64
19 65
19 66
19 67
19 68
19 73
19 74
19 75
19 77
19 78
19 80
19 81
19 83
19 87
19 90
19 93
19 94
19 95
19 97
19 98
19 100
19 101
19 104
19 105
19 108
19 110
19 111
19 115
19 116
19 117
19 118
19 121
19 123
19 124
19 126
19 127
19 128
19 131
19 132
19 135
19 137
19 139
19 140
19 143
19 144
19 145
19 147
19 150
19 151
19 152
19 154
19 158
19 159
19 160
19 161
19 162
19 165
19 166
19 168
19 169
19 170
19 171
19 172
19 175
19 178
20 21
20 23
20 24
20 27
20 30
20 31
20 32
20 33
20 35
20 39
20 42
20 45
20 49
20 50
20 52
20 53
20 54
20 55
20 56
20 58
20 60
20 61
20 62
20 63
20 65
20 67
20 70
20 71
20 74
20 76
20 77
20 78
20 79
20 80
20 83
20 84
20 88
20 90
20 91
20 92
20 93
20 94
20 96
20 97
20 100
20 103
20 106
20 109
20 111
20 116
20 119
20 120
20 123
20 124
20 126
20 127
20 128
20 131
20 134
20 137
20 138
20 141
20 144
20 148
20 149
20 155
20 157
20 159
20 160
20 161
20 165
20 167
20 169
20 170
20 175
20 176
20 177
21 22
21 26
21 28
21 29
21 32
21 34
21 35
21 36
21 37
21 40
21 41
21 42
21 43
21 47
21 50
21 52
21 56
21 57
21 58
21 59
21 61
21 64
21 66
21 67
21 68
21 69
21 70
21 73
21 75
21 76
21 78
21 79
21 80
21 82
21 84
21 86
21 87
21 88
21 91
21 92
21 93
21 94
21 95
21 96
21 102
21 103
21 104
21 106
21 109
21 110
21 111
21 112
21 114
21 115
21 116
21 122
21 124
21 125
21 126
21 127
21 129
21 132
21 133
21 134
21 135
21 136
21 137
21 138
21 139
21 146
21 148
21 151
21 153
21 155
21 159
21 160
21 161
21 162
21 168
21 169
21 172
21 174
22 25
22 26
22 27
22 28
22 29
22 31
22 32
22 33
22 37
22 39
22 41
22 43
22 48
22 49
22 51
22 55
22 56
22 58
22 59
22 60
22 61
22 63
22 64
22 66
22 69
22 70
22 72
22 73
22 74
22 76
22 79
22 80
22 81
22 82
22 83
22 88
22 90
22 91
22 92
22 97
22 100
22 102
22 103
22 104
22 106
22 107
22 110
22 111
22 113
22 115
22 120
22 123
22 125
22 126
22 128
22 129
22 133
22 134
22 139
22 140
22 142
22 143
22 148
22 149
22 150
22 152
22 153
22 154
22 155
22 159
22 160
22 161
22 162
22 166
22 167
22 168
22 170
22 174
22 175
22 177
23 24
23 25
23 26
23 27
23 30
23 32
23 35
23 36
23 37
23 38
23 39
23 40
23 41
23 43
23 44
23 46
23 47
23 51
23 54
23 55
23 56
23 58
23 59
23 62
23 64
23 66
23 68
23 71
23 73
23 80
23 85
23 86
23 89
23 92
23 93
23 95
23 96
23 98
23 99
23 100
23 101
23 103
23 105
23 107
23 108
23 109
23 111
23 112
23 113
23 114
23 118
23 119
23 120
23 122
23 124
23 126
23 130
23 133
23 134
23 135
23 136
23 137
23 138
23 141
23 142
23 145
23 147
23 152
23 154
23 155
23 158
23 161
23 162
23 163
23 165
23 166
23 170
23 173
23 175
23 176
23 177
23 178
23 179
24 25
24 28
24 29
24 33
24 34
24 35
24 40
24 42
24 44
24 46
24 47
24 48
24 49
24 50
24 51
24 54
24 55
24 56
24 58
24 59
24 60
24 61
24 62
24 65
24 66
24 68
24 70
24 72
24 73
24 75
24 76
24 81
24 82
24 83
24 85
24 86
24 89
24 90
24 91
24 92
24 95
24 96
24 98
24 99
24 100
24 102
24 104
24 105
24 106
24 109
24 110
24 111
24 112
24 114
24 115
24 117
24 121
24 122
24 124
24 126
24 128
24 129
24 130
24 131
24 137
24 142
24 143
24 145
24 146
24 147
24 151
24 152
24 153
24 154
24 157
24 160
24 161
24 163
24 165
24 167
24 169
24 170
24 171
24 175
24 176
24 177
24 178
25 26
25 27
25 28
25 29
25 32
25 33
25 35
25 42
25 43
25 44
25 45
25 46
25 47
25 49
25 50
25 52
25 54
25 56
25 57
25 58
25 59
25 60
25 62
25 68
25 69
25 70
25 71
25 74
25 76
25 77
25 78
25 79
25 80
25 82
25 84
25 85
25 86
25 88
25 89
25 90
25 91
25 92
25 95
25 96
25 97
25 98
25 100
25 102
25 103
25 105
25 106
25 108
25 109
25 111
25 114
25 115
25 116
25 117
25 118
25 121
25 125
25 128
25 129
25 132
25 133
25 135
25 137
25 138
25 139
25 140
25 143
25 144
25 148
25 151
25 152
25 153
25 154
25 157
25 158
25 163
25 164
25 167
25 170
25 174
25 178
25 179
26 27
26 29
26 31
26 32
26 33
26 37
26 38
26 39
26 40
26 41
26 42
26 44
26 46
26 48
26 51
26 54
26 55
26 56
26 58
26 61
26 63
26 64
26 67
26 68
26 70
26 71
26 72
26 73
26 74
26 77
26 78
26 81
26 83
26 84
26 85
26 87
26 88
26 90
26 91
26 92
26 93
26 95
26 96
26 105
26 106
26 107
26 108
26 109
26 112
26 113
26 118
26 123
26 124
26 125
26 127
26 129
26 131
26 132
26 133
26 134
26 137
26 138
26 139
26 141
26 143
26 144
26 146
26 147
26 150
26 155
26 159
26 162
26 164
26 167
26 168
26 170
26 172
26 176
26 177
27 29
27 32
27 33
27 34
27 35
27 36
27 39
27 42
27 46
27 48
27 49
27 50
27 51
27 53
27 55
27 56
27 57
27 58
27 59
27 61
27 63
27 64
27 66
27 67
27 68
27 69
27 71
27 72
27 75
27 77
27 79
27 80
27 81
27 87
27 90
27 93
27 94
27 96
27 97
27 98
27 100
27 102
27 105
27 106
27 112
27 114
27 116
27 118
27 119
27 120
27 121
27 122
27 124
27 125
27 126
27 127
27 130
27 133
27 135
27 137
27 138
27 139
27 141
27 142
27 145
27 148
27 155
27 157
27 158
27 159
27 160
27 161
27 162
27 163
27 164
27 169
27 170
27 171
27 172
27 173
27 174
27 175
27 176
27 177
27 179
28 29
28 30
28 32
28 35
28 37
28 39
28 42
28 43
28 44
28 45
28 46
28 49
28 50
28 51
28 52
28 53
28 58
28 59
28 61
28 62
28 63
28 64
28 66
28 68
28 70
28 71
28 72
28 73
28 74
28 75
28 77
28 80
28 81
28 82
28 84
28 85
28 88
28 89
28 90
28 91
28 94
28 96
28 99
28 100
28 102
28 103
28 104
28 105
28 106
28 107
28 108
28 109
28 111
28 113
28 114
28 115
28 117
28 118
28 119
28 120
28 121
28 123
28 125
28 127
28 131
28 132
28 133
28 135
28 138
28 140
28 144
28 145
28 147
28 149
28 151
28 152
28 154
28 156
28 157
28 158
28 159
28 161
28 162
28 164
28 165
28 167
28 168
28 169
28 171
28 174
28 175
28 178
28 179
29 30
29 31
29 33
29 35
29 36
29 37
29 38
29 39
29 41
29 43
29 45
29 47
29 49
29 51
29 53
29 56
29 58
29 60
29 63
29 64
29 65
29 67
29 68
29 70
29 71
29 73
29 74
29 75
29 77
29 81
29 82
29 83
29 87
29 88
29 90
29 92
29 95
29 96
29 101
29 102
29 105
29 106
29 107
29 109
29 110
29 113
29 114
29 115
29 116
29 117
29 118
29 119
29 120
29 125
29 128
29 129
29 130
29 133
29 134
29 135
29 136
29 139
29 141
29 144
29 145
29 146
29 147
29 150
29 154
29 155
29 156
29 158
29 159
29 162
29 163
29 165
29 168
29 169
29 170
29 173
29 174
29 176
29 177
30 31
30 32
30 35
30 36
30 37
30 38
30 39
30 40
30 42
30 43
30 44
30 45
30 46
30 48
30 49
30 51
30 52
30 54
30 55
30 56
30 58
30 59
30 63
30 64
30 68
30 70
30 71
30 72
30 73
30 76
30 78
30 79
30 82
30 83
30 85
30 88
30 89
30 90
30 92
30 93
30 94
30 97
30 98
30 100
30 101
30 102
30 104
30 109
30 111
30 112
30 114
30 115
30 116
30 117
30 118
30 119
30 121
30 122
30 125
30 126
30 129
30 130
30 131
30 135
30 136
30 139
30 140
30 143
30 145
30 146
30 147
30 148
30 149
30 150
30 152
30 154
30 159
30 162
30 164
30 173
30 174
30 176
30 177
30 179
31 32
31 33
31 34
31 35
31 36
31 37
31 38
31 41
31 42
31 43
31 44
31 46
31 48
31 49
31 51
31 52
31 53
31 54
31 56
31 58
31 59
31 61
31 64
31 65
31 66
31 67
31 68
31 70
31 71
31 74
31 75
31 77
31 78
31 81
31 82
31 85
31 86
31 89
31 90
31 91
31 92
31 93
31 94
31 95
31 99
31 100
31 101
31 102
31 105
31 106
31 108
31 109
31 110
31 111
31 114
31 115
31 116
31 119
31 120
31 121
31 123
31 124
31 125
31 128
31 130
31 131
31 132
31 133
31 134
31 136
31 137
31 142
31 143
31 145
31 146
31 147
31 149
31 150
31 151
31 152
31 154
31 155
31 156
31 157
31 158
31 163
31 166
31 169
31 171
31 174
31 176
31 177
31 179
32 34
32 35
32 38
32 41
32 43
32 44
32 46
32 47
32 48
32 50
32 51
32 52
32 53
32 54
32 55
32 58
32 59
32 60
32 61
32 62
32 63
32 67
32 73
32 74
32 75
32 76
32 77
32 78
32 80
32 81
32 82
32 83
32 84
32 85
32 88
32 90
32 91
32 96
32 101
32 102
32 108
32 110
32 112
32 117
32 118
32 120
32 121
32 126
32 127
32 129
32 130
32 132
32 139
32 141
32 142
32 144
32 145
32 146
32 147
32 148
32 149
32 150
32 151
32 152
32 156
32 157
32 158
32 162
32 163
32 165
32 166
32 167
32 169
32 170
32 173
32 174
32 175
33 34
33 35
33 37
33 39
33 41
33 43
33 44
33 46
33 49
33 50
33 54
33 56
33 57
33 58
33 61
33 65
33 67
33 68
33 69
33 70
33 71
33 72
33 73
33 74
33 75
33 76
33 77
33 78
33 80
33 81
33 82
33 85
33 86
33 88
33 91
33 93
33 94
33 95
33 97
33 98
33 99
33 101
33 102
33 104
33 105
33 106
33 108
33 110
33 111
33 112
33 113
33 117
33 118
33 119
33 120
33 121
33 122
33 123
33 124
33 125
33 126
33 127
33 129
33 131
33 132
33 134
33 135
33 139
33 142
33 143
33 147
33 150
33 151
33 153
33 155
33 156
33 159
33 160
33 161
33 162
33 164
33 166
33 169
33 171
33 174
33 175
33 176
33 177
33 178
34 35
34 38
34 40
34 42
34 43
34 44
34 45
34 47
34 48
34 51
34 55
34 56
34 58
34 59
34 63
34 64
34 65
34 66
34 67
34 68
34 69
34 71
34 78
34 79
34 82
34 83
34 85
34 87
34 89
34 90
34 92
34 93
34 95
34 96
34 97
34 99
34 100
34 101
34 104
34 106
34 109
34 110
34 111
34 114
34 115
34 117
34 118
34 119
34 121
34 122
34 123
34 124
34 127
34 134
34 135
34 137
34 143
34 144
34 145
34 146
34 147
34 151
34 152
34 153
34 156
34 158
34 161
34 166
34 167
34 168
34 169
34 170
34 173
34 178
35 36
35 38
35 39
35 40
35 42
35 43
35 45
35 47
35 48
35 49
35 51
35 53
35 54
35 56
35 57
35 59
35 61
35 62
35 63
35 65
35 66
35 68
35 69
35 70
35 72
35 74
35 75
35 78
35 79
35 80
35 89
35 90
35 96
35 97
35 100
35 101
35 103
35 104
35 105
35 108
35 111
35 112
35 114
35 119
35 120
35 121
35 123
35 125
35 126
35 127
35 130
35 132
35 134
35 136
35 137
35 138
35 140
35 141
35 142
35 144
35 146
35 147
35 149
35 150
35 151
35 153
35 155
35 156
35 161
35 162
35 163
35 165
35 168
35 170
35 175
35 176
35 179
36 37
36 38
36 39
36 40
36 41
36 42
36 43
36 45
36 46
36 49
36 50
36 54
36 55
36 56
36 57
36 58
36 60
36 64
36 65
36 67
36 69
36 71
36 72
36 73
36 74
36 77
36 78
36 79
36 80
36 82
36 84
36 85
36 87
36 88
36 89
36 90
36 93
36 96
36 97
36 98
36 99
36 105
36 111
36 114
36 120
36 121
36 122
36 124
36 125
36 126
36 127
36 129
36 131
36 132
36 133
36 134
36 135
36 139
36 141
36 144
36 145
36 146
36 147
36 148
36 153
36 154
36 155
36 159
36 160
36 162
36 165
36 166
36 167
36 168
36 169
36 170
36 171
36 172
36 173
36 176
36 179
37 38
37 39
37 40
37 41
37 42
37 45
37 46
37 47
37 48
37 49
37 51
37 52
37 54
37 56
37 57
37 58
37 59
37 60
37 61
37 62
37 63
37 65
37 68
37 70
37 71
37 72
37 74
37 77
37 78
37 79
37 81
37 84
37 86
37 87
37 90
37 92
37 97
37 99
37 100
37 101
37 103
37 104
37 105
37 106
37 107
37 111
37 112
37 117
37 120
37 124
37 126
37 127
37 128
37 129
37 130
37 134
37 136
37 139
37 140
37 141
37 142
37 143
37 145
37 146
37 150
37 154
37 155
37 157
37 159
37 163
37 164
37 165
37 167
37 170
37 171
37 173
37 177
37 178
37 179
38 39
38 40
38 42
38 43
38 48
38 51
38 52
38 53
38 55
38 57
38 58
38 59
38 60
38 62
38 67
38 68
38 69
38 70
38 72
38 75
38 78
38 79
38 81
38 82
38 83
38 86
38 90
38 91
38 92
38 93
38 97
38 98
38 99
38 102
38 104
38 109
38 111
38 113
38 114
38 115
38 116
38 117
38 119
38 120
38 121
38 122
38 123
38 125
38 126
38 128
38 129
38 131
38 133
38 134
38 136
38 137
38 138
38 139
38 140
38 141
38 142
38 146
38 147
38 150
38 153
38 154
38 157
38 159
38 160
38 162
38 163
38 166
38 168
38 171
38 172
38 174
38 175
38 177
38 178
39 41
39 43
39 45
39 46
39 47
39 48
39 49
39 51
39 53
39 54
39 55
39 57
39 59
39 61
39 62
39 63
39 65
39 66
39 67
39 70
39 71
39 72
39 73
39 74
39 76
39 80
39 81
39 83
39 84
39 85
39 87
39 88
39 89
39 91
39 93
39 95
39 100
39 102
39 103
39 105
39 106
39 112
39 114
39 116
39 117
39 118
39 119
39 120
39 122
39 126
39 131
39 133
39 134
39 136
39 137
39 139
39 140
39 143
39 144
39 145
39 151
39 153
39 154
39 155
39 157
39 158
39 162
39 164
39 167
39 168
39 172
39 173
39 178
40 41
40 43
40 44
40 45
40 46
40 47
40 48
40 49
40 50
40 52
40 53
40 55
40 56
40 60
40 61
40 62
40 66
40 69
40 70
40 71
40 73
40 74
40 75
40 78
40 81
40 82
40 83
40 84
40 85
40 86
40 87
40 89
40 91
40 93
40 94
40 95
40 99
40 100
40 101
40 102
40 104
40 106
40 107
40 108
40 109
40 111
40 112
40 116
40 119
40 121
40 123
40 124
40 128
40 132
40 133
40 136
40 138
40 140
40 141
40 143
40 147
40 150
40 151
40 153
40 156
40 162
40 163
40 164
40 165
40 169
40 170
40 171
40 173
40 174
40 179
41 43
41 45
41 47
41 48
41 50
41 52
41 55
41 58
41 61
41 62
41 63
41 64
41 66
41 68
41 71
41 72
41 73
41 77
41 78
41 79
41 80
41 81
41 83
41 84
41 86
41 88
41 90
41 91
41 92
41 93
41 95
41 97
41 98
41 99
41 100
41 102
41 103
41 104
41 105
41 106
41 107
41 110
41 111
41 112
41 114
41 116
41 118
41 119
41 121
41 123
41 124
41 125
41 126
41 132
41 133
41 139
41 142
41 144
41 148
41 151
41 153
41 162
41 163
41 164
41 166
41 172
41 174
41 175
41 177
41 178
41 179
42 45
42 47
42 48
42 49
42 50
42 56
42 57
42 58
42 60
42 61
42 62
42 64
42 66
42 68
42 69
42 71
42 73
42 75
42 76
42 77
42 79
42 80
42 81
42 83
42 84
42 86
42 87
42 89
42 90
42 94
42 95
42 96
42 97
42 98
42 101
42 103
42 104
42 107
42 109
42 110
42 115
42 116
42 118
42 119
42 122
42 125
42 126
42 127
42 128
42 131
42 132
42 135
42 140
42 142
42 143
42 145
42 146
42 147
42 149
42 153
42 154
42 155
42 157
42 158
42 161
42 162
42 163
42 167
42 169
42 170
42 172
42 175
42 177
42 178
43 44
43 45
43 46
43 47
43 48
43 49
43 50
43 53
43 54
43 58
43 60
43 62
43 63
43 65
43 67
43 68
43 76
43 77
43 78
43 81
43 84
43 92
43 96
43 97
43 100
43 101
43 103
43 104
43 105
43 107
43 109
43 110
43 111
43 112
43 113
43 115
43 117
43 118
43 119
43 123
43 125
43 126
43 127
43 128
43 130
43 131
43 133
43 135
43 138
43 139
43 140
43 142
43 146
43 149
43 150
43 152
43 154
43 155
43 156
43 157
43 158
43 159
43 160
43 162
43 166
43 171
43 172
43 173
43 174
43 175
43 177
43 179
44 45
44 46
44 47
44 51
44 53
44 58
44 62
44 63
44 64
44 66
44 68
44 70
44 71
44 72
44 73
44 76
44 77
44 78
44 80
44 81
44 84
44 86
44 88
44 89
44 90
44 92
44 93
44 94
44 95
44 97
44 98
44 99
44 100
44 106
44 107
44 108
44 109
44 112
44 113
44 118
44 119
44 120
44 121
44 122
44 123
44 124
44 127
44 128
44 129
44 130
44 131
44 133
44 137
44 138
44 140
44 141
44 143
44 144
44 145
44 146
44 148
44 149
44 152
44 154
44 156
44 157
44 160
44 161
44 162
44 165
44 167
44 170
44 171
44 174
44 176
44 179
45 46
45 47
45 48
45 49
45 51
45 53
45 54
45 55
45 57
45 64
45 65
45 66
45 67
45 70
45 71
45 72
45 73
45 76
45 84
45 86
45 87
45 89
45 90
45 91
45 92
45 96
45 97
45 98
45 99
45 100
45 102
45 106
45 109
45 111
45 113
45 114
45 117
45 120
45 121
45 122
45 123
45 124
45 126
45 128
45 129
45 130
45 131
45 132
45 134
45 135
45 137
45 140
45 141
45 145
45 146
45 149
45 151
45 153
45 154
45 155
45 157
45 160
45 165
45 169
45 170
45 178
46 48
46 49
46 50
46 51
46 52
46 53
46 54
46 57
46 59
46 60
46 62
46 67
46 68
46 70
46 74
46 75
46 76
46 77
46 78
46 80
46 81
46 82
46 83
46 86
46 88
46 95
46 96
46 97
46 98
46 99
46 101
46 107
46 109
46 111
46 112
46 113
46 114
46 115
46 117
46 120
46 121
46 128
46 130
46 132
46 134
46 135
46 136
46 137
46 139
46 141
46 144
46 146
46 148
46 152
46 153
46 154
46 158
46 163
46 164
46 165
46 171
46 174
46 178
47 48
47 50
47 51
47 55
47 56
47 58
47 59
47 60
47 61
47 64
47 67
47 68
47 70
47 72
47 75
47 79
47 83
47 84
47 91
47 92
47 93
47 96
47 98
47 99
47 100
47 102
47 104
47 106
47 107
47 109
47 110
47 118
47 119
47 123
47 124
47 126
47 128
47 129
47 134
47 135
47 137
47 141
47 142
47 145
47 150
47 151
47 153
47 154
47 155
47 156
47 159
47 160
47 161
47 162
47 163
47 165
47 166
47 167
47 169
47 170
47 171
47 172
47 174
47 175
47 177
48 49
48 50
48 51
48 53
48 54
48 55
48 56
48 59
48 60
48 61
48 62
48 63
48 65
48 68
48 69
48 70
48 72
48 73
48 74
48 77
48 79
48 80
48 82
48 84
48 85
48 86
48 89
48 91
48 93
48 94
48 96
48 97
48 98
48 100
48 101
48 102
48 103
48 105
48 106
48 107
48 108
48 109
48 110
48 111
48 112
48 115
48 117
48 118
48 119
48 120
48 122
48 124
48 128
48 129
48 132
48 134
48 135
48 136
48 140
48 141
48 143
48 146
48 148
48 150
48 151
48 152
48 154
48 155
48 156
48 157
48 160
48 161
48 162
48 167
48 169
48 170
48 172
48 174
48 176
48 177
48 178
49 56
49 57
49 58
49 59
49 61
49 64
49 65
49 67
49 69
49 73
49 74
49 76
49 78
49 81
49 84
49 85
49 87
49 88
49 89
49 90
49 92
49 94
49 97
49 98
49 99
49 100
49 101
49 103
49 105
49 108
49 111
49 112
49 114
49 115
49 121
49 123
49 124
49 125
49 126
49 127
49 128
49 129
49 132
49 134
49 140
49 141
49 142
49 143
49 144
49 146
49 148
49 153
49 154
49 155
49 156
49 157
49 160
49 161
49 162
49 163
49 164
49 166
49 168
49 172
49 173
49 175
49 177
49 179
50 51
50 52
50 53
50 54
50 55
50 56
50 57
50 58
50 60
50 62
50 64
50 69
50 70
50 71
50 72
50 74
50 76
50 77
50 81
50 82
50 83
50 87
50 88
50 90
50 93
50 94
50 95
50 96
50 97
50 98
50 99
50 101
50 102
50 104
50 107
50 109
50 110
50 112
50 113
50 114
50 115
50 116
50 118
50 122
50 123
50 126
50 129
50 131
50 133
50 135
50 136
50 137
50 138
50 139
50 140
50 142
50 143
50 145
50 148
50 150
50 152
50 154
50 155
50 160
50 166
50 168
50 169
50 171
50 173
50 177
50 178
50 179
51 52
51 53
51 58
51 59
51 62
51 63
51 65
51 67
51 68
51 69
51 70
51 74
51 75
51 76
51 79
51 80
51 81
51 82
51 85
51 88
51 89
51 92
51 93
51 95
51 98
51 99
51 103
51 105
51 106
51 107
51 109
51 111
51 112
51 114
51 116
51 117
51 119
51 120
51 122
51 125
51 127
51 128
51 129
51 132
51 136
51 138
51 139
51 140
51 141
51 143
51 145
51 146
51 148
51 149
51 151
51 152
51 155
51 157
51 158
51 160
51 161
51 164
51 166
51 167
51 175
51 176
51 179
52 53
52 57
52 58
52 59
52 60
52 61
52 62
52 63
52 66
52 67
52 68
52 69
52 70
52 71
52 72
52 73
52 74
52 76
52 77
52 78
52 80
52 81
52 84
52 85
52 86
52 89
52 91
52 93
52 96
52 97
52 100
52 101
52 103
52 104
52 105
52 107
52 110
52 112
52 113
52 116
52 117
52 118
52 121
52 122
52 123
52 124
52 125
52 127
52 128
52 129
52 132
52 133
52 139
52 140
52 143
52 145
52 146
52 147
52 150
52 152
52 154
52 157
52 158
52 159
52 163
52 165
52 166
52 168
52 169
52 173
52 175
52 177
53 56
53 60
53 61
53 65
53 68
53 70
53 71
53 72
53 74
53 78
53 81
53 84
53 85
53 86
53 87
53 88
53 90
53 92
53 93
53 95
53 97
53 98
53 100
53 101
53 104
53 105
53 109
53 110
53 111
53 113
53 115
53 116
53 117
53 120
53 123
53 128
53 131
53 132
53 133
53 135
53 138
53 139
53 140
53 141
53 142
53 143
53 145
53 147
53 152
53 156
53 157
53 158
53 160
53 161
53 162
53 164
53 167
53 169
53 170
53 171
53 172
53 177
53 178
54 55
54 57
54 58
54 59
54 60
54 61
54 66
54 67
54 71
54 73
54 74
54 77
54 80
54 81
54 84
54 85
54 86
54 87
54 91
54 92
54 94
54 95
54 98
54 99
54 100
54 102
54 103
54 104
54 106
54 107
54 108
54 110
54 113
54 114
54 115
54 116
54 117
54 119
54 120
54 122
54 124
54 128
54 130
54 131
54 132
54 133
54 134
54 136
54 137
54 138
54 139
54 141
54 142
54 144
54 145
54 146
54 147
54 148
54 150
54 151
54 153
54 159
54 163
54 168
54 169
54 170
54 171
54 172
54 177
54 178
55 57
55 61
55 62
55 63
55 64
55 65
55 67
55 68
55 71
55 74
55 77
55 79
55 83
55 84
55 86
55 87
55 89
55 92
55 93
55 94
55 95
55 97
55 98
55 99
55 102
55 103
55 105
55 107
55 109
55 110
55 114
55 115
55 116
55 118
55 119
55 122
55 124
55 126
55 128
55 129
55 131
55 134
55 135
55 136
55 139
55 141
55 142
55 144
55 146
55 148
55 149
55 150
55 151
55 153
55 157
55 158
55 161
55 162
55 163
55 164
55 165
55 167
55 168
55 170
55 175
55 176
55 179
56 57
56 59
56 61
56 64
56 66
56 69
56 70
56 71
56 75
56 76
56 79
56 80
56 83
56 84
56 89
56 91
56 92
56 93
56 98
56 99
56 100
56 101
56 104
56 105
56 107
56 112
56 114
56 119
56 120
56 122
56 123
56 124
56 127
56 128
56 129
56 131
56 132
56 133
56 137
56 138
56 139
56 140
56 143
56 148
56 149
56 150
56 153
56 157
56 158
56 161
56 165
56 166
56 169
56 170
56 171
56 172
56 175
56 177
56 179
57 58
57 59
57 60
57 64
57 65
57 66
57 68
57 69
57 74
57 77
57 78
57 81
57 83
57 84
57 86
57 87
57 88
57 89
57 90
57 91
57 92
57 93
57 96
57 97
57 99
57 103
57 106
57 107
57 108
57 110
57 115
57 116
57 120
57 121
57 123
57 124
57 125
57 128
57 129
57 132
57 133
57 134
57 135
57 136
57 142
57 143
57 146
57 147
57 150
57 152
57 155
57 160
57 164
57 167
57 168
57 171
57 177
58 59
58 61
58 65
58 66
58 68
58 74
58 78
58 80
58 82
58 84
58 85
58 87
58 88
58 96
58 98
58 99
58 100
58 102
58 103
58 107
58 109
58 110
58 113
58 119
58 122
58 123
58 124
58 125
58 126
58 129
58 130
58 131
58 135
58 137
58 138
58 140
58 142
58 143
58 144
58 145
58 148
58 150
58 152
58 154
58 158
58 160
58 163
58 166
58 167
58 168
58 169
58 171
58 172
58 173
58 176
59 60
59 62
59 63
59 68
59 69
59 70
59 71
59 72
59 73
59 74
59 75
59 76
59 77
59 83
59 84
59 85
59 86
59 87
59 88
59 89
59 91
59 93
59 94
59 97
59 99
59 100
59 101
59 104
59 106
59 110
59 111
59 112
59 116
59 118
59 119
59 120
59 121
59 122
59 125
59 128
59 130
59 132
59 135
59 139
59 144
59 145
59 148
59 149
59 151
59 154
59 156
59 161
59 166
59 167
59 171
59 172
59 174
59 175
59 176
59 179
60 61
60 62
60 63
60 65
60 66
60 68
60 69
60 70
60 72
60 74
60 75
60 76
60 77
60 78
60 80
60 81
60 82
60 85
60 87
60 88
60 89
60 91
60 92
60 94
60 98
60 99
60 100
60 102
60 106
60 107
60 108
60 109
60 110
60 111
60 115
60 116
60 119
60 122
60 129
60 131
60 133
60 134
60 135
60 140
60 143
60 145
60 148
60 149
60 152
60 153
60 154
60 159
60 160
60 161
60 162
60 164
60 167
60 168
60 178
60 179
61 62
61 63
61 67
61 69
61 72
61 73
61 75
61 76
61 77
61 78
61 79
61 80
61 82
61 84
61 89
61 91
61 93
61 94
61 95
61 97
61 98
61 100
61 103
61 104
61 105
61 108
61 109
61 111
61 114
61 115
61 116
61 120
61 121
61 122
61 123
61 124
61 125
61 131
61 133
61 134
61 137
61 142
61 145
61 146
61 149
61 151
61 157
61 158
61 160
61 163
61 164
61 165
61 166
61 171
61 172
61 174
61 178
62 66
62 69
62 71
62 73
62 76
62 78
62 79
62 80
62 81
62 82
62 84
62 85
62 86
62 88
62 90
62 94
62 95
62 97
62 101
62 102
62 103
62 106
62 108
62 109
62 114
62 116
62 118
62 119
62 120
62 121
62 123
62 124
62 126
62 127
62 128
62 129
62 136
62 143
62 144
62 147
62 151
62 154
62 155
62 156
62 158
62 160
62 162
62 164
62 165
62 166
62 167
62 170
62 171
62 172
62 173
62 174
62 176
62 177
62 179
63 65
63 67
63 69
63 70
63 73
63 76
63 77
63 78
63 79
63 85
63 88
63 91
63 92
63 94
63 97
63 99
63 100
63 101
63 103
63 105
63 108
63 109
63 111
63 113
63 115
63 116
63 119
63 120
63 121
63 122
63 123
63 124
63 125
63 128
63 129
63 130
63 135
63 136
63 147
63 149
63 150
63 152
63 155
63 158
63 159
63 161
63 163
63 164
63 167
63 169
63 170
63 171
63 173
63 174
63 175
63 177
63 178
63 179
64 65
64 66
64 67
64 68
64 69
64 70
64 75
64 76
64 78
64 79
64 80
64 81
64 82
64 83
64 84
64 85
64 86
64 89
64 90
64 92
64 94
64 95
64 96
64 97
64 98
64 99
64 101
64 102
64 103
64 105
64 106
64 107
64 109
64 110
64 112
64 113
64 115
64 118
64 120
64 122
64 123
64 124
64 125
64 127
64 131
64 137
64 138
64 139
64 142
64 147
64 148
64 150
64 155
64 157
64 159
64 164
64 165
64 166
64 167
64 171
64 172
64 174
64 175
64 176
64 177
65 66
65 67
65 68
65 69
65 70
65 74
65 76
65 77
65 79
65 80
65 81
65 82
65 83
65 84
65 85
65 86
65 87
65 89
65 90
65 91
65 94
65 95
65 96
65 97
65 99
65 102
65 104
65 108
65 110
65 111
65 112
65 113
65 114
65 116
65 118
65 120
65 129
65 130
65 135
65 136
65 138
65 140
65 141
65 143
65 147
65 149
65 151
65 152
65 155
65 156
65 157
65 159
65 161
65 162
65 163
65 168
65 169
65 170
65 171
65 172
65 173
65 177
65 178
65 179
66 67
66 69
66 72
66 73
66 77
66 80
66 81
66 82
66 84
66 85
66 88
66 89
66 91
66 92
66 94
66 95
66 96
66 97
66 98
66 99
66 100
66 102
66 103
66 104
66 105
66 107
66 108
66 116
66 117
66 119
66 120
66 122
66 124
66 126
66 127
66 128
66 130
66 131
66 132
66 133
66 134
66 137
66 138
66 140
66 142
66 145
66 146
66 148
66 150
66 151
66 155
66 161
66 162
66 164
66 165
66 166
66 173
66 175
66 176
67 68
67 69
67 70
67 71
67 74
67 76
67 77
67 78
67 80
67 85
67 87
67 89
67 91
67 94
67 95
67 96
67 98
67 101
67 105
67 106
67 107
67 108
67 110
67 113
67 115
67 116
67 117
67 118
67 119
67 123
67 125
67 126
67 127
67 130
67 132
67 133
67 134
67 135
67 138
67 139
67 140
67 141
67 142
67 144
67 145
67 147
67 148
67 150
67 151
67 156
67 160
67 161
67 162
67 166
67 167
67 168
67 171
67 172
67 177
67 178
68 73
68 75
68 76
68 78
68 80
68 88
68 89
68 92
68 98
68 102
68 103
68 104
68 107
68 109
68 110
68 118
68 121
68 122
68 123
68 124
68 126
68 127
68 128
68 133
68 136
68 140
68 142
68 145
68 146
68 148
68 149
68 151
68 152
68 154
68 156
68 157
68 161
68 164
68 168
68 169
68 173
68 174
68 177
68 179
69 71
69 72
69 75
69 76
69 81
69 84
69 85
69 86
69 87
69 94
69 95
69 96
69 97
69 98
69 100
69 102
69 103
69 104
69 105
69 106
69 107
69 113
69 114
69 115
69 117
69 118
69 122
69 123
69 124
69 125
69 126
69 130
69 131
69 132
69 135
69 137
69 138
69 139
69 141
69 145
69 147
69 151
69 152
69 156
69 157
69 158
69 159
69 160
69 161
69 162
69 165
69 167
69 168
69 170
69 171
69 175
69 178
69 179
70 71
70 74
70 75
70 77
70 78
70 80
70 82
70 83
70 84
70 85
70 86
70 87
70 89
70 90
70 93
70 94
70 95
70 101
70 103
70 106
70 107
70 108
70 111
70 113
70 114
70 115
70 124
70 125
70 127
70 131
70 134
70 136
70 138
70 140
70 143
70 144
70 146
70 148
70 149
70 152
70 154
70 158
70 160
70 163
70 167
70 168
70 169
70 170
70 172
71 72
71 73
71 81
71 83
71 86
71 88
71 91
71 92
71 94
71 95
71 96
71 97
71 98
71 101
71 102
71 105
71 108
71 109
71 111
71 115
71 122
71 124
71 125
71 126
71 130
71 131
71 132
71 133
71 134
71 136
71 138
71 139
71 141
71 145
71 148
71 153
71 154
71 155
71 156
71 157
71 162
71 164
71 166
71 168
71 170
71 171
71 175
71 177
71 179
72 74
72 75
72 76
72 77
72 78
72 79
72 80
72 82
72 83
72 87
72 88
72 89
72 91
72 94
72 95
72 96
72 98
72 100
72 101
72 102
72 103
72 105
72 106
72 107
72 110
72 112
72 114
72 115
72 117
72 121
72 122
72 125
72 128
72 129
72 130
72 131
72 133
72 136
72 137
72 138
72 141
72 145
72 148
72 151
72 154
72 156
72 157
72 158
72 159
72 161
72 162
72 165
72 167
72 168
72 171
72 172
72 176
72 179
73 74
73 76
73 77
73 82
73 85
73 86
73 87
73 88
73 89
73 90
73 92
73 93
73 96
73 97
73 98
73 101
73 102
73 103
73 104
73 105
73 107
73 108
73 110
73 114
73 115
73 116
73 118
73 120
73 121
73 122
73 123
73 125
73 126
73 127
73 128
73 129
73 133
73 135
73 136
73 137
73 138
73 140
73 141
73 147
73 148
73 152
73 155
73 156
73 157
73 158
73 159
73 160
73 161
73 169
73 170
73 171
73 172
73 173
73 174
73 175
73 176
73 177
73 178
74 75
74 79
74 80
74 82
74 83
74 84
74 85
74 86
74 87
74 88
74 89
74 90
74 91
74 92
74 93
74 94
74 96
74 97
74 104
74 105
74 106
74 108
74 112
74 114
74 117
74 124
74 127
74 132
74 134
74 143
74 147
74 152
74 153
74 155
74 157
74 158
74 160
74 161
74 162
74 164
74 165
74 166
74 167
74 171
74 174
74 175
74 178
74 179
75 77
75 78
75 79
75 82
75 83
75 84
75 85
75 86
75 94
75 95
75 96
75 98
75 99
75 102
75 104
75 106
75 107
75 108
75 110
75 112
75 114
75 116
75 118
75 119
75 122
75 124
75 125
75 126
75 128
75 130
75 131
75 133
75 134
75 140
75 141
75 143
75 144
75 145
75 149
75 150
75 151
75 156
75 160
75 163
75 164
75 166
75 168
75 170
75 173
75 175
75 176
75 179
76 77
76 80
76 82
76 85
76 88
76 89
76 96
76 99
76 100
76 101
76 102
76 103
76 104
76 107
76 108
76 111
76 113
76 116
76 117
76 118
76 120
76 121
76 123
76 124
76 127
76 128
76 130
76 131
76 132
76 135
76 136
76 137
76 139
76 140
76 141
76 142
76 143
76 147
76 148
76 150
76 153
76 154
76 166
76 167
76 168
76 170
76 173
76 174
76 175
76 177
76 178
77 79
77 80
77 81
77 83
77 87
77 88
77 90
77 92
77 93
77 94
77 96
77 97
77 98
77 100
77 103
77 105
77 109
77 111
77 115
77 116
77 117
77 118
77 120
77 121
77 122
77 123
77 126
77 128
77 129
77 130
77 131
77 132
77 133
77 134
77 137
77 140
77 141
77 142
77 144
77 147
77 148
77 149
77 150
77 155
77 162
77 164
77 165
77 172
77 173
77 174
77 177
77 179
78 82
78 84
78 86
78 87
78 88
78 89
78 90
78 91
78 94
78 101
78 102
78 103
78 104
78 105
78 106
78 107
78 108
78 111
78 112
78 113
78 114
78 115
78 117
78 118
78 119
78 120
78 122
78 123
78 125
78 126
78 135
78 137
78 140
78 142
78 143
78 146
78 147
78 149
78 152
78 155
78 157
78 159
78 161
78 162
78 167
78 168
78 172
78 174
78 175
78 177
78 178
79 80
79 81
79 85
79 89
79 90
79 91
79 93
79 94
79 96
79 101
79 102
79 106
79 108
79 109
79 110
79 111
79 118
79 120
79 121
79 122
79 124
79 127
79 130
79 132
79 133
79 134
79 138
79 139
79 140
79 141
79 142
79 143
79 144
79 147
79 148
79 149
79 151
79 152
79 153
79 154
79 157
79 158
79 159
79 160
79 161
79 163
79 164
79 168
79 170
79 176
79 179
80 86
80 88
80 89
80 91
80 92
80 93
80 96
80 97
80 98
80 99
80 101
80 102
80 106
80 107
80 108
80 111
80 112
80 114
80 116
80 118
80 121
80 123
80 124
80 127
80 128
80 129
80 134
80 135
80 136
80 139
80 142
80 146
80 147
80 150
80 152
80 156
80 157
80 158
80 159
80 160
80 161
80 162
80 169
80 172
80 173
80 174
80 175
80 178
81 87
81 88
81 92
81 94
81 97
81 98
81 99
81 103
81 105
81 107
81 110
81 112
81 114
81 117
81 120
81 121
81 122
81 124
81 125
81 127
81 128
81 130
81 132
81 133
81 134
81 135
81 136
81 137
81 140
81 141
81 142
81 145
81 148
81 149
81 150
81 152
81 153
81 154
81 158
81 163
81 164
81 166
81 167
81 176
81 179
82 83
82 88
82 90
82 91
82 92
82 93
82 94
82 97
82 99
82 100
82 101
82 102
82 103
82 104
82 105
82 106
82 107
82 109
82 112
82 115
82 116
82 117
82 118
82 121
82 123
82 124
82 125
82 129
82 131
82 136
82 139
82 140
82 143
82 144
82 145
82 147
82 150
82 151
82 152
82 153
82 158
82 159
82 162
82 167
82 168
82 169
82 171
82 172
82 173
82 174
82 177
82 178
83 84
83 86
83 88
83 90
83 91
83 93
83 94
83 95
83 98
83 102
83 104
83 106
83 108
83 109
83 112
83 113
83 115
83 116
83 119
83 121
83 122
83 123
83 124
83 127
83 129
83 131
83 132
83 133
83 135
83 136
83 137
83 138
83 140
83 141
83 142
83 143
83 144
83 145
83 146
83 147
83 148
83 149
83 151
83 154
83 155
83 156
83 157
83 159
83 160
83 165
83 169
83 171
83 177
83 178
84 85
84 86
84 89
84 92
84 93
84 98
84 99
84 101
84 103
84 104
84 106
84 107
84 113
84 116
84 117
84 120
84 122
84 126
84 129
84 133
84 139
84 140
84 142
84 143
84 152
84 159
84 161
84 162
84 163
84 164
84 170
84 171
84 172
84 173
84 176
84 178
85 87
85 88
85 89
85 91
85 92
85 94
85 95
85 96
85 98
85 99
85 103
85 104
85 105
85 106
85 110
85 111
85 123
85 126
85 131
85 132
85 134
85 139
85 140
85 141
85 144
85 145
85 146
85 147
85 153
85 154
85 155
85 156
85 158
85 159
85 164
85 166
85 172
85 173
85 174
85 176
85 177
85 178
86 87
86 88
86 90
86 99
86 100
86 101
86 102
86 107
86 108
86 109
86 110
86 113
86 114
86 115
86 116
86 118
86 122
86 124
86 125
86 126
86 129
86 130
86 131
86 132
86 135
86 136
86 137
86 138
86 139
86 141
86 143
86 144
86 145
86 149
86 151
86 153
86 156
86 159
86 165
86 168
86 169
86 170
86 172
86 173
86 174
86 175
86 179
87 91
87 92
87 95
87 96
87 100
87 101
87 104
87 106
87 107
87 108
87 111
87 112
87 113
87 115
87 116
87 117
87 118
87 119
87 120
87 122
87 127
87 130
87 131
87 132
87 133
87 135
87 137
87 138
87 141
87 143
87 144
87 146
87 148
87 149
87 152
87 154
87 155
87 156
87 158
87 159
87 160
87 161
87 165
87 169
87 171
87 177
88 89
88 93
88 94
88 96
88 98
88 99
88 101
88 102
88 104
88 108
88 111
88 112
88 113
88 114
88 117
88 119
88 122
88 125
88 126
88 129
88 132
88 133
88 134
88 137
88 139
88 140
88 144
88 146
88 150
88 152
88 158
88 159
88 167
88 168
88 169
88 173
88 174
88 176
88 177
88 178
88 179
89 94
89 98
89 99
89 100
89 102
89 103
89 105
89 106
89 107
89 108
89 110
89 111
89 120
89 122
89 125
89 127
89 128
89 132
89 134
89 136
89 137
89 138
89 139
89 141
89 142
89 143
89 144
89 145
89 146
89 147
89 152
89 153
89 154
89 156
89 159
89 162
89 163
89 164
89 165
89 169
89 170
89 171
89 173
89 174
89 178
89 179
90 91
90 92
90 93
90 94
90 95
90 96
90 99
90 101
90 103
90 106
90 107
90 111
90 112
90 114
90 117
90 118
90 122
90 124
90 127
90 129
90 133
90 139
90 140
90 146
90 148
90 149
90 150
90 152
90 155
90 161
90 162
90 165
90 167
90 172
90 175
90 177
90 179
91 92
91 96
91 101
91 102
91 105
91 106
91 111
91 112
91 113
91 114
91 116
91 118
91 119
91 121
91 123
91 127
91 128
91 130
91 131
91 136
91 137
91 139
91 140
91 143
91 146
91 147
91 149
91 150
91 151
91 156
91 157
91 159
91 160
91 161
91 163
91 164
91 165
91 167
91 168
91 169
91 174
91 179
92 93
92 96
92 99
92 104
92 107
92 110
92 111
92 112
92 114
92 118
92 119
92 120
92 121
92 126
92 129
92 130
92 134
92 137
92 140
92 141
92 144
92 149
92 150
92 153
92 155
92 156
92 157
92 158
92 160
92 162
92 169
92 170
92 172
92 176
92 178
93 94
93 95
93 99
93 103
93 105
93 106
93 107
93 110
93 111
93 113
93 114
93 117
93 120
93 128
93 129
93 130
93 136
93 138
93 139
93 140
93 141
93 142
93 143
93 146
93 147
93 148
93 150
93 151
93 153
93 154
93 156
93 157
93 159
93 163
93 164
93 165
93 166
93 167
93 169
93 170
93 171
93 172
93 173
93 178
94 97
94 99
94 100
94 101
94 102
94 104
94 109
94 112
94 114
94 115
94 116
94 117
94 121
94 123
94 125
94 126
94 127
94 131
94 132
94 133
94 134
94 137
94 138
94 140
94 144
94 145
94 146
94 147
94 148
94 159
94 160
94 162
94 163
94 169
94 173
94 174
94 175
94 176
94 178
95 96
95 100
95 102
95 104
95 108
95 110
95 113
95 114
95 115
95 116
95 119
95 120
95 123
95 124
95 126
95 129
95 130
95 132
95 134
95 135
95 137
95 140
95 141
95 142
95 144
95 145
95 146
95 148
95 150
95 151
95 152
95 154
95 155
95 157
95 158
95 160
95 162
95 163
95 164
95 166
95 168
95 169
95 172
95 173
95 174
95 175
95 176
95 177
95 178
95 179
96 100
96 102
96 103
96 104
96 105
96 106
96 108
96 110
96 113
96 114
96 118
96 121
96 122
96 125
96 126
96 128
96 129
96 130
96 133
96 134
96 139
96 140
96 142
96 147
96 148
96 151
96 152
96 153
96 155
96 159
96 160
96 161
96 165
96 168
96 170
96 172
96 174
96 178
97 99
97 101
97 102
97 103
97 105
97 106
97 108
97 109
97 110
97 111
97 112
97 113
97 116
97 124
97 126
97 128
97 129
97 132
97 134
97 136
97 137
97 138
97 141
97 144
97 146
97 151
97 152
97 153
97 155
97 156
97 157
97 159
97 163
97 166
97 168
97 172
97 174
97 175
97 179
98 104
98 106
98 109
98 111
98 112
98 113
98 121
98 122
98 124
98 125
98 128
98 130
98 134
98 135
98 140
98 142
98 147
98 153
98 154
98 155
98 156
98 160
98 166
98 168
98 172
98 178
98 179
99 100
99 101
99 103
99 104
99 106
99 107
99 109
99 112
99 116
99 117
99 118
99 120
99 122
99 129
99 131
99 133
99 134
99 135
99 137
99 138
99 143
99 144
99 148
99 151
99 152
99 156
99 157
99 160
99 161
99 162
99 165
99 167
99 170
99 171
99 173
99 174
99 179
100 102
100 103
100 104
100 109
100 112
100 113
100 117
100 118
100 119
100 120
100 121
100 125
100 126
100 129
100 130
100 132
100 133
100 134
100 136
100 144
100 150
100 156
100 157
100 172
100 177
101 102
101 103
101 104
101 105
101 106
101 107
101 108
101 109
101 111
101 115
101 118
101 119
101 120
101 122
101 123
101 124
101 125
101 127
101 129
101 132
101 134
101 135
101 136
101 141
101 145
101 146
101 153
101 158
101 159
101 160
101 164
101 165
101 166
101 168
101 172
101 173
101 174
101 175
101 176
102 106
102 107
102 108
102 110
102 113
102 114
102 119
102 121
102 123
102 124
102 126
102 131
102 135
102 139
102 140
102 143
102 144
102 145
102 146
102 150
102 153
102 156
102 157
102 158
102 161
102 162
102 163
102 165
102 167
102 174
102 176
103 104
103 107
103 108
103 109
103 113
103 116
103 117
103 124
103 125
103 127
103 129
103 130
103 134
103 135
103 137
103 139
103 141
103 144
103 155
103 158
103 159
103 160
103 163
103 168
103 176
103 177
103 179
104 106
104 108
104 112
104 114
104 116
104 119
104 123
104 126
104 127
104 128
104 130
104 132
104 135
104 136
104 140
104 144
104 146
104 147
104 150
104 151
104 152
104 154
104 155
104 156
104 157
104 158
104 159
104 163
104 164
104 167
104 168
104 170
104 171
105 107
105 109
105 111
105 112
105 113
105 115
105 116
105 119
105 126
105 127
105 128
105 130
105 131
105 133
105 134
105 135
105 138
105 142
105 143
105 144
105 145
105 146
105 147
105 148
105 151
105 153
105 155
105 160
105 161
105 164
105 166
105 168
105 169
105 170
105 171
105 173
105 175
105 177
105 178
106 113
106 116
106 117
106 123
106 126
106 128
106 131
106 133
106 137
106 141
106 145
106 150
106 154
106 157
106 159
106 160
106 167
106 172
106 174
106 175
106 178
106 179
107 108
107 110
107 111
107 113
107 115
107 120
107 121
107 123
107 129
107 133
107 135
107 137
107 139
107 141
107 145
107 146
107 148
107 151
107 153
107 154
107 155
107 159
107 160
107 165
107 167
107 170
107 171
107 173
107 175
107 176
107 177
107 179
108 110
108 111
108 119
108 121
108 125
108 130
108 133
108 134
108 136
108 138
108 140
108 142
108 143
108 145
108 146
108 149
108 151
108 152
108 155
108 157
108 159
108 163
108 164
108 165
108 166
108 167
108 168
108 170
108 171
108 172
108 173
108 175
109 112
109 115
109 118
109 119
109 123
109 125
109 126
109 127
109 128
109 130
109 131
109 132
109 134
109 135
109 137
109 141
109 142
109 145
109 147
109 148
109 150
109 151
109 153
109 154
109 156
109 158
109 160
109 162
109 163
109 167
109 168
109 170
109 171
109 173
109 176
109 178
110 112
110 113
110 114
110 115
110 117
110 118
110 119
110 120
110 122
110 124
110 128
110 136
110 140
110 141
110 142
110 143
110 145
110 147
110 153
110 158
110 160
110 166
110 168
110 169
110 171
110 172
110 174
110 177
111 112
111 113
111 115
111 119
111 125
111 126
111 127
111 128
111 129
111 133
111 134
111 135
111 136
111 140
111 142
111 143
111 144
111 146
111 149
111 152
111 153
111 156
111 157
111 158
111 159
111 163
111 164
111 165
111 166
111 170
111 171
111 175
111 176
112 116
112 119
112 122
112 123
112 126
112 127
112 128
112 130
112 133
112 135
112 136
112 137
112 138
112 140
112 141
112 143
112 144
112 145
112 146
112 148
112 155
112 156
112 160
112 162
112 163
112 171
112 173
112 176
112 179
113 116
113 117
113 118
113 122
113 123
113 124
113 125
113 128
113 130
113 131
113 132
113 133
113 136
113 137
113 143
113 144
113 145
113 146
113 147
113 150
113 152
113 153
113 155
113 156
113 157
113 158
113 159
113 160
113 161
113 162
113 164
113 168
113 170
113 171
113 175
113 176
113 178
113 179
114 115
114 116
114 117
114 118
114 120
114 121
114 122
114 125
114 127
114 130
114 135
114 136
114 143
114 147
114 148
114 149
114 150
114 153
114 154
114 157
114 164
114 166
114 167
114 170
114 171
114 174
114 175
114 176
114 177
115 118
115 121
115 122
115 123
115 124
115 125
115 130
115 133
115 138
115 139
115 140
115 142
115 144
115 145
115 146
115 148
115 149
115 150
115 151
115 154
115 155
115 161
115 163
115 164
115 165
115 167
115 168
115 174
115 176
115 177
115 178
115 179
116 124
116 127
116 128
116 129
116 136
116 138
116 142
116 143
116 144
116 146
116 148
116 149
116 150
116 151
116 152
116 153
116 154
116 157
116 159
116 160
116 162
116 163
116 166
116 167
116 170
116 172
116 176
116 178
117 118
117 119
117 121
117 123
117 127
117 129
117 131
117 133
117 134
117 136
117 138
117 141
117 142
117 145
117 151
117 152
117 158
117 159
117 163
117 164
117 166
117 167
117 169
117 170
117 172
117 174
117 177
117 178
117 179
118 119
118 122
118 123
118 124
118 128
118 130
118 132
118 141
118 144
118 145
118 146
118 147
118 149
118 150
118 152
118 155
118 158
118 162
118 165
118 168
118 173
118 175
119 120
119 122
119 123
119 124
119 127
119 128
119 130
119 131
119 133
119 140
119 141
119 142
119 144
119 145
119 146
119 149
119 153
119 155
119 157
119 161
119 165
119 166
119 177
119 179
120 127
120 128
120 130
120 132
120 133
120 137
120 138
120 145
120 146
120 149
120 152
120 153
120 154
120 157
120 158
120 160
120 162
120 163
120 164
120 166
120 174
120 175
120 176
120 177
120 178
120 179
121 124
121 126
121 129
121 130
121 133
121 138
121 139
121 141
121 143
121 144
121 150
121 151
121 152
121 154
121 156
121 157
121 158
121 161
121 163
121 166
121 169
121 174
121 175
121 177
121 178
122 123
122 124
122 126
122 128
122 130
122 131
122 132
122 134
122 135
122 136
122 137
122 139
122 143
122 144
122 151
122 152
122 154
122 161
122 162
122 166
122 168
122 169
122 172
122 176
122 177
122 178
123 126
123 127
123 135
123 136
123 137
123 138
123 139
123 140
123 142
123 143
123 146
123 151
123 154
123 156
123 157
123 159
123 160
123 163
123 167
123 176
123 177
124 126
124 127
124 129
124 130
124 131
124 132
124 134
124 135
124 136
124 138
124 142
124 144
124 145
124 147
124 156
124 158
124 159
124 165
124 166
124 167
124 171
125 129
125 131
125 133
125 134
125 135
125 136
125 137
125 141
125 142
125 148
125 149
125 150
125 152
125 153
125 155
125 156
125 157
125 165
125 168
125 169
125 171
126 127
126 129
126 130
126 134
126 135
126 138
126 140
126 141
126 142
126 143
126 144
126 148
126 152
126 153
126 154
126 155
126 157
126 161
126 169
126 170
126 173
126 176
127 128
127 132
127 133
127 136
127 137
127 138
127 141
127 142
127 144
127 147
127 148
127 149
127 152
127 159
127 161
127 162
127 164
127 165
127 167
127 174
127 175
127 176
128 129
128 134
128 135
128 142
128 146
128 148
128 149
128 150
128 153
128 159
128 162
128 163
128 164
128 165
128 166
128 170
128 172
128 173
128 177
129 134
129 136
129 138
129 139
129 140
129 141
129 142
129 143
129 154
129 156
129 157
129 158
129 164
129 165
129 169
129 173
129 174
129 178
130 139
130 141
130 144
130 145
130 146
130 151
130 153
130 156
130 165
130 167
130 168
130 172
130 173
130 174
130 175
130 178
131 132
131 133
131 137
131 138
131 142
131 144
131 148
131 149
131 152
131 153
131 155
131 157
131 160
131 161
131 165
131 166
131 171
131 176
131 178
131 179
132 134
132 135
132 138
132 144
132 149
132 150
132 153
132 156
132 157
132 160
132 167
132 173
132 175
132 176
132 177
132 179
133 136
133 139
133 140
133 141
133 149
133 150
133 153
133 156
133 159
133 162
133 163
133 165
133 166
133 167
133 171
133 172
133 174
133 177
133 178
133 179
134 136
134 137
134 138
134 144
134 147
134 149
134 150
134 155
134 157
134 158
134 161
134 162
134 168
134 171
134 173
134 175
134 176
134 179
135 136
135 138
135 139
135 142
135 143
135 144
135 147
135 149
135 151
135 152
135 154
135 156
135 160
135 165
135 166
135 167
135 168
135 172
135 173
135 179
136 139
136 142
136 143
136 144
136 145
136 154
136 155
136 158
136 160
136 162
136 163
136 165
136 167
136 168
136 169
136 172
136 176
136 177
137 143
137 147
137 148
137 154
137 155
137 158
137 159
137 161
137 163
137 165
137 166
137 167
137 170
137 172
137 173
137 176
137 177
138 142
138 143
138 145
138 148
138 150
138 151
138 156
138 157
138 158
138 163
138 164
138 165
138 169
138 171
138 175
138 176
138 177
138 179
139 140
139 143
139 145
139 147
139 150
139 151
139 152
139 154
139 156
139 157
139 160
139 161
139 164
139 165
139 167
139 170
139 171
139 173
139 174
139 176
139 179
140 141
140 142
140 143
140 148
140 149
140 152
140 153
140 154
140 161
140 163
140 164
140 168
140 169
140 171
140 175
141 142
141 144
141 145
141 148
141 149
141 151
141 158
141 160
141 165
141 169
141 173
141 174
141 175
142 145
142 146
142 147
142 149
142 151
142 157
142 158
142 161
142 163
142 164
142 165
142 174
142 178
143 147
143 148
143 150
143 151
143 153
143 154
143 156
143 158
143 161
143 162
143 163
143 166
143 167
143 169
143 170
143 171
143 172
143 173
143 176
143 178
144 145
144 147
144 148
144 149
144 152
144 153
144 154
144 157
144 158
144 163
144 166
144 169
144 172
144 174
144 175
145 146
145 150
145 153
145 155
145 157
145 159
145 160
145 165
145 169
145 170
145 171
146 147
146 149
146 151
146 155
146 158
146 161
146 162
146 164
146 174
146 176
147 148
147 149
147 150
147 157
147 160
147 161
147 162
147 163
147 164
147 166
147 172
147 173
148 150
148 157
148 158
148 165
148 166
148 173
149 150
149 151
149 154
149 155
149 156
149 157
149 158
149 162
149 163
149 165
149 168
149 173
149 175
150 156
150 163
150 164
150 165
150 168
150 176
151 154
151 156
151 157
151 162
151 167
151 168
151 172
151 177
152 154
152 155
152 161
152 164
152 167
152 168
152 169
152 171
152 172
152 173
152 177
153 156
153 158
153 160
153 161
153 164
153 168
153 172
153 173
153 174
153 175
153 177
153 178
154 160
154 165
154 166
154 167
154 168
154 169
154 171
154 172
154 174
154 178
155 156
155 158
155 160
155 164
155 166
155 170
156 159
156 161
156 162
156 163
156 164
156 165
156 166
156 167
156 169
156 170
156 171
156 176
156 177
157 158
157 159
157 160
157 162
157 163
157 167
157 169
157 173
157 175
158 163
158 167
158 168
158 170
158 176
159 162
159 166
159 167
159 169
159 170
159 172
159 175
159 178
160 161
160 167
160 170
160 174
160 178
161 163
161 164
162 166
162 172
162 173
162 174
162 178
163 170
163 171
163 178
163 179
164 165
164 169
164 173
164 175
164 177
164 178
164 179
165 166
165 169
165 170
165 174
165 176
165 178
165 179
166 168
166 169
166 170
166 172
166 176
166 178
166 179
167 168
167 171
167 172
167 173
167 176
167 179
168 169
168 170
168 174
168 177
168 178
169 171
169 172
169 175
170 173
170 176
170 178
170 179
171 173
171 174
171 175
171 176
173 174
173 175
173 177
173 179
174 175
174 176
175 178
175 179
177 179
178 179
