180
0 1
0 3
0 5
0 6
0 7
0 9
0 10
0 11
0 12
0 13
0 14
0 15
0 16
0 17
0 18
0 19
0 20
0 21
0 25
0 27
0 28
0 29
0 31
0 32
0 33
0 35
0 37
0 38
0 42
0 46
0 50
0 52
0 54
0 55
0 57
0 59
0 60
0 62
0 64
0 65
0 67
0 69
0 71
0 72
0 74
0 75
0 78
0 79
0 81
0 82
0 83
0 84
0 85
0 87
0 88
0 91
0 92
0 93
0 94
0 97
0 99
0 100
0 102
0 104
0 105
0 106
0 108
0 110
0 113
0 115
0 121
0 122
0 123
0 129
0 130
0 131
0 132
0 133
0 137
0 138
0 141
0 143
0 144
0 146
0 147
0 150
0 151
0 152
0 154
0 155
0 157
0 158
0 160
0 161
0 163
0 166
0 168
0 170
0 174
0 178
0 179
1 2
1 3
1 5
1 6
1 7
1 9
1 10
1 11
1 13
1 15
1 16
1 17
1 18
1 19
1 21
1 24
1 25
1 26
1 27
1 28
1 29
1 30
1 31
1 32
1 33
1 34
1 35
1 36
1 38
1 39
1 40
1 41
1 42
1 43
1 46
1 47
1 48
1 50
1 51
1 52
1 53
1 55
1 56
1 60
1 61
1 63
1 65
1 68
1 69
1 70
1 71
1 72
1 73
1 74
1 75
1 76
1 77
1 79
1 80
1 81
1 82
1 86
1 87
1 89
1 91
1 92
1 95
1 100
1 101
1 102
1 103
1 104
1 106
1 108
1 110
1 114
1 116
1 118
1 119
1 123
1 124
1 126
1 127
1 131
1 133
1 134
1 135
1 137
1 138
1 141
1 142
1 146
1 149
1 150
1 152
1 153
1 155
1 157
1 158
1 159
1 160
1 163
1 165
1 166
1 167
1 170
1 171
1 172
1 174
1 176
2 4
2 6
2 7
2 11
2 13
2 15
2 17
2 18
2 23
2 24
2 25
2 26
2 27
2 28
2 30
2 31
2 32
2 33
2 34
2 35
2 36
2 37
2 38
2 39
2 40
2 43
2 44
2 45
2 46
2 47
2 49
2 50
2 51
2 52
2 53
2 54
2 56
2 57
2 58
2 59
2 60
2 61
2 63
2 64
2 65
2 67
2 68
2 69
2 70
2 71
2 75
2 76
2 78
2 79
2 80
2 81
2 82
2 84
2 85
2 86
2 88
2 90
2 91
2 92
2 93
2 94
2 95
2 96
2 97
2 99
2 100
2 102
2 104
2 107
2 108
2 112
2 115
2 116
2 118
2 119
2 121
2 126
2 127
2 128
2 129
2 131
2 133
2 134
2 135
2 139
2 140
2 142
2 143
2 148
2 151
2 156
2 158
2 159
2 162
2 163
2 164
2 170
2 173
2 176
2 178
2 179
3 4
3 5
3 6
3 7
3 9
3 10
3 12
3 13
3 14
3 15
3 19
3 20
3 22
3 23
3 24
3 26
3 27
3 30
3 31
3 32
3 33
3 34
3 36
3 37
3 38
3 40
3 42
3 43
3 44
3 45
3 46
3 47
3 48
3 50
3 52
3 53
3 56
3 59
3 60
3 62
3 64
3 65
3 68
3 71
3 72
3 73
3 74
3 76
3 77
3 78
3 81
3 84
3 88
3 89
3 90
3 91
3 97
3 100
3 104
3 105
3 106
3 107
3 108
3 109
3 110
3 111
3 113
3 114
3 116
3 118
3 120
3 122
3 123
3 124
3 125
3 129
3 130
3 131
3 132
3 133
3 134
3 137
3 138
3 140
3 142
3 143
3 144
3 148
3 149
3 150
3 153
3 154
3 155
3 156
3 157
3 158
3 159
3 160
3 164
3 165
3 166
3 167
3 169
3 172
3 173
3 175
3 176
4 5
4 6
4 7
4 8
4 12
4 13
4 14
4 15
4 16
4 17
4 18
4 21
4 22
4 23
4 24
4 26
4 29
4 30
4 31
4 33
4 34
4 35
4 36
4 38
4 39
4 40
4 42
4 43
4 45
4 48
4 49
4 50
4 51
4 54
4 55
4 56
4 60
4 62
4 63
4 64
4 65
4 68
4 71
4 73
4 75
4 76
4 78
4 81
4 83
4 87
4 89
4 91
4 95
4 96
4 98
4 100
4 101
4 102
4 103
4 105
4 106
4 107
4 111
4 112
4 113
4 114
4 118
4 119
4 122
4 125
4 126
4 128
4 131
4 132
4 136
4 138
4 140
4 141
4 143
4 144
4 145
4 146
4 147
4 148
4 151
4 155
4 156
4 157
4 161
4 165
4 166
4 167
4 168
4 169
4 170
4 172
4 173
4 174
4 175
4 177
4 178
4 179
5 6
5 7
5 8
5 11
5 12
5 13
5 14
5 16
5 17
5 19
5 21
5 22
5 24
5 25
5 26
5 28
5 29
5 30
5 31
5 32
5 34
5 35
5 37
5 38
5 39
5 40
5 41
5 42
5 43
5 44
5 46
5 47
5 48
5 50
5 51
5 52
5 54
5 57
5 59
5 60
5 61
5 64
5 65
5 66
5 68
5 69
5 70
5 71
5 72
5 74
5 75
5 76
5 81
5 83
5 84
5 87
5 91
5 92
5 93
5 94
5 96
5 97
5 100
5 102
5 105
5 106
5 107
5 114
5 117
5 119
5 120
5 121
5 122
5 123
5 125
5 127
5 128
5 129
5 130
5 131
5 133
5 134
5 135
5 138
5 141
5 142
5 143
5 148
5 150
5 151
5 152
5 153
5 154
5 155
5 156
5 157
5 158
5 160
5 161
5 163
5 164
5 166
5 168
5 169
5 171
5 177
5 179
6 7
6 10
6 11
6 12
6 13
6 14
6 15
6 16
6 18
6 19
6 20
6 22
6 24
6 25
6 27
6 28
6 29
6 30
6 31
6 32
6 34
6 35
6 36
6 37
6 38
6 40
6 41
6 43
6 46
6 47
6 48
6 49
6 52
6 54
6 58
6 60
6 62
6 66
6 67
6 68
6 70
6 71
6 72
6 73
6 74
6 76
6 77
6 78
6 79
6 80
6 81
6 82
6 83
6 84
6 85
6 87
6 89
6 90
6 96
6 97
6 99
6 101
6 102
6 103
6 104
6 105
6 106
6 107
6 108
6 111
6 112
6 114
6 115
6 118
6 121
6 122
6 123
6 124
6 126
6 127
6 129
6 130
6 131
6 132
6 133
6 135
6 142
6 144
6 145
6 147
6 148
6 152
6 154
6 158
6 159
6 161
6 166
6 168
6 169
6 172
6 174
6 175
7 8
7 9
7 12
7 14
7 16
7 17
7 18
7 20
7 22
7 25
7 29
7 32
7 33
7 34
7 35
7 36
7 38
7 39
7 40
7 41
7 42
7 43
7 44
7 46
7 47
7 50
7 52
7 53
7 54
7 55
7 57
7 58
7 59
7 60
7 61
7 62
7 63
7 64
7 66
7 67
7 68
7 69
7 72
7 75
7 77
7 78
7 79
7 80
7 82
7 84
7 86
7 87
7 88
7 89
7 90
7 91
7 93
7 95
7 98
7 99
7 101
7 102
7 104
7 106
7 108
7 111
7 113
7 114
7 115
7 116
7 121
7 123
7 124
7 125
7 127
7 129
7 130
7 131
7 135
7 137
7 138
7 139
7 141
7 143
7 145
7 146
7 150
7 152
7 153
7 155
7 158
7 160
7 162
7 163
7 164
7 167
7 170
7 171
7 172
7 173
7 174
7 175
7 177
7 179
8 9
8 10
8 11
8 14
8 15
8 17
8 18
8 20
8 21
8 22
8 24
8 25
8 26
8 27
8 29
8 30
8 33
8 34
8 36
8 37
8 38
8 40
8 41
8 43
8 44
8 45
8 46
8 47
8 48
8 49
8 50
8 51
8 52
8 53
8 55
8 58
8 59
8 60
8 61
8 62
8 63
8 64
8 67
8 69
8 70
8 71
8 72
8 73
8 75
8 78
8 79
8 80
8 81
8 82
8 83
8 84
8 85
8 87
8 89
8 91
8 92
8 93
8 94
8 96
8 99
8 100
8 101
8 102
8 104
8 105
8 107
8 108
8 109
8 110
8 112
8 113
8 114
8 115
8 116
8 117
8 118
8 120
8 121
8 123
8 125
8 126
8 127
8 128
8 129
8 130
8 131
8 133
8 134
8 135
8 136
8 137
8 138
8 139
8 141
8 143
8 146
8 147
8 148
8 149
8 156
8 159
8 161
8 165
8 167
8 170
8 175
8 176
8 177
8 178
9 10
9 11
9 13
9 16
9 18
9 20
9 22
9 23
9 25
9 26
9 27
9 30
9 32
9 35
9 36
9 37
9 40
9 44
9 47
9 49
9 50
9 51
9 53
9 54
9 55
9 56
9 58
9 60
9 61
9 63
9 64
9 65
9 69
9 71
9 72
9 74
9 75
9 77
9 78
9 80
9 82
9 83
9 85
9 87
9 88
9 89
9 94
9 102
9 106
9 107
9 108
9 109
9 110
9 114
9 116
9 118
9 121
9 122
9 123
9 124
9 127
9 128
9 131
9 132
9 133
9 134
9 135
9 141
9 142
9 143
9 145
9 146
9 147
9 150
9 151
9 153
9 155
9 157
9 159
9 163
9 165
9 166
9 169
9 171
9 173
9 175
9 176
9 178
10 13
10 14
10 15
10 16
10 18
10 19
10 20
10 21
10 22
10 26
10 27
10 29
10 30
10 31
10 32
10 34
10 35
10 36
10 37
10 38
10 39
10 40
10 41
10 42
10 48
10 50
10 51
10 54
10 58
10 60
10 62
10 65
10 67
10 68
10 71
10 72
10 75
10 77
10 79
10 83
10 84
10 86
10 87
10 88
10 89
10 91
10 92
10 93
10 95
10 98
10 99
10 100
10 102
10 104
10 106
10 110
10 112
10 113
10 114
10 115
10 116
10 118
10 120
10 122
10 125
10 126
10 127
10 131
10 133
10 134
10 136
10 137
10 138
10 139
10 142
10 143
10 145
10 146
10 147
10 149
10 150
10 151
10 154
10 156
10 157
10 158
10 160
10 161
10 162
10 163
10 164
10 165
10 170
10 171
10 172
10 173
10 174
10 179
11 12
11 14
11 17
11 21
11 25
11 26
11 27
11 28
11 29
11 30
11 31
11 32
11 34
11 35
11 39
11 40
11 42
11 43
11 44
11 45
11 46
11 48
11 50
11 53
11 54
11 55
11 57
11 60
11 61
11 62
11 63
11 64
11 66
11 67
11 69
11 72
11 74
11 76
11 78
11 80
11 81
11 82
11 83
11 84
11 85
11 86
11 87
11 88
11 89
11 90
11 92
11 93
11 98
11 99
11 101
11 102
11 104
11 105
11 107
11 108
11 109
11 110
11 112
11 113
11 116
11 117
11 118
11 124
11 126
11 127
11 133
11 134
11 137
11 141
11 142
11 143
11 144
11 147
11 150
11 151
11 153
11 157
11 158
11 160
11 164
11 165
11 167
11 168
11 172
11 175
12 13
12 14
12 15
12 16
12 17
12 18
12 19
12 24
12 26
12 28
12 29
12 30
12 31
12 33
12 34
12 35
12 36
12 39
12 41
12 44
12 45
12 48
12 49
12 51
12 54
12 55
12 56
12 57
12 60
12 64
12 65
12 66
12 68
12 70
12 71
12 72
12 73
12 77
12 79
12 81
12 83
12 84
12 88
12 89
12 90
12 91
12 92
12 94
12 96
12 97
12 98
12 99
12 100
12 104
12 105
12 107
12 108
12 109
12 110
12 111
12 114
12 115
12 117
12 118
12 119
12 120
12 122
12 123
12 124
12 125
12 126
12 127
12 129
12 130
12 132
12 136
12 140
12 144
12 151
12 153
12 154
12 156
12 157
12 158
12 159
12 160
12 162
12 165
12 169
12 170
12 171
12 172
12 173
12 176
12 177
12 178
13 14
13 15
13 16
13 17
13 18
13 19
13 21
13 22
13 23
13 24
13 26
13 28
13 29
13 32
13 33
13 34
13 36
13 38
13 39
13 41
13 42
13 43
13 44
13 47
13 49
13 53
13 54
13 55
13 56
13 57
13 58
13 59
13 60
13 61
13 62
13 64
13 65
13 66
13 67
13 68
13 69
13 70
13 72
13 73
13 74
13 75
13 76
13 77
13 79
13 81
13 82
13 86
13 88
13 93
13 94
13 95
13 96
13 99
13 100
13 103
13 106
13 108
13 109
13 110
13 116
13 117
13 118
13 121
13 123
13 124
13 126
13 128
13 129
13 130
13 133
13 134
13 136
13 137
13 138
13 139
13 142
13 146
13 147
13 150
13 151
13 153
13 156
13 157
13 159
13 161
13 167
13 169
13 172
14 15
14 17
14 21
14 23
14 24
14 26
14 27
14 28
14 30
14 31
14 33
14 34
14 35
14 36
14 37
14 38
14 39
14 40
14 41
14 43
14 44
14 46
14 47
14 49
14 50
14 51
14 53
14 56
14 57
14 59
14 60
14 61
14 62
14 63
14 64
14 65
14 66
14 67
14 68
14 69
14 72
14 74
14 79
14 80
14 82
14 83
14 84
14 88
14 89
14 90
14 92
14 93
14 94
14 95
14 97
14 98
14 100
14 101
14 102
14 103
14 104
14 105
14 109
14 110
14 111
14 115
14 119
14 121
14 125
14 126
14 127
14 129
14 135
14 137
14 140
14 141
14 142
14 144
14 149
14 151
14 154
14 155
14 156
14 157
14 158
14 160
14 161
14 162
14 169
14 170
14 173
14 175
14 177
15 18
15 19
15 20
15 21
15 22
15 23
15 24
15 25
15 27
15 30
15 31
15 34
15 35
15 36
15 37
15 38
15 39
15 40
15 41
15 42
15 43
15 44
15 45
15 46
15 47
15 48
15 50
15 51
15 52
15 54
15 55
15 57
15 58
15 59
15 60
15 63
15 64
15 68
15 69
15 73
15 74
15 75
15 79
15 81
15 83
15 85
15 86
15 87
15 88
15 89
15 90
15 92
15 95
15 97
15 99
15 100
15 101
15 109
15 110
15 112
15 113
15 116
15 117
15 118
15 120
15 121
15 122
15 123
15 124
15 125
15 126
15 127
15 128
15 129
15 134
15 136
15 139
15 141
15 143
15 145
15 146
15 149
15 150
15 151
15 154
15 155
15 157
15 158
15 161
15 162
15 163
15 164
15 172
15 173
15 176
15 178
16 18
16 20
16 22
16 23
16 24
16 25
16 26
16 28
16 30
16 31
16 33
16 34
16 35
16 36
16 37
16 38
16 39
16 40
16 41
16 42
16 44
16 45
16 47
16 49
16 52
16 53
16 54
16 57
16 58
16 59
16 61
16 63
16 64
16 65
16 66
16 69
16 71
16 73
16 76
16 77
16 79
16 81
16 82
16 83
16 85
16 86
16 88
16 90
16 93
16 95
16 97
16 99
16 100
16 101
16 102
16 104
16 106
16 110
16 111
16 113
16 118
16 120
16 123
16 126
16 128
16 134
16 135
16 139
16 140
16 142
16 146
16 147
16 148
16 150
16 151
16 155
16 160
16 161
16 162
16 163
16 164
16 167
16 168
16 169
16 170
16 173
16 174
16 176
16 177
16 178
16 179
17 20
17 21
17 23
17 24
17 25
17 28
17 29
17 31
17 32
17 33
17 34
17 35
17 36
17 37
17 40
17 41
17 44
17 45
17 46
17 49
17 52
17 53
17 56
17 57
17 58
17 60
17 61
17 62
17 63
17 64
17 65
17 66
17 72
17 75
17 76
17 77
17 78
17 79
17 80
17 81
17 82
17 83
17 84
17 85
17 87
17 89
17 90
17 91
17 93
17 96
17 97
17 98
17 100
17 101
17 104
17 105
17 106
17 111
17 112
17 113
17 119
17 120
17 121
17 122
17 124
17 125
17 126
17 129
17 131
17 132
17 133
17 138
17 143
17 147
17 149
17 152
17 154
17 156
17 158
17 159
17 160
17 162
17 163
17 164
17 165
17 166
17 167
17 168
17 172
17 173
17 176
17 177
17 178
18 20
18 21
18 22
18 24
18 25
18 29
18 30
18 33
18 34
18 35
18 37
18 38
18 41
18 42
18 43
18 44
18 46
18 48
18 51
18 54
18 55
18 56
18 57
18 58
18 60
18 62
18 63
18 65
18 67
18 69
18 70
18 72
18 73
18 74
18 75
18 79
18 80
18 81
18 82
18 85
18 86
18 87
18 88
18 91
18 92
18 93
18 94
18 98
18 99
18 103
18 106
18 107
18 108
18 109
18 111
18 114
18 115
18 116
18 117
18 118
18 121
18 122
18 123
18 125
18 126
18 127
18 128
18 129
18 131
18 133
18 134
18 135
18 137
18 139
18 140
18 141
18 142
18 144
18 145
18 146
18 149
18 150
18 152
18 154
18 155
18 159
18 161
18 164
18 165
18 169
18 171
18 172
18 173
18 174
18 175
18 177
18 178
18 179
19 20
19 21
19 23
19 24
19 25
19 26
19 27
19 30
19 32
19 33
19 34
19 37
19 38
19 39
19 40
19 41
19 43
19 44
19 45
19 46
19 47
19 50
19 51
19 52
19 55
19 57
19 58
19 59
19 60
19 61
19 62
19 64
19 65
19 66
19 68
19 70
19 72
19 73
19 76
19 77
19 78
19 79
19 80
19 81
19 82
19 83
19 85
19 87
19 88
19 89
19 90
19 91
19 93
19 94
19 96
19 97
19 100
19 101
19 111
19 114
19 118
19 119
19 120
19 122
19 123
19 124
19 127
19 128
19 129
19 130
19 131
19 133
19 134
19 135
19 137
19 139
19 140
19 143
19 146
19 148
19 149
19 150
19 151
19 152
19 153
19 154
19 155
19 156
19 163
19 164
19 165
19 168
19 173
19 174
19 175
19 176
19 178
19 179
20 21
20 22
20 24
20 25
20 26
20 28
20 29
20 31
20 32
20 33
20 35
20 40
20 43
20 44
20 45
20 46
20 48
20 49
20 53
20 55
20 56
20 58
20 59
20 61
20 62
20 66
20 68
20 70
20 73
20 75
20 76
20 78
20 79
20 80
20 81
20 84
20 85
20 89
20 92
20 93
20 94
20 97
20 98
20 101
20 103
20 104
20 105
20 107
20 109
20 110
20 111
20 113
20 114
20 119
20 120
20 123
20 124
20 126
20 127
20 128
20 130
20 133
20 134
20 136
20 137
20 138
20 139
20 140
20 144
20 146
20 148
20 149
20 152
20 154
20 155
20 157
20 158
20 159
20 162
20 163
20 164
20 165
20 167
20 171
20 173
20 176
20 177
20 178
20 179
21 24
21 26
21 27
21 28
21 29
21 31
21 32
21 33
21 35
21 36
21 37
21 39
21 40
21 41
21 45
21 46
21 47
21 48
21 50
21 51
21 53
21 55
21 59
21 60
21 61
21 65
21 69
21 71
21 75
21 77
21 78
21 80
21 81
21 82
21 83
21 84
21 85
21 86
21 91
21 93
21 97
21 103
21 104
21 106
21 107
21 110
21 111
21 112
21 113
21 114
21 115
21 116
21 117
21 119
21 120
21 122
21 123
21 124
21 125
21 130
21 131
21 132
21 133
21 134
21 136
21 137
21 139
21 143
21 144
21 147
21 149
21 152
21 154
21 156
21 160
21 161
21 163
21 166
21 167
21 170
21 171
21 172
21 173
21 174
21 175
21 177
21 179
22 23
22 26
22 27
22 29
22 33
22 34
22 37
22 38
22 39
22 42
22 43
22 45
22 47
22 48
22 50
22 51
22 52
22 53
22 54
22 55
22 57
22 58
22 60
22 61
22 62
22 64
22 65
22 67
22 68
22 69
22 70
22 72
22 73
22 74
22 75
22 76
22 77
22 78
22 82
22 84
22 85
22 87
22 88
22 92
22 93
22 95
22 98
22 99
22 101
22 103
22 105
22 106
22 107
22 108
22 109
22 110
22 113
22 114
22 115
22 117
22 119
22 121
22 124
22 126
22 128
22 129
22 130
22 133
22 134
22 135
22 137
22 138
22 142
22 143
22 144
22 145
22 146
22 147
22 148
22 150
22 152
22 154
22 155
22 157
22 158
22 160
22 161
22 162
22 164
22 165
22 168
22 169
22 176
22 177
22 178
23 24
23 25
23 27
23 28
23 29
23 31
23 33
23 36
23 37
23 38
23 39
23 41
23 42
23 43
23 44
23 45
23 46
23 48
23 50
23 51
23 52
23 54
23 57
23 58
23 59
23 60
23 61
23 62
23 64
23 68
23 69
23 70
23 72
23 73
23 75
23 76
23 77
23 78
23 80
23 81
23 83
23 84
23 85
23 89
23 92
23 93
23 94
23 95
23 96
23 97
23 100
23 105
23 106
23 111
23 113
23 114
23 116
23 117
23 120
23 122
23 123
23 124
23 125
23 126
23 127
23 129
23 130
23 131
23 134
23 136
23 137
23 138
23 139
23 142
23 143
23 144
23 145
23 146
23 147
23 149
23 150
23 153
23 154
23 155
23 156
23 157
23 159
23 160
23 161
23 163
23 166
23 168
23 169
23 172
23 174
23 179
24 25
24 26
24 28
24 29
24 32
24 34
24 37
24 39
24 43
24 44
24 45
24 46
24 47
24 48
24 49
24 50
24 51
24 52
24 54
24 55
24 57
24 58
24 59
24 60
24 62
24 63
24 64
24 65
24 67
24 68
24 69
24 73
24 74
24 77
24 79
24 82
24 88
24 89
24 90
24 91
24 93
24 96
24 97
24 99
24 100
24 101
24 102
24 105
24 106
24 108
24 109
24 110
24 112
24 113
24 115
24 116
24 118
24 120
24 121
24 124
24 125
24 126
24 127
24 132
24 133
24 138
24 139
24 140
24 141
24 143
24 145
24 148
24 155
24 157
24 158
24 159
24 160
24 163
24 167
24 169
24 170
24 171
24 172
24 173
24 174
24 175
25 26
25 27
25 29
25 30
25 31
25 32
25 35
25 37
25 40
25 42
25 44
25 45
25 46
25 48
25 49
25 50
25 51
25 55
25 56
25 59
25 62
25 63
25 65
25 67
25 69
25 71
25 74
25 77
25 80
25 81
25 83
25 85
25 86
25 87
25 91
25 93
25 94
25 95
25 96
25 98
25 104
25 106
25 107
25 109
25 110
25 112
25 114
25 116
25 123
25 124
25 125
25 126
25 130
25 131
25 133
25 135
25 138
25 139
25 141
25 142
25 145
25 147
25 148
25 149
25 152
25 153
25 154
25 155
25 157
25 159
25 160
25 162
25 164
25 165
25 169
25 170
25 173
25 175
25 177
26 27
26 29
26 30
26 31
26 32
26 33
26 34
26 36
26 38
26 40
26 41
26 42
26 47
26 48
26 53
26 54
26 55
26 56
26 57
26 58
26 60
26 65
26 66
26 67
26 68
26 69
26 70
26 73
26 74
26 76
26 78
26 80
26 81
26 82
26 83
26 89
26 90
26 91
26 92
26 93
26 96
26 98
26 100
26 101
26 102
26 107
26 109
26 110
26 112
26 113
26 114
26 115
26 116
26 119
26 121
26 123
26 124
26 125
26 126
26 128
26 129
26 130
26 131
26 132
26 134
26 136
26 139
26 141
26 142
26 143
26 145
26 147
26 148
26 149
26 152
26 154
26 156
26 157
26 159
26 160
26 163
26 164
26 166
26 167
26 171
26 173
26 174
26 175
26 176
26 177
27 28
27 33
27 35
27 36
27 37
27 38
27 39
27 41
27 42
27 44
27 47
27 49
27 50
27 51
27 54
27 57
27 58
27 59
27 60
27 61
27 62
27 64
27 66
27 69
27 72
27 73
27 77
27 78
27 79
27 81
27 83
27 84
27 86
27 87
27 91
27 92
27 94
27 95
27 96
27 97
27 98
27 101
27 102
27 104
27 105
27 106
27 109
27 110
27 111
27 115
27 116
27 120
27 124
27 126
27 127
27 129
27 130
27 132
27 133
27 134
27 135
27 136
27 137
27 138
27 140
27 142
27 144
27 145
27 147
27 150
27 152
27 153
27 158
27 161
27 163
27 164
27 166
27 167
27 169
27 171
27 173
27 174
27 175
27 176
27 177
27 178
28 29
28 30
28 31
28 32
28 33
28 35
28 37
28 39
28 41
28 42
28 45
28 46
28 47
28 48
28 49
28 50
28 53
28 55
28 57
28 58
28 60
28 61
28 63
28 64
28 65
28 66
28 67
28 68
28 69
28 71
28 72
28 73
28 74
28 75
28 77
28 80
28 81
28 82
28 83
28 84
28 85
28 88
28 89
28 92
28 93
28 95
28 96
28 103
28 105
28 106
28 107
28 108
28 109
28 114
28 115
28 117
28 119
28 120
28 121
28 123
28 124
28 126
28 127
28 129
28 133
28 134
28 136
28 137
28 138
28 139
28 140
28 141
28 142
28 143
28 147
28 152
28 154
28 156
28 159
28 161
28 163
28 165
28 167
28 168
28 173
28 174
28 176
28 177
28 179
29 33
29 34
29 38
29 43
29 44
29 45
29 46
29 48
29 49
29 50
29 53
29 55
29 56
29 59
29 62
29 63
29 64
29 65
29 67
29 68
29 69
29 70
29 75
29 76
29 77
29 78
29 79
29 81
29 86
29 91
29 92
29 94
29 95
29 96
29 97
29 100
29 101
29 103
29 104
29 111
29 112
29 114
29 115
29 116
29 118
29 119
29 121
29 122
29 123
29 124
29 125
29 128
29 130
29 132
29 133
29 136
29 137
29 140
29 142
29 145
29 147
29 148
29 150
29 151
29 152
29 158
29 159
29 160
29 161
29 164
29 166
29 167
29 168
29 170
29 171
29 173
29 178
29 179
30 31
30 33
30 34
30 35
30 37
30 38
30 40
30 41
30 43
30 44
30 47
30 50
30 51
30 52
30 54
30 55
30 58
30 62
30 63
30 64
30 65
30 66
30 67
30 70
30 71
30 72
30 73
30 74
30 75
30 77
30 78
30 82
30 83
30 84
30 86
30 88
30 91
30 95
30 98
30 99
30 100
30 102
30 103
30 105
30 106
30 107
30 108
30 110
30 111
30 112
30 114
30 118
30 119
30 124
30 125
30 128
30 129
30 133
30 134
30 136
30 138
30 140
30 142
30 143
30 144
30 145
30 146
30 148
30 149
30 150
30 152
30 153
30 156
30 160
30 162
30 163
30 164
30 166
30 167
30 168
30 170
30 171
30 174
30 175
30 176
30 179
31 32
31 33
31 34
31 37
31 39
31 43
31 46
31 49
31 50
31 52
31 53
31 57
31 58
31 59
31 61
31 62
31 63
31 64
31 66
31 71
31 74
31 75
31 76
31 77
31 80
31 82
31 83
31 84
31 86
31 88
31 89
31 90
31 91
31 92
31 94
31 96
31 97
31 98
31 99
31 101
31 102
31 104
31 105
31 106
31 108
31 109
31 111
31 112
31 114
31 115
31 116
31 117
31 118
31 121
31 122
31 123
31 127
31 128
31 129
31 130
31 132
31 134
31 135
31 137
31 139
31 140
31 141
31 145
31 147
31 150
31 151
31 152
31 153
31 154
31 155
31 157
31 158
31 160
31 163
31 164
31 172
31 174
31 176
31 177
31 179
32 34
32 35
32 36
32 37
32 38
32 42
32 43
32 47
32 52
32 54
32 55
32 56
32 59
32 60
32 61
32 62
32 65
32 67
32 70
32 72
32 73
32 74
32 76
32 77
32 78
32 83
32 84
32 86
32 88
32 90
32 91
32 92
32 93
32 96
32 98
32 100
32 101
32 102
32 103
32 106
32 107
32 109
32 110
32 114
32 115
32 117
32 118
32 120
32 121
32 123
32 124
32 128
32 129
32 130
32 132
32 133
32 135
32 137
32 140
32 147
32 148
32 151
32 152
32 153
32 154
32 155
32 156
32 157
32 159
32 160
32 161
32 164
32 167
32 168
32 169
32 171
32 172
32 173
32 178
33 35
33 36
33 37
33 38
33 39
33 42
33 43
33 44
33 45
33 46
33 48
33 50
33 51
33 53
33 65
33 66
33 67
33 68
33 69
33 70
33 71
33 72
33 73
33 77
33 78
33 79
33 83
33 86
33 87
33 88
33 90
33 91
33 93
33 96
33 97
33 98
33 102
33 104
33 105
33 106
33 107
33 108
33 111
33 112
33 113
33 115
33 118
33 120
33 121
33 123
33 124
33 125
33 128
33 129
33 130
33 132
33 133
33 135
33 136
33 138
33 143
33 144
33 149
33 152
33 153
33 154
33 156
33 158
33 160
33 162
33 163
33 164
33 166
33 171
33 172
33 173
33 174
34 35
34 37
34 38
34 41
34 42
34 43
34 46
34 48
34 51
34 52
34 53
34 54
34 57
34 58
34 60
34 61
34 62
34 63
34 64
34 66
34 67
34 69
34 70
34 71
34 72
34 73
34 75
34 76
34 77
34 78
34 79
34 81
34 85
34 89
34 90
34 93
34 94
34 95
34 96
34 99
34 101
34 102
34 106
34 107
34 111
34 112
34 113
34 115
34 119
34 127
34 128
34 129
34 130
34 131
34 132
34 135
34 137
34 140
34 142
34 144
34 145
34 147
34 150
34 151
34 154
34 156
34 160
34 162
34 163
34 166
34 167
34 169
34 170
34 171
34 175
34 176
34 177
34 179
35 37
35 40
35 41
35 42
35 43
35 44
35 45
35 46
35 47
35 48
35 53
35 54
35 55
35 56
35 57
35 58
35 60
35 61
35 62
35 67
35 68
35 69
35 71
35 72
35 74
35 75
35 76
35 78
35 81
35 83
35 85
35 88
35 90
35 91
35 93
35 94
35 99
35 100
35 102
35 103
35 105
35 106
35 111
35 112
35 114
35 115
35 116
35 117
35 119
35 120
35 123
35 124
35 125
35 126
35 132
35 133
35 135
35 136
35 137
35 138
35 139
35 145
35 148
35 149
35 155
35 156
35 157
35 159
35 160
35 165
35 166
35 167
35 168
35 169
35 170
35 171
35 174
35 175
35 176
35 177
35 178
35 179
36 38
36 39
36 41
36 42
36 43
36 47
36 48
36 49
36 50
36 51
36 52
36 54
36 59
36 61
36 63
36 65
36 66
36 68
36 69
36 70
36 71
36 73
36 75
36 78
36 79
36 80
36 82
36 84
36 85
36 86
36 87
36 91
36 93
36 95
36 96
36 98
36 102
36 103
36 105
36 106
36 109
36 111
36 112
36 113
36 114
36 116
36 117
36 120
36 121
36 122
36 123
36 127
36 128
36 129
36 132
36 136
36 137
36 138
36 141
36 149
36 150
36 151
36 154
36 155
36 158
36 161
36 162
36 164
36 165
36 168
36 169
36 170
36 173
36 175
36 176
36 177
36 178
37 39
37 41
37 42
37 43
37 44
37 45
37 46
37 49
37 51
37 52
37 56
37 57
37 58
37 61
37 62
37 63
37 64
37 68
37 69
37 75
37 77
37 80
37 86
37 89
37 90
37 94
37 98
37 101
37 103
37 105
37 106
37 108
37 109
37 110
37 111
37 112
37 113
37 116
37 117
37 118
37 120
37 121
37 123
37 126
37 128
37 129
37 132
37 133
37 136
37 137
37 138
37 141
37 143
37 144
37 145
37 147
37 149
37 152
37 153
37 160
37 161
37 162
37 164
37 165
37 168
37 169
37 170
37 171
37 174
37 175
37 176
37 178
37 179
38 41
38 43
38 45
38 46
38 48
38 50
38 51
38 54
38 56
38 57
38 58
38 59
38 61
38 64
38 67
38 69
38 70
38 71
38 72
38 75
38 78
38 79
38 80
38 83
38 86
38 87
38 89
38 92
38 94
38 98
38 100
38 101
38 103
38 106
38 107
38 108
38 109
38 110
38 111
38 112
38 113
38 121
38 122
38 125
38 126
38 128
38 129
38 130
38 133
38 138
38 139
38 140
38 142
38 143
38 144
38 145
38 146
38 147
38 148
38 149
38 150
38 154
38 155
38 156
38 161
38 162
38 163
38 165
38 167
38 169
38 170
38 171
38 174
38 175
38 176
38 177
38 179
39 40
39 41
39 42
39 43
39 44
39 45
39 46
39 47
39 48
39 52
39 53
39 54
39 57
39 58
39 59
39 60
39 63
39 64
39 65
39 68
39 69
39 70
39 72
39 79
39 80
39 82
39 83
39 85
39 86
39 87
39 90
39 93
39 94
39 97
39 100
39 101
39 102
39 103
39 108
39 109
39 112
39 113
39 115
39 117
39 118
39 125
39 126
39 127
39 130
39 131
39 135
39 137
39 139
39 141
39 142
39 144
39 146
39 147
39 148
39 151
39 152
39 154
39 156
39 159
39 160
39 163
39 164
39 165
39 166
39 167
39 169
39 171
39 174
39 175
39 179
40 41
40 42
40 44
40 45
40 46
40 48
40 49
40 50
40 55
40 56
40 57
40 59
40 61
40 62
40 64
40 65
40 67
40 69
40 70
40 71
40 76
40 78
40 80
40 81
40 82
40 84
40 85
40 86
40 90
40 91
40 92
40 93
40 94
40 97
40 98
40 100
40 101
40 103
40 104
40 105
40 108
40 109
40 110
40 112
40 113
40 115
40 116
40 119
40 120
40 121
40 123
40 124
40 125
40 126
40 127
40 128
40 129
40 131
40 135
40 142
40 144
40 145
40 146
40 147
40 148
40 149
40 151
40 152
40 157
40 159
40 160
40 161
40 166
40 170
40 172
40 173
40 175
40 176
40 178
40 179
41 43
41 46
41 47
41 50
41 52
41 54
41 55
41 57
41 58
41 60
41 62
41 64
41 65
41 67
41 68
41 70
41 71
41 72
41 74
41 75
41 77
41 81
41 82
41 86
41 88
41 91
41 92
41 93
41 94
41 95
41 96
41 100
41 101
41 103
41 105
41 107
41 108
41 109
41 111
41 112
41 113
41 114
41 116
41 118
41 119
41 123
41 125
41 127
41 130
41 131
41 132
41 133
41 134
41 136
41 137
41 138
41 139
41 140
41 142
41 146
41 148
41 150
41 154
41 158
41 159
41 160
41 163
41 164
41 165
41 167
41 170
41 171
41 173
41 175
41 177
41 178
41 179
42 43
42 46
42 47
42 49
42 50
42 51
42 53
42 56
42 57
42 58
42 60
42 61
42 63
42 66
42 67
42 68
42 70
42 71
42 73
42 74
42 77
42 78
42 80
42 82
42 84
42 85
42 86
42 87
42 88
42 91
42 92
42 93
42 96
42 99
42 100
42 101
42 103
42 104
42 106
42 108
42 111
42 112
42 113
42 115
42 116
42 117
42 120
42 121
42 122
42 123
42 126
42 127
42 130
42 131
42 135
42 138
42 141
42 142
42 144
42 145
42 146
42 148
42 151
42 152
42 153
42 160
42 161
42 165
42 166
42 171
42 177
43 46
43 47
43 48
43 49
43 50
43 53
43 56
43 60
43 61
43 62
43 63
43 64
43 67
43 68
43 71
43 72
43 73
43 74
43 75
43 76
43 77
43 79
43 85
43 89
43 90
43 92
43 93
43 98
43 99
43 102
43 103
43 104
43 107
43 108
43 111
43 113
43 115
43 116
43 121
43 122
43 123
43 126
43 131
43 132
43 134
43 136
43 137
43 138
43 139
43 141
43 143
43 144
43 147
43 149
43 155
43 157
43 158
43 159
43 160
43 163
43 166
43 168
43 169
43 173
43 175
43 176
43 178
43 179
44 45
44 49
44 51
44 52
44 53
44 57
44 58
44 59
44 60
44 61
44 63
44 64
44 66
44 67
44 69
44 71
44 72
44 73
44 80
44 83
44 84
44 86
44 88
44 93
44 94
44 100
44 103
44 108
44 111
44 113
44 116
44 118
44 120
44 121
44 122
44 123
44 127
44 129
44 130
44 131
44 132
44 135
44 136
44 139
44 140
44 141
44 142
44 144
44 147
44 148
44 149
44 151
44 152
44 153
44 156
44 157
44 158
44 159
44 162
44 165
44 169
44 171
44 174
44 175
44 177
44 179
45 47
45 48
45 49
45 50
45 51
45 53
45 54
45 56
45 57
45 61
45 62
45 63
45 66
45 67
45 69
45 71
45 73
45 75
45 76
45 79
45 80
45 81
45 84
45 85
45 86
45 88
45 90
45 91
45 93
45 94
45 96
45 97
45 98
45 99
45 100
45 102
45 103
45 105
45 106
45 109
45 111
45 113
45 114
45 116
45 118
45 121
45 130
45 131
45 134
45 135
45 136
45 139
45 140
45 143
45 145
45 147
45 149
45 153
45 157
45 158
45 159
45 161
45 162
45 165
45 166
45 167
45 169
45 173
45 174
45 176
45 178
45 179
46 47
46 48
46 49
46 50
46 52
46 54
46 56
46 58
46 59
46 60
46 62
46 63
46 66
46 68
46 72
46 73
46 75
46 76
46 77
46 78
46 80
46 82
46 83
46 85
46 88
46 89
46 91
46 92
46 93
46 96
46 97
46 98
46 101
46 103
46 105
46 106
46 107
46 108
46 109
46 110
46 113
46 115
46 118
46 120
46 121
46 122
46 123
46 124
46 127
46 128
46 130
46 131
46 132
46 133
46 135
46 136
46 137
46 140
46 143
46 145
46 148
46 149
46 151
46 152
46 153
46 158
46 159
46 160
46 162
46 164
46 171
46 173
46 174
46 176
47 48
47 51
47 54
47 55
47 56
47 57
47 61
47 65
47 66
47 69
47 71
47 74
47 76
47 78
47 79
47 84
47 86
47 87
47 88
47 89
47 93
47 97
47 99
47 100
47 102
47 105
47 107
47 108
47 109
47 112
47 113
47 115
47 121
47 123
47 125
47 128
47 129
47 130
47 131
47 132
47 133
47 134
47 136
47 137
47 138
47 139
47 140
47 143
47 144
47 145
47 147
47 149
47 153
47 154
47 155
47 156
47 158
47 159
47 160
47 161
47 162
47 169
47 171
47 173
47 174
47 175
47 177
47 179
48 49
48 50
48 51
48 52
48 54
48 55
48 56
48 58
48 59
48 60
48 63
48 65
48 66
48 69
48 72
48 74
48 77
48 79
48 80
48 81
48 82
48 83
48 84
48 86
48 89
48 90
48 95
48 98
48 99
48 100
48 103
48 105
48 106
48 108
48 109
48 110
48 112
48 114
48 117
48 119
48 121
48 125
48 126
48 128
48 130
48 134
48 139
48 141
48 143
48 144
48 146
48 147
48 150
48 151
48 152
48 155
48 156
48 159
48 160
48 166
48 167
48 170
48 171
48 172
48 173
48 176
48 178
48 179
49 50
49 51
49 54
49 56
49 60
49 61
49 62
49 63
49 64
49 65
49 66
49 67
49 69
49 70
49 71
49 72
49 73
49 77
49 81
49 83
49 86
49 88
49 89
49 91
49 92
49 93
49 94
49 96
49 97
49 98
49 99
49 100
49 103
49 104
49 106
49 109
49 110
49 113
49 115
49 118
49 121
49 122
49 125
49 128
49 132
49 133
49 134
49 137
49 140
49 141
49 142
49 144
49 146
49 147
49 148
49 150
49 152
49 154
49 157
49 159
49 160
49 161
49 162
49 163
49 164
49 165
49 167
49 170
49 171
49 172
49 173
49 174
49 175
49 177
49 179
50 53
50 57
50 59
50 61
50 63
50 66
50 67
50 68
50 69
50 70
50 74
50 77
50 79
50 84
50 85
50 86
50 88
50 90
50 92
50 95
50 97
50 99
50 100
50 101
50 105
50 106
50 108
50 109
50 110
50 111
50 114
50 118
50 119
50 120
50 121
50 122
50 125
50 126
50 130
50 132
50 133
50 136
50 137
50 140
50 141
50 143
50 144
50 146
50 148
50 149
50 150
50 151
50 152
50 153
50 156
50 157
50 160
50 162
50 163
50 165
50 166
50 167
50 169
50 170
50 171
50 176
50 178
51 52
51 54
51 56
51 58
51 59
51 60
51 62
51 64
51 65
51 66
51 72
51 73
51 75
51 76
51 77
51 79
51 80
51 81
51 82
51 83
51 84
51 85
51 88
51 89
51 90
51 91
51 93
51 95
51 96
51 101
51 103
51 108
51 110
51 111
51 113
51 114
51 116
51 117
51 118
51 119
51 121
51 125
51 126
51 128
51 129
51 134
51 136
51 137
51 140
51 141
51 142
51 143
51 145
51 146
51 147
51 148
51 149
51 150
51 159
51 161
51 169
51 171
51 172
51 173
51 177
51 178
51 179
52 53
52 54
52 55
52 58
52 59
52 60
52 62
52 66
52 67
52 69
52 74
52 75
52 76
52 77
52 78
52 79
52 80
52 83
52 85
52 86
52 88
52 89
52 91
52 92
52 93
52 95
52 97
52 99
52 100
52 102
52 103
52 105
52 106
52 107
52 108
52 109
52 113
52 115
52 118
52 120
52 121
52 122
52 124
52 126
52 129
52 130
52 132
52 133
52 138
52 139
52 142
52 143
52 145
52 147
52 148
52 149
52 150
52 152
52 156
52 160
52 161
52 165
52 166
52 167
52 168
52 169
52 170
52 171
52 174
52 177
52 179
53 57
53 58
53 59
53 60
53 62
53 63
53 64
53 66
53 68
53 69
53 70
53 72
53 75
53 76
53 77
53 78
53 79
53 82
53 84
53 87
53 89
53 90
53 92
53 93
53 95
53 96
53 97
53 99
53 100
53 101
53 103
53 105
53 106
53 107
53 108
53 109
53 111
53 116
53 119
53 123
53 125
53 126
53 127
53 128
53 129
53 130
53 132
53 133
53 134
53 135
53 138
53 140
53 141
53 143
53 147
53 148
53 153
53 154
53 156
53 158
53 160
53 161
53 162
53 164
53 166
53 169
53 172
53 177
53 179
54 55
54 56
54 58
54 59
54 60
54 62
54 64
54 65
54 66
54 68
54 69
54 71
54 76
54 77
54 78
54 80
54 82
54 83
54 85
54 87
54 89
54 90
54 91
54 93
54 96
54 101
54 102
54 104
54 105
54 109
54 111
54 113
54 114
54 116
54 117
54 118
54 119
54 121
54 127
54 131
54 136
54 138
54 140
54 145
54 149
54 150
54 152
54 154
54 158
54 161
54 166
54 167
54 169
54 171
54 172
54 174
54 175
54 176
55 57
55 58
55 60
55 61
55 62
55 65
55 66
55 68
55 69
55 71
55 72
55 74
55 76
55 77
55 78
55 79
55 80
55 82
55 84
55 87
55 88
55 89
55 90
55 91
55 94
55 95
55 96
55 97
55 99
55 102
55 103
55 106
55 107
55 108
55 110
55 111
55 116
55 117
55 119
55 120
55 121
55 130
55 132
55 133
55 134
55 135
55 136
55 144
55 148
55 151
55 154
55 156
55 157
55 160
55 162
55 163
55 165
55 168
55 171
55 172
55 173
55 174
55 175
55 177
55 179
56 58
56 59
56 60
56 61
56 68
56 69
56 71
56 72
56 73
56 74
56 76
56 77
56 78
56 79
56 81
56 82
56 87
56 89
56 91
56 94
56 96
56 97
56 98
56 100
56 102
56 103
56 104
56 105
56 106
56 108
56 110
56 112
56 113
56 114
56 116
56 122
56 124
56 126
56 127
56 128
56 129
56 130
56 131
56 132
56 136
56 138
56 139
56 140
56 142
56 145
56 149
56 150
56 151
56 152
56 154
56 156
56 157
56 158
56 164
56 170
56 173
56 177
56 178
56 179
57 58
57 62
57 64
57 66
57 68
57 69
57 70
57 72
57 73
57 76
57 79
57 80
57 81
57 83
57 84
57 86
57 87
57 90
57 92
57 94
57 96
57 97
57 99
57 100
57 102
57 105
57 106
57 108
57 109
57 110
57 114
57 115
57 117
57 119
57 120
57 121
57 122
57 123
57 124
57 125
57 127
57 129
57 130
57 132
57 134
57 136
57 138
57 143
57 148
57 155
57 157
57 158
57 159
57 160
57 161
57 162
57 164
57 166
57 168
57 169
57 170
57 171
57 172
57 173
57 175
57 177
57 178
57 179
58 61
58 62
58 63
58 64
58 65
58 68
58 69
58 70
58 71
58 73
58 74
58 75
58 77
58 79
58 81
58 82
58 83
58 84
58 85
58 86
58 88
58 89
58 90
58 92
58 93
58 94
58 97
58 98
58 102
58 103
58 104
58 105
58 107
58 109
58 113
58 115
58 118
58 122
58 123
58 124
58 125
58 126
58 129
58 134
58 136
58 138
58 149
58 150
58 151
58 153
58 156
58 157
58 158
58 162
58 165
58 167
58 170
58 172
58 173
58 174
58 175
58 176
58 177
59 60
59 61
59 64
59 71
59 72
59 73
59 75
59 77
59 78
59 79
59 80
59 81
59 82
59 83
59 86
59 88
59 89
59 90
59 92
59 93
59 95
59 96
59 98
59 101
59 103
59 106
59 108
59 113
59 116
59 118
59 120
59 122
59 123
59 129
59 130
59 131
59 133
59 134
59 137
59 138
59 139
59 140
59 141
59 142
59 144
59 146
59 148
59 149
59 150
59 152
59 153
59 155
59 156
59 157
59 158
59 163
59 165
59 166
59 167
59 170
59 172
59 176
59 178
59 179
60 61
60 64
60 65
60 67
60 70
60 71
60 72
60 73
60 74
60 76
60 77
60 78
60 79
60 81
60 82
60 86
60 87
60 88
60 89
60 90
60 91
60 93
60 98
60 101
60 105
60 106
60 107
60 108
60 109
60 111
60 112
60 115
60 117
60 118
60 119
60 120
60 122
60 124
60 127
60 130
60 131
60 133
60 134
60 135
60 138
60 141
60 142
60 145
60 147
60 148
60 149
60 150
60 151
60 155
60 159
60 160
60 162
60 163
60 165
60 171
60 172
60 173
60 174
60 175
61 62
61 63
61 64
61 66
61 69
61 76
61 77
61 78
61 83
61 84
61 85
61 86
61 91
61 92
61 93
61 94
61 96
61 98
61 100
61 102
61 103
61 106
61 107
61 108
61 109
61 110
61 112
61 113
61 115
61 117
61 118
61 119
61 120
61 121
61 125
61 128
61 131
61 134
61 137
61 138
61 139
61 140
61 142
61 143
61 145
61 146
61 148
61 149
61 150
61 151
61 157
61 158
61 160
61 163
61 164
61 166
61 169
61 172
61 177
61 178
61 179
62 63
62 64
62 65
62 66
62 67
62 68
62 72
62 75
62 76
62 78
62 79
62 82
62 84
62 85
62 86
62 87
62 90
62 91
62 92
62 93
62 96
62 97
62 99
62 100
62 105
62 106
62 108
62 110
62 112
62 117
62 122
62 123
62 125
62 127
62 131
62 132
62 133
62 135
62 137
62 140
62 141
62 142
62 143
62 146
62 147
62 149
62 152
62 153
62 157
62 158
62 159
62 161
62 164
62 170
62 171
62 172
62 173
62 178
63 66
63 69
63 70
63 75
63 76
63 80
63 85
63 87
63 88
63 90
63 91
63 93
63 96
63 99
63 101
63 104
63 105
63 106
63 109
63 113
63 114
63 116
63 117
63 118
63 119
63 121
63 123
63 124
63 125
63 126
63 127
63 130
63 132
63 133
63 138
63 140
63 141
63 143
63 145
63 146
63 149
63 150
63 151
63 153
63 156
63 157
63 161
63 164
63 167
63 170
63 175
63 177
63 178
64 66
64 68
64 70
64 71
64 72
64 73
64 74
64 76
64 77
64 78
64 79
64 80
64 81
64 82
64 83
64 85
64 86
64 88
64 89
64 90
64 91
64 96
64 97
64 98
64 99
64 101
64 102
64 105
64 107
64 109
64 113
64 115
64 118
64 120
64 122
64 123
64 127
64 128
64 129
64 134
64 135
64 136
64 137
64 140
64 141
64 144
64 147
64 150
64 155
64 164
64 170
64 171
64 172
64 174
64 175
64 178
65 70
65 71
65 73
65 74
65 75
65 78
65 80
65 81
65 84
65 89
65 90
65 92
65 98
65 105
65 108
65 111
65 112
65 115
65 117
65 120
65 123
65 125
65 130
65 132
65 133
65 134
65 135
65 136
65 138
65 139
65 141
65 142
65 144
65 146
65 147
65 148
65 154
65 156
65 157
65 159
65 160
65 161
65 163
65 166
65 168
65 170
65 171
65 176
65 177
65 178
66 69
66 71
66 72
66 73
66 74
66 75
66 76
66 77
66 80
66 81
66 86
66 87
66 88
66 89
66 90
66 92
66 93
66 97
66 99
66 100
66 101
66 102
66 104
66 106
66 107
66 109
66 110
66 113
66 114
66 116
66 117
66 118
66 119
66 120
66 122
66 123
66 126
66 129
66 131
66 132
66 134
66 135
66 136
66 137
66 139
66 141
66 145
66 148
66 150
66 151
66 152
66 155
66 156
66 159
66 160
66 162
66 163
66 166
66 167
66 169
66 174
66 178
67 68
67 69
67 70
67 72
67 73
67 74
67 75
67 76
67 78
67 80
67 81
67 83
67 85
67 88
67 89
67 92
67 95
67 96
67 97
67 98
67 102
67 104
67 105
67 106
67 107
67 109
67 110
67 111
67 112
67 114
67 115
67 117
67 122
67 127
67 129
67 131
67 134
67 138
67 139
67 140
67 142
67 144
67 149
67 154
67 155
67 156
67 158
67 159
67 163
67 164
67 165
67 166
67 169
67 170
67 172
67 178
67 179
68 72
68 73
68 74
68 76
68 77
68 78
68 79
68 80
68 81
68 85
68 89
68 91
68 92
68 93
68 94
68 95
68 96
68 97
68 99
68 100
68 102
68 103
68 104
68 105
68 108
68 110
68 112
68 115
68 117
68 125
68 126
68 128
68 129
68 131
68 132
68 133
68 136
68 137
68 139
68 142
68 144
68 146
68 153
68 155
68 156
68 157
68 161
68 162
68 164
68 166
68 168
68 172
68 173
68 175
68 176
68 177
69 73
69 74
69 76
69 85
69 86
69 89
69 93
69 98
69 102
69 105
69 106
69 107
69 108
69 110
69 112
69 113
69 116
69 117
69 118
69 120
69 121
69 124
69 126
69 132
69 134
69 137
69 138
69 140
69 141
69 144
69 145
69 146
69 152
69 153
69 156
69 160
69 162
69 163
69 164
69 167
69 169
69 170
69 173
69 174
70 72
70 73
70 79
70 82
70 84
70 85
70 86
70 87
70 88
70 89
70 92
70 94
70 95
70 101
70 102
70 103
70 104
70 105
70 107
70 108
70 111
70 114
70 115
70 116
70 119
70 120
70 122
70 123
70 125
70 126
70 129
70 131
70 132
70 133
70 134
70 135
70 136
70 139
70 141
70 143
70 147
70 148
70 149
70 150
70 151
70 153
70 155
70 159
70 162
70 163
70 164
70 165
70 167
70 168
70 169
70 174
70 175
70 177
71 72
71 73
71 74
71 77
71 79
71 80
71 81
71 82
71 84
71 87
71 89
71 92
71 93
71 95
71 96
71 98
71 100
71 104
71 106
71 107
71 110
71 114
71 116
71 117
71 123
71 125
71 126
71 127
71 130
71 133
71 136
71 139
71 141
71 144
71 145
71 150
71 155
71 156
71 157
71 159
71 161
71 162
71 167
71 168
71 170
71 171
71 174
71 175
71 176
71 178
71 179
72 75
72 78
72 80
72 82
72 84
72 85
72 86
72 87
72 88
72 90
72 91
72 92
72 93
72 95
72 98
72 99
72 100
72 101
72 105
72 106
72 108
72 110
72 111
72 114
72 116
72 117
72 118
72 119
72 120
72 124
72 125
72 126
72 127
72 128
72 131
72 133
72 134
72 138
72 142
72 143
72 146
72 147
72 148
72 151
72 153
72 154
72 157
72 158
72 163
72 165
72 168
72 174
73 76
73 77
73 78
73 80
73 82
73 87
73 89
73 92
73 93
73 94
73 97
73 100
73 102
73 104
73 107
73 109
73 110
73 113
73 118
73 122
73 123
73 124
73 128
73 129
73 130
73 131
73 132
73 134
73 135
73 137
73 141
73 143
73 146
73 151
73 152
73 158
73 159
73 161
73 162
73 163
73 164
73 167
73 168
73 170
73 172
73 174
73 176
73 177
73 178
74 75
74 76
74 77
74 78
74 80
74 81
74 82
74 84
74 85
74 86
74 88
74 89
74 90
74 92
74 93
74 94
74 100
74 101
74 102
74 104
74 105
74 107
74 108
74 110
74 115
74 119
74 120
74 124
74 126
74 127
74 130
74 131
74 136
74 137
74 139
74 140
74 141
74 143
74 146
74 147
74 150
74 151
74 153
74 157
74 159
74 161
74 163
74 165
74 167
74 170
74 173
74 176
74 177
74 179
75 77
75 78
75 79
75 84
75 86
75 88
75 89
75 90
75 92
75 94
75 95
75 97
75 99
75 101
75 102
75 103
75 107
75 108
75 111
75 113
75 114
75 115
75 118
75 119
75 120
75 121
75 123
75 124
75 125
75 127
75 128
75 131
75 137
75 140
75 142
75 144
75 145
75 148
75 149
75 154
75 156
75 157
75 162
75 163
75 166
75 168
75 170
75 172
75 173
75 174
75 175
75 176
75 179
76 77
76 82
76 83
76 84
76 85
76 86
76 87
76 88
76 90
76 92
76 93
76 95
76 96
76 97
76 98
76 99
76 103
76 109
76 110
76 112
76 113
76 117
76 120
76 122
76 127
76 130
76 131
76 133
76 134
76 137
76 139
76 143
76 147
76 148
76 149
76 151
76 152
76 153
76 154
76 155
76 156
76 157
76 159
76 161
76 173
76 176
76 179
77 79
77 81
77 82
77 84
77 86
77 87
77 91
77 92
77 95
77 102
77 105
77 107
77 109
77 110
77 112
77 114
77 115
77 117
77 118
77 119
77 120
77 124
77 127
77 128
77 129
77 131
77 136
77 138
77 140
77 143
77 145
77 152
77 158
77 162
77 170
77 171
77 173
77 178
77 179
78 84
78 85
78 88
78 89
78 90
78 94
78 96
78 97
78 98
78 99
78 100
78 101
78 102
78 103
78 104
78 105
78 106
78 111
78 113
78 116
78 118
78 128
78 132
78 133
78 135
78 136
78 138
78 140
78 142
78 143
78 145
78 147
78 149
78 151
78 154
78 155
78 158
78 159
78 161
78 165
78 166
78 170
78 172
78 173
78 176
78 179
79 82
79 84
79 87
79 88
79 89
79 90
79 91
79 92
79 94
79 95
79 98
79 99
79 102
79 104
79 107
79 109
79 111
79 116
79 117
79 121
79 122
79 123
79 124
79 128
79 131
79 132
79 135
79 136
79 137
79 139
79 145
79 146
79 148
79 150
79 151
79 152
79 153
79 156
79 157
79 158
79 163
79 165
79 169
79 172
79 174
79 175
79 177
80 81
80 82
80 86
80 91
80 92
80 93
80 95
80 100
80 103
80 105
80 107
80 110
80 112
80 113
80 114
80 116
80 118
80 119
80 120
80 121
80 124
80 125
80 127
80 128
80 129
80 130
80 131
80 132
80 135
80 136
80 138
80 140
80 142
80 143
80 144
80 147
80 151
80 153
80 156
80 158
80 159
80 163
80 167
80 168
80 169
80 170
80 175
80 177
81 84
81 88
81 89
81 90
81 93
81 96
81 97
81 98
81 99
81 100
81 101
81 105
81 108
81 109
81 112
81 114
81 122
81 124
81 125
81 135
81 136
81 137
81 138
81 140
81 143
81 146
81 147
81 150
81 153
81 156
81 163
81 168
81 170
81 171
81 178
81 179
82 84
82 86
82 94
82 95
82 97
82 98
82 99
82 102
82 104
82 107
82 108
82 110
82 112
82 118
82 120
82 122
82 125
82 127
82 128
82 129
82 131
82 134
82 135
82 137
82 139
82 140
82 142
82 146
82 147
82 153
82 155
82 159
82 161
82 162
82 163
82 164
82 165
82 166
82 176
82 178
83 85
83 87
83 89
83 92
83 93
83 96
83 97
83 99
83 101
83 102
83 103
83 105
83 107
83 108
83 109
83 111
83 115
83 117
83 121
83 122
83 124
83 125
83 127
83 131
83 134
83 136
83 139
83 140
83 141
83 142
83 144
83 146
83 149
83 150
83 151
83 154
83 157
83 158
83 166
83 167
83 168
83 169
83 170
83 172
83 175
83 176
83 177
84 85
84 86
84 87
84 88
84 90
84 91
84 93
84 98
84 99
84 100
84 103
84 104
84 106
84 107
84 109
84 111
84 114
84 115
84 116
84 120
84 122
84 123
84 125
84 127
84 129
84 131
84 132
84 133
84 135
84 137
84 138
84 139
84 141
84 145
84 148
84 149
84 152
84 153
84 154
84 158
84 159
84 160
84 165
84 169
84 170
84 172
84 173
84 174
84 175
85 88
85 92
85 95
85 96
85 98
85 100
85 101
85 103
85 108
85 110
85 111
85 115
85 117
85 118
85 120
85 121
85 124
85 125
85 126
85 128
85 131
85 133
85 134
85 136
85 137
85 138
85 140
85 141
85 142
85 143
85 145
85 146
85 150
85 151
85 154
85 155
85 156
85 158
85 159
85 162
85 168
85 171
85 174
85 178
86 88
86 89
86 90
86 92
86 94
86 96
86 97
86 98
86 99
86 100
86 103
86 104
86 105
86 110
86 111
86 112
86 113
86 114
86 115
86 118
86 121
86 122
86 124
86 125
86 126
86 127
86 132
86 134
86 135
86 142
86 143
86 144
86 145
86 146
86 149
86 150
86 152
86 153
86 154
86 155
86 162
86 163
86 166
86 167
86 170
86 176
86 177
86 179
87 89
87 90
87 91
87 94
87 95
87 97
87 98
87 99
87 101
87 102
87 104
87 106
87 108
87 112
87 114
87 115
87 117
87 118
87 124
87 126
87 127
87 128
87 131
87 132
87 133
87 135
87 136
87 141
87 142
87 146
87 147
87 148
87 151
87 153
87 155
87 157
87 158
87 159
87 164
87 166
87 167
87 168
87 173
87 174
87 176
87 177
87 178
88 91
88 94
88 97
88 99
88 101
88 102
88 103
88 105
88 107
88 109
88 110
88 111
88 113
88 114
88 115
88 116
88 118
88 122
88 124
88 129
88 130
88 135
88 136
88 139
88 141
88 144
88 145
88 146
88 147
88 148
88 149
88 152
88 155
88 162
88 164
88 166
88 167
88 168
88 169
88 172
88 173
88 174
88 178
89 90
89 91
89 94
89 95
89 97
89 98
89 101
89 104
89 107
89 108
89 110
89 112
89 113
89 114
89 116
89 119
89 121
89 122
89 124
89 127
89 132
89 134
89 135
89 137
89 138
89 141
89 143
89 144
89 145
89 150
89 153
89 154
89 156
89 158
89 159
89 161
89 162
89 163
89 164
89 166
89 167
89 172
89 174
89 177
90 91
90 92
90 94
90 95
90 96
90 99
90 100
90 104
90 105
90 107
90 110
90 111
90 117
90 119
90 121
90 124
90 127
90 128
90 131
90 132
90 134
90 140
90 142
90 144
90 145
90 146
90 151
90 153
90 155
90 156
90 157
90 159
90 162
90 165
90 169
90 170
90 171
90 173
90 174
90 178
90 179
91 92
91 93
91 94
91 95
91 96
91 99
91 101
91 103
91 104
91 105
91 106
91 108
91 109
91 111
91 115
91 116
91 119
91 127
91 129
91 136
91 137
91 139
91 141
91 143
91 144
91 147
91 150
91 157
91 160
91 163
91 167
91 169
91 175
91 177
91 178
91 179
92 94
92 95
92 96
92 97
92 98
92 101
92 104
92 105
92 107
92 109
92 111
92 112
92 115
92 116
92 125
92 126
92 130
92 132
92 135
92 136
92 139
92 141
92 149
92 150
92 151
92 152
92 156
92 159
92 161
92 165
92 166
92 167
92 171
92 176
92 179
93 95
93 96
93 97
93 102
93 104
93 108
93 116
93 119
93 120
93 121
93 123
93 130
93 131
93 132
93 133
93 134
93 140
93 142
93 144
93 148
93 150
93 152
93 153
93 156
93 157
93 158
93 160
93 164
93 165
93 167
93 168
93 177
93 179
94 99
94 100
94 103
94 106
94 108
94 109
94 110
94 113
94 114
94 117
94 118
94 119
94 122
94 125
94 127
94 135
94 139
94 140
94 141
94 144
94 145
94 146
94 147
94 148
94 150
94 151
94 152
94 153
94 156
94 159
94 160
94 163
94 164
94 166
94 170
94 171
94 173
94 174
94 176
94 179
95 96
95 97
95 99
95 100
95 102
95 103
95 104
95 105
95 107
95 108
95 110
95 111
95 116
95 118
95 119
95 120
95 122
95 125
95 126
95 127
95 130
95 132
95 135
95 136
95 138
95 140
95 142
95 144
95 145
95 146
95 150
95 151
95 153
95 158
95 161
95 162
95 167
95 168
95 169
95 170
95 172
95 173
95 175
95 176
95 177
96 98
96 99
96 103
96 104
96 108
96 110
96 111
96 112
96 115
96 117
96 119
96 123
96 124
96 128
96 130
96 131
96 132
96 133
96 136
96 137
96 146
96 148
96 154
96 155
96 156
96 158
96 160
96 162
96 163
96 165
96 166
96 168
96 176
96 177
96 179
97 98
97 99
97 101
97 102
97 105
97 107
97 109
97 110
97 115
97 116
97 117
97 119
97 120
97 121
97 122
97 126
97 133
97 137
97 138
97 141
97 143
97 147
97 149
97 150
97 151
97 153
97 155
97 157
97 161
97 163
97 164
97 167
97 168
97 171
97 174
97 179
98 99
98 101
98 102
98 104
98 105
98 106
98 107
98 110
98 111
98 112
98 113
98 116
98 117
98 118
98 121
98 125
98 127
98 129
98 130
98 131
98 133
98 140
98 146
98 148
98 150
98 151
98 153
98 154
98 155
98 161
98 162
98 166
98 168
98 171
98 175
98 176
98 177
98 179
99 101
99 103
99 104
99 106
99 107
99 110
99 112
99 113
99 116
99 119
99 121
99 122
99 124
99 125
99 126
99 132
99 133
99 137
99 138
99 139
99 142
99 143
99 145
99 146
99 151
99 157
99 158
99 159
99 160
99 161
99 162
99 164
99 167
99 169
99 171
100 101
100 103
100 105
100 106
100 109
100 113
100 115
100 116
100 118
100 121
100 123
100 125
100 126
100 127
100 129
100 130
100 132
100 134
100 136
100 139
100 140
100 142
100 152
100 156
100 159
100 160
100 164
100 168
100 169
100 170
100 174
100 176
100 177
100 179
101 103
101 107
101 108
101 110
101 114
101 116
101 117
101 118
101 119
101 120
101 121
101 125
101 126
101 132
101 136
101 137
101 138
101 141
101 144
101 146
101 150
101 151
101 153
101 154
101 155
101 161
101 164
101 165
101 168
101 172
101 173
101 177
101 178
101 179
102 107
102 109
102 110
102 111
102 116
102 117
102 118
102 123
102 124
102 127
102 130
102 131
102 132
102 133
102 134
102 135
102 138
102 139
102 142
102 144
102 146
102 149
102 152
102 155
102 160
102 166
102 167
102 168
102 169
102 172
102 173
102 175
102 178
103 104
103 109
103 110
103 112
103 113
103 115
103 117
103 120
103 123
103 124
103 128
103 129
103 130
103 132
103 137
103 138
103 139
103 140
103 143
103 151
103 153
103 157
103 159
103 162
103 163
103 164
103 166
103 167
103 169
103 171
103 173
104 106
104 108
104 112
104 114
104 115
104 116
104 123
104 127
104 128
104 130
104 131
104 132
104 133
104 136
104 138
104 139
104 140
104 145
104 146
104 149
104 150
104 152
104 154
104 155
104 157
104 158
104 161
104 162
104 167
104 168
104 172
104 176
104 177
105 107
105 109
105 110
105 111
105 112
105 114
105 117
105 118
105 119
105 122
105 123
105 125
105 128
105 129
105 139
105 140
105 142
105 143
105 144
105 146
105 147
105 157
105 158
105 159
105 160
105 164
105 168
105 174
105 176
106 109
106 111
106 112
106 113
106 114
106 115
106 117
106 119
106 120
106 123
106 127
106 128
106 130
106 133
106 135
106 136
106 137
106 140
106 142
106 143
106 144
106 148
106 152
106 154
106 155
106 159
106 161
106 162
106 163
106 164
106 166
106 167
106 169
106 171
106 174
106 176
107 111
107 112
107 113
107 114
107 124
107 127
107 128
107 132
107 133
107 137
107 138
107 139
107 141
107 143
107 144
107 148
107 149
107 150
107 154
107 160
107 161
107 163
107 165
107 173
107 178
108 111
108 112
108 114
108 115
108 117
108 118
108 120
108 122
108 123
108 124
108 125
108 129
108 133
108 134
108 135
108 136
108 137
108 143
108 145
108 151
108 152
108 153
108 154
108 155
108 156
108 162
108 163
108 164
108 166
108 171
108 175
109 111
109 112
109 114
109 115
109 116
109 118
109 120
109 125
109 127
109 128
109 130
109 132
109 134
109 136
109 142
109 144
109 147
109 150
109 151
109 152
109 153
109 158
109 160
109 162
109 163
109 165
109 169
109 171
110 114
110 116
110 117
110 118
110 120
110 123
110 126
110 133
110 138
110 140
110 142
110 143
110 144
110 160
110 161
110 166
110 167
110 170
110 171
110 172
110 173
110 174
110 177
110 178
110 179
111 113
111 114
111 115
111 116
111 117
111 119
111 121
111 122
111 129
111 130
111 132
111 133
111 136
111 139
111 141
111 144
111 147
111 149
111 150
111 155
111 156
111 158
111 165
111 166
111 168
111 169
111 172
112 113
112 116
112 117
112 118
112 119
112 122
112 132
112 135
112 136
112 142
112 144
112 145
112 146
112 148
112 152
112 153
112 154
112 155
112 156
112 159
112 161
112 163
112 165
112 167
112 171
112 172
112 173
112 176
112 177
113 115
113 117
113 121
113 124
113 127
113 128
113 131
113 134
113 136
113 139
113 140
113 143
113 145
113 146
113 148
113 151
113 153
113 156
113 161
113 165
113 170
113 171
113 172
113 174
113 175
113 178
113 179
114 119
114 121
114 122
114 124
114 125
114 128
114 131
114 135
114 137
114 138
114 144
114 146
114 147
114 148
114 149
114 151
114 152
114 155
114 156
114 159
114 160
114 162
114 163
114 169
114 171
114 172
114 174
114 176
114 177
114 178
115 116
115 117
115 119
115 123
115 124
115 125
115 126
115 127
115 130
115 132
115 134
115 136
115 140
115 141
115 145
115 146
115 150
115 151
115 152
115 155
115 158
115 161
115 162
115 168
115 170
115 171
115 172
115 173
115 175
116 120
116 122
116 124
116 125
116 128
116 130
116 135
116 136
116 144
116 146
116 152
116 153
116 156
116 157
116 158
116 160
116 162
116 163
116 165
116 169
116 170
116 175
117 119
117 120
117 121
117 122
117 126
117 127
117 128
117 129
117 130
117 136
117 139
117 143
117 144
117 147
117 148
117 154
117 155
117 158
117 161
117 162
117 168
117 169
117 171
117 172
117 173
117 176
117 177
117 178
118 122
118 125
118 132
118 133
118 134
118 139
118 140
118 141
118 145
118 146
118 147
118 152
118 154
118 157
118 159
118 161
118 164
118 168
118 170
118 171
118 174
118 175
118 176
119 120
119 122
119 125
119 126
119 127
119 128
119 130
119 131
119 133
119 135
119 141
119 142
119 144
119 147
119 148
119 150
119 151
119 153
119 158
119 159
119 164
119 168
119 169
119 170
119 171
119 172
119 173
119 174
119 176
119 177
120 122
120 123
120 124
120 127
120 131
120 135
120 136
120 137
120 139
120 140
120 141
120 142
120 143
120 146
120 147
120 151
120 153
120 154
120 155
120 156
120 161
120 164
120 165
120 166
120 169
120 170
120 176
121 122
121 134
121 135
121 137
121 138
121 139
121 140
121 143
121 144
121 146
121 147
121 148
121 149
121 152
121 155
121 156
121 157
121 159
121 160
121 161
121 164
121 165
121 171
121 173
121 175
121 178
122 124
122 128
122 129
122 132
122 133
122 138
122 140
122 141
122 143
122 146
122 147
122 149
122 153
122 155
122 157
122 159
122 164
122 166
122 167
122 168
122 171
122 177
123 124
123 125
123 127
123 129
123 132
123 135
123 136
123 140
123 143
123 144
123 145
123 150
123 151
123 152
123 153
123 158
123 164
123 165
123 166
123 167
123 168
123 172
123 174
123 175
123 178
123 179
124 126
124 129
124 133
124 138
124 143
124 145
124 146
124 150
124 151
124 157
124 159
124 161
124 164
124 166
124 169
124 170
124 174
124 179
125 129
125 131
125 133
125 135
125 139
125 140
125 141
125 146
125 149
125 150
125 153
125 154
125 156
125 160
125 162
125 164
125 165
125 166
125 172
125 177
125 178
126 128
126 133
126 134
126 135
126 136
126 138
126 142
126 145
126 151
126 152
126 155
126 157
126 162
126 163
126 164
126 165
126 166
126 167
126 168
126 172
126 176
126 179
127 128
127 130
127 133
127 134
127 137
127 139
127 140
127 141
127 147
127 148
127 151
127 155
127 157
127 158
127 160
127 163
127 167
127 168
127 169
127 170
127 174
127 176
127 178
128 133
128 134
128 135
128 138
128 140
128 143
128 145
128 148
128 150
128 152
128 153
128 156
128 157
128 159
128 160
128 161
128 162
128 166
128 167
128 168
128 170
128 178
129 130
129 131
129 133
129 134
129 136
129 137
129 140
129 141
129 144
129 145
129 146
129 148
129 149
129 150
129 154
129 158
129 161
129 165
129 166
129 167
129 169
129 170
129 171
129 175
129 176
129 177
129 178
130 132
130 133
130 135
130 136
130 141
130 144
130 145
130 147
130 148
130 150
130 151
130 155
130 159
130 160
130 163
130 170
130 171
130 175
130 176
131 133
131 138
131 139
131 140
131 142
131 144
131 145
131 146
131 148
131 149
131 153
131 154
131 156
131 160
131 162
131 163
131 164
131 172
131 177
131 178
132 136
132 138
132 139
132 143
132 145
132 147
132 148
132 151
132 153
132 154
132 157
132 158
132 160
132 166
132 168
132 172
132 175
132 177
132 179
133 137
133 141
133 144
133 148
133 160
133 161
133 165
133 167
133 168
133 179
134 135
134 137
134 138
134 141
134 142
134 144
134 145
134 146
134 149
134 152
134 158
134 159
134 162
134 168
134 170
134 178
134 179
135 137
135 142
135 144
135 148
135 150
135 151
135 152
135 154
135 155
135 160
135 164
135 165
135 166
135 168
135 169
135 170
135 171
135 172
135 175
135 177
136 138
136 140
136 142
136 145
136 146
136 147
136 148
136 154
136 156
136 157
136 162
136 170
136 173
136 176
137 139
137 140
137 141
137 151
137 158
137 160
137 163
137 164
137 166
137 169
137 170
137 173
137 174
137 177
137 178
138 139
138 140
138 141
138 144
138 145
138 149
138 152
138 153
138 154
138 161
138 163
138 166
138 168
138 172
138 174
138 177
139 143
139 144
139 145
139 149
139 151
139 152
139 155
139 156
139 161
139 163
139 165
139 168
139 169
139 173
139 175
139 176
139 177
140 143
140 145
140 148
140 149
140 152
140 158
140 160
140 161
140 164
140 165
140 166
140 172
140 175
141 144
141 145
141 148
141 149
141 155
141 157
141 158
141 166
141 168
141 172
141 173
141 174
141 176
141 178
141 179
142 147
142 148
142 149
142 150
142 155
142 158
142 161
142 162
142 163
142 166
142 167
142 170
142 175
142 177
142 178
142 179
143 144
143 146
143 148
143 150
143 152
143 154
143 156
143 165
143 168
143 169
143 172
143 176
143 177
143 178
143 179
144 147
144 148
144 149
144 150
144 154
144 155
144 157
144 162
144 163
144 164
144 166
144 169
144 173
144 174
144 176
144 178
145 146
145 147
145 149
145 150
145 158
145 164
145 165
145 166
145 168
145 169
145 171
146 148
146 154
146 155
146 157
146 158
146 160
146 166
146 169
146 170
146 171
146 173
146 174
146 176
146 179
147 149
147 153
147 155
147 157
147 161
147 165
147 168
147 171
147 172
147 174
148 149
148 151
148 152
148 154
148 159
148 160
148 163
148 165
148 167
148 168
148 169
148 173
148 175
149 151
149 152
149 154
149 155
149 156
149 158
149 160
149 162
149 164
149 167
149 169
149 170
149 171
149 172
149 175
149 179
150 152
150 159
150 163
150 164
150 168
150 172
150 173
150 178
151 153
151 159
151 160
151 162
151 163
151 164
151 168
151 169
151 170
151 176
152 154
152 155
152 156
152 159
152 160
152 161
152 162
152 165
152 166
152 168
152 172
152 173
152 175
152 178
152 179
153 154
153 155
153 156
153 158
153 161
153 165
153 166
153 167
153 168
153 169
153 172
153 175
153 177
154 156
154 157
154 158
154 160
154 161
154 162
154 167
154 169
154 170
154 172
154 174
154 179
155 156
155 160
155 161
155 172
155 173
155 176
155 178
156 159
156 163
156 164
156 165
156 167
156 168
156 173
156 174
156 175
156 177
157 158
157 161
157 162
157 165
157 166
157 170
157 171
157 173
157 174
157 175
157 177
158 168
158 169
158 172
158 174
158 175
158 178
159 165
159 166
159 170
159 171
159 175
159 178
159 179
160 165
160 177
160 178
161 165
161 168
161 169
161 172
161 174
161 176
162 164
162 167
162 168
162 169
162 171
162 172
162 174
162 175
163 165
163 167
163 171
163 173
163 179
164 167
164 168
164 172
164 175
164 176
165 166
165 167
165 168
165 169
165 171
165 173
166 168
166 174
166 179
167 174
167 175
168 171
168 178
168 179
169 170
169 171
169 176
169 177
169 178
170 171
170 172
170 173
170 176
170 178
171 174
171 177
172 175
172 176
173 178
174 177
175 178
175 179
176 179
178 179
