180
0 1
0 2
0 11
0 27
0 38
0 72
0 80
0 100
1 3
1 5
1 7
1 8
1 10
1 35
1 57
2 4
2 18
2 54
2 147
3 9
3 16
3 32
3 133
3 136
4 12
4 13
4 19
4 157
5 6
5 14
5 20
5 115
6 30
6 32
6 33
6 58
7 17
7 42
7 110
8 70
8 92
8 130
8 133
8 134
9 19
9 24
9 39
9 47
9 110
9 142
9 149
10 22
10 23
10 143
10 155
11 133
11 175
12 25
12 28
12 31
12 48
12 49
12 61
12 71
12 152
13 42
13 52
13 89
13 99
13 140
14 15
14 21
14 79
14 99
14 111
14 115
14 159
14 169
14 177
15 21
15 25
15 73
15 146
16 26
16 61
16 71
16 130
17 31
17 119
18 49
18 62
18 103
19 56
19 60
20 116
20 152
20 179
21 34
21 77
21 84
21 144
21 170
21 178
22 40
22 41
22 55
22 83
22 150
22 154
23 29
23 45
23 68
23 151
24 51
25 47
25 104
25 171
26 92
26 146
26 176
27 37
27 65
27 73
27 117
28 39
28 44
28 49
28 82
28 171
29 76
29 108
29 172
30 57
30 86
30 109
30 143
31 119
32 61
32 81
32 126
32 128
32 152
32 171
33 75
33 89
34 62
34 118
34 173
35 36
35 57
35 64
35 71
35 77
35 123
35 140
36 64
36 114
36 117
36 138
36 171
37 43
37 55
37 64
37 136
38 77
38 128
38 148
39 46
39 79
39 113
40 69
40 137
41 110
42 144
43 47
43 50
43 63
43 84
43 116
43 151
44 50
44 87
44 93
44 120
45 68
45 78
45 139
45 167
46 59
46 69
46 84
46 101
46 125
46 127
47 92
47 143
47 153
48 53
48 95
48 109
48 116
48 117
50 51
50 91
50 131
51 124
52 86
52 114
52 158
52 178
53 57
53 87
53 88
53 123
53 154
54 57
54 109
54 118
54 121
54 129
54 155
55 69
55 75
55 116
55 127
56 73
56 89
56 128
56 134
56 148
57 162
58 76
58 144
59 66
59 109
60 129
60 161
60 179
61 74
61 114
61 150
62 100
62 111
63 71
63 107
63 115
64 68
65 104
66 67
66 95
66 104
67 70
67 135
67 141
68 96
68 170
69 74
69 85
69 134
70 90
70 110
71 85
72 136
72 164
73 81
73 127
74 76
74 91
74 98
74 120
76 111
76 113
76 159
76 168
77 78
77 157
77 175
78 163
79 83
79 165
80 101
80 157
80 163
81 137
82 83
82 97
82 125
82 158
83 154
84 120
85 108
86 113
86 166
87 94
87 158
88 108
88 124
88 165
88 168
88 174
90 106
91 105
91 121
92 124
92 132
92 178
93 102
93 151
93 177
94 139
94 141
95 96
95 98
96 155
96 178
97 121
97 168
98 121
98 143
99 123
100 134
100 174
101 112
101 129
101 144
101 166
102 109
102 136
102 139
102 166
103 141
103 152
104 129
104 143
104 151
104 153
104 155
104 177
105 131
105 135
105 169
106 111
106 131
106 164
107 178
110 149
112 156
112 165
113 120
113 122
113 131
116 136
116 161
117 164
118 126
118 129
118 145
118 147
118 160
120 130
120 132
120 170
120 177
122 159
123 165
124 125
124 145
125 130
125 154
126 170
127 138
127 167
128 138
128 162
130 174
131 163
133 134
133 154
134 176
136 161
137 142
137 172
139 148
139 171
142 166
143 145
144 179
147 155
149 161
156 163
157 167
159 162
160 177
160 179
162 167
162 175
163 166
164 169
165 170
166 169
172 173
173 179
