188
0 1
0 43
0 51
0 77
1 2
1 6
1 11
1 40
1 84
1 142
1 149
1 159
1 168
1 175
2 3
2 5
2 30
2 100
3 4
3 27
3 63
4 7
4 10
4 29
4 38
4 126
5 15
5 17
5 18
5 49
5 110
5 130
6 8
6 36
6 85
7 12
7 20
7 21
7 34
7 138
8 9
8 23
8 115
8 145
8 153
9 16
9 29
9 111
9 137
9 160
10 13
10 75
10 128
11 14
11 19
12 31
12 103
12 107
12 116
12 178
13 21
13 33
13 111
14 45
14 61
14 76
14 83
14 112
14 128
15 22
15 52
15 120
16 73
16 85
16 119
16 123
16 132
17 25
17 77
17 102
17 120
17 171
18 92
18 115
18 138
19 41
19 78
19 110
19 140
19 144
19 184
20 35
20 39
20 61
21 93
21 124
21 125
22 28
22 37
22 70
23 24
23 26
23 102
23 108
23 182
23 186
24 47
25 32
26 33
26 64
27 110
27 172
28 42
28 58
28 91
28 159
30 44
30 68
30 82
30 98
30 115
30 164
31 91
31 143
31 146
31 152
32 59
33 119
33 134
35 89
35 163
35 173
36 131
36 147
37 54
38 48
38 55
38 136
38 147
38 150
38 154
39 43
39 46
39 57
39 128
39 173
40 41
40 56
40 99
40 107
41 62
41 92
41 97
41 137
42 50
42 69
42 115
43 104
43 105
43 132
43 171
44 122
44 147
45 65
45 66
45 71
45 149
45 170
46 100
46 109
46 131
46 149
47 60
48 126
48 142
48 169
48 186
49 58
49 90
49 138
49 148
49 179
49 186
50 81
50 129
50 178
51 67
51 79
52 53
52 114
52 170
53 88
53 114
54 94
54 158
55 110
55 175
56 143
56 166
57 81
57 83
57 106
58 93
58 105
58 140
58 176
59 97
59 118
59 135
60 67
60 72
60 84
60 85
61 72
62 78
62 124
62 131
63 113
65 86
65 95
65 96
65 101
65 157
66 80
66 94
66 127
67 84
67 133
68 122
68 156
68 177
69 105
69 168
70 88
71 171
72 74
72 161
73 87
73 121
73 141
74 114
75 94
76 80
76 101
76 154
76 169
76 185
81 177
81 179
81 186
82 182
83 120
83 154
83 180
84 88
85 89
85 139
85 153
86 169
87 162
89 155
90 111
90 165
91 123
91 161
92 158
93 165
94 99
94 176
96 106
96 180
96 181
98 130
98 154
98 185
99 101
100 129
101 146
102 150
102 162
103 109
103 112
103 117
103 142
103 155
104 182
105 159
107 109
107 119
108 117
108 183
109 123
109 173
113 134
114 157
117 151
117 163
118 128
118 151
118 152
118 173
119 156
120 179
121 133
121 157
122 144
122 164
122 181
123 140
124 139
126 134
126 181
127 152
127 167
128 139
131 159
131 167
132 163
132 180
133 167
134 172
135 139
136 182
136 185
137 170
140 167
141 174
145 172
146 164
149 187
150 163
152 174
152 175
153 161
153 171
159 168
166 172
167 178
168 179
173 184
180 184
183 187
