180
0 1
0 18
0 22
0 51
0 77
0 106
0 137
0 160
1 2
1 6
1 11
1 40
1 84
1 114
1 119
1 142
1 175
2 3
2 5
2 30
2 100
2 144
3 4
3 27
3 63
3 74
3 147
3 164
3 173
4 7
4 10
4 29
4 38
4 126
5 15
5 17
5 18
5 49
6 8
6 13
6 36
6 55
6 62
6 68
6 115
7 12
7 20
7 21
7 34
7 98
8 9
8 23
8 145
8 153
9 16
9 111
9 137
9 160
10 13
10 63
10 75
10 128
10 142
11 14
11 19
11 158
11 179
12 31
12 78
12 103
12 106
12 107
12 116
12 165
13 157
13 175
13 179
14 17
14 45
14 76
14 85
14 110
14 112
14 167
15 22
15 29
15 52
15 70
15 87
15 112
15 137
15 147
15 154
16 53
16 55
16 73
16 85
16 124
16 132
16 152
16 163
17 25
17 102
17 120
17 169
18 24
18 138
19 41
19 78
19 110
19 140
19 144
19 167
20 35
20 39
20 61
21 93
21 125
21 165
22 28
22 37
22 70
22 72
22 135
23 24
23 26
23 61
23 108
23 163
24 34
24 47
24 125
24 144
25 32
25 46
25 52
25 87
25 120
25 137
25 159
26 33
26 64
27 39
27 60
27 72
27 150
27 153
28 42
28 91
28 131
28 134
28 159
29 36
29 95
29 116
29 127
30 44
30 68
30 82
30 98
30 108
30 115
31 126
31 128
31 141
31 159
31 164
32 50
32 59
32 80
32 104
32 126
33 115
33 119
33 120
33 124
33 134
33 141
33 148
33 152
33 179
34 54
34 64
34 119
34 177
35 57
35 89
36 109
36 131
36 147
36 175
37 54
37 90
37 112
37 115
37 137
37 172
38 48
38 55
38 77
38 93
38 136
38 141
38 148
38 150
39 43
39 46
39 57
39 64
39 132
40 56
40 136
40 179
41 62
41 76
41 89
41 92
41 97
41 101
42 50
42 69
42 147
42 167
42 176
43 82
43 104
43 118
43 120
43 122
43 168
44 62
44 84
44 105
44 122
45 65
45 66
45 71
45 149
45 170
45 174
46 88
46 135
46 171
47 55
47 60
47 80
47 90
47 127
47 135
47 151
47 166
48 52
48 58
48 78
48 91
48 107
48 121
48 140
49 58
49 90
49 148
49 179
50 83
50 177
50 178
51 67
51 79
51 83
51 89
51 140
52 53
52 64
52 100
52 121
53 88
54 148
54 153
55 76
56 60
56 83
56 100
56 127
56 143
56 166
57 81
57 83
57 106
57 107
57 142
57 158
57 175
58 172
59 76
59 101
59 118
59 135
59 175
60 72
60 87
61 72
61 96
61 152
62 71
62 124
62 143
63 113
63 149
63 174
64 81
64 163
65 86
65 95
65 96
65 157
65 159
66 76
66 80
66 127
67 74
67 91
67 106
67 129
67 158
68 111
68 156
68 173
68 177
69 74
69 105
69 168
70 144
70 177
71 94
71 116
71 123
71 138
71 154
71 171
72 74
72 161
72 173
73 87
73 109
73 121
73 132
73 141
73 163
73 178
74 102
74 114
74 145
74 149
74 172
74 176
75 92
75 94
76 92
77 104
77 111
77 157
77 164
78 134
78 155
79 80
79 85
79 155
79 163
80 125
80 143
80 148
81 83
81 86
81 98
81 162
82 131
82 138
82 142
82 147
82 171
83 150
84 103
84 145
84 156
84 174
85 110
85 139
85 145
86 94
86 156
86 162
86 169
86 171
86 178
87 97
87 113
87 114
87 134
88 113
88 125
89 91
89 148
90 165
91 96
91 113
92 158
93 108
93 128
94 99
94 176
95 151
95 158
96 133
96 142
96 165
97 104
97 123
98 130
98 140
98 154
98 168
99 100
99 101
99 105
99 123
99 149
100 129
100 131
100 160
101 114
101 146
102 162
103 109
103 117
103 145
103 155
103 177
104 159
106 174
107 165
107 168
108 122
108 154
108 178
109 118
109 123
109 173
109 174
110 161
110 171
112 114
114 133
116 126
116 162
116 179
117 151
117 163
118 152
118 172
119 123
119 129
119 142
119 152
121 133
121 138
122 170
123 168
123 176
124 138
124 152
124 168
124 170
124 173
126 145
126 146
126 162
128 130
130 151
130 154
130 160
130 161
130 176
131 139
131 155
132 143
132 176
133 136
133 143
133 167
134 157
134 166
135 139
135 153
135 155
136 164
137 151
141 174
143 149
146 164
147 169
148 170
149 170
150 178
151 162
154 161
159 160
162 167
165 166
166 172
167 173
173 178
