188
0 1
0 2
0 26
0 37
0 39
0 58
0 72
0 82
0 130
1 4
1 5
1 20
1 24
1 74
1 132
2 3
2 9
2 10
3 14
3 64
3 112
3 165
4 15
4 27
4 41
4 96
5 6
5 7
5 18
5 81
5 113
6 8
6 11
6 13
6 23
6 61
6 62
6 84
6 115
7 12
7 78
7 97
7 119
8 14
8 19
8 32
8 51
8 93
8 154
8 160
9 16
9 17
9 45
9 89
9 117
9 178
10 29
10 33
10 41
10 120
10 170
11 43
11 109
12 22
12 67
12 87
12 146
12 180
13 76
13 80
13 116
14 25
14 48
14 144
15 24
15 25
15 35
15 49
16 55
17 22
17 34
17 36
17 38
17 88
18 56
18 90
18 103
18 164
19 30
19 101
19 148
19 184
19 186
20 21
20 77
20 90
20 93
20 131
21 68
21 85
21 136
21 151
22 64
22 98
23 31
23 53
23 68
23 94
23 99
24 28
24 51
24 187
25 40
25 67
25 107
26 122
26 145
26 177
27 46
27 95
28 78
28 177
29 42
29 50
29 54
30 52
30 186
31 165
31 169
32 70
32 75
34 66
34 94
34 129
35 44
35 175
36 47
36 116
36 122
39 122
39 185
40 170
41 73
41 128
41 131
41 146
41 186
43 168
44 59
44 73
44 153
44 163
45 48
45 140
46 60
46 137
46 141
46 142
47 77
47 139
47 140
48 70
48 88
49 92
49 104
50 91
50 134
50 187
51 174
52 65
52 121
52 181
52 183
54 103
54 110
55 69
55 109
56 57
57 99
57 121
57 127
57 134
58 108
58 147
58 151
58 152
59 100
59 105
59 114
59 182
60 104
60 148
61 129
61 136
61 168
62 63
62 86
62 95
63 76
63 78
63 83
63 91
63 143
64 71
64 73
64 97
64 111
64 153
65 163
65 173
66 118
67 74
67 143
68 77
68 117
69 150
69 155
70 108
70 138
71 131
72 154
72 172
72 186
73 130
74 79
74 110
74 139
74 152
75 135
75 150
75 156
76 105
76 164
77 111
77 184
79 133
79 156
80 114
80 162
82 118
84 106
84 108
84 145
85 124
85 179
86 125
86 144
86 172
86 187
87 128
87 147
88 98
88 99
89 126
89 157
89 158
89 163
90 120
90 136
90 140
90 142
91 119
92 149
93 125
93 127
94 132
94 180
95 123
95 177
96 161
96 179
97 102
98 171
100 131
100 150
101 153
102 115
103 127
104 159
106 132
106 149
106 170
107 177
108 119
109 155
111 172
111 183
112 165
112 167
113 143
113 152
113 178
114 181
115 130
115 176
116 135
116 154
119 174
119 181
120 175
122 144
125 146
125 176
126 137
126 138
129 139
129 180
129 184
131 134
131 159
133 136
134 153
134 166
135 147
139 141
139 183
140 171
141 185
142 165
144 175
145 157
145 175
145 181
147 184
148 157
151 173
156 182
157 183
158 166
161 162
161 167
163 173
165 178
170 185
172 182
178 180
