180
0 1
0 2
0 26
0 37
0 39
0 50
0 58
0 72
0 82
0 125
1 4
1 5
1 20
1 24
1 74
1 127
2 3
2 9
2 10
2 60
3 64
3 112
3 158
3 159
4 15
4 27
4 41
4 96
5 6
5 7
5 18
5 31
5 42
5 81
5 113
6 8
6 11
6 13
6 23
6 61
6 62
6 84
6 115
7 12
7 14
8 14
8 19
8 32
8 38
8 51
8 93
8 154
8 160
8 179
9 16
9 17
9 45
9 89
9 117
10 29
10 33
10 108
10 120
10 170
11 33
11 43
12 67
12 87
12 146
13 76
13 80
13 159
14 35
14 172
15 25
15 35
15 49
15 121
15 159
16 55
16 127
17 22
17 34
17 36
17 38
17 88
17 99
18 56
18 90
18 154
18 164
19 30
19 87
19 101
20 21
20 77
20 147
21 85
21 146
21 178
22 29
22 155
22 168
23 31
23 53
23 68
24 28
24 67
25 40
25 92
25 107
26 92
26 169
27 46
27 75
28 53
28 68
28 177
29 42
29 50
29 54
29 60
29 107
30 52
31 81
31 169
32 70
32 75
32 174
33 35
33 61
34 66
34 94
34 114
34 129
35 44
36 47
36 116
36 122
37 78
37 174
38 139
39 122
40 82
40 91
40 124
41 103
41 119
41 155
42 43
42 116
42 156
43 129
43 137
43 168
44 59
44 73
44 153
45 48
45 140
46 60
46 70
46 137
46 141
46 142
48 88
48 152
49 92
49 104
50 134
50 146
51 57
51 174
52 65
52 121
54 103
54 129
54 161
55 69
55 109
55 129
55 153
56 57
56 105
57 99
58 151
58 152
59 100
59 105
59 114
60 73
60 134
60 148
61 130
61 139
62 63
62 86
62 95
63 78
63 83
63 91
63 143
64 71
64 97
64 111
64 167
64 179
65 163
65 173
66 113
67 71
67 75
67 166
68 74
68 112
69 145
69 155
69 175
70 103
70 108
71 148
72 145
72 148
73 101
73 157
74 79
74 110
74 139
75 109
75 110
75 171
78 109
79 85
79 133
79 156
81 142
82 118
83 95
83 170
84 106
84 145
84 160
85 124
85 153
85 156
86 117
86 135
86 144
86 172
87 128
87 136
88 98
89 126
89 141
89 158
90 153
91 119
92 149
93 120
93 125
93 127
94 123
94 132
95 123
96 143
96 161
96 179
97 102
98 171
99 121
100 131
100 150
100 169
104 159
106 111
106 142
106 146
108 149
108 171
109 172
110 128
110 164
110 174
111 152
112 165
112 167
112 175
113 178
114 169
115 130
115 176
116 135
117 168
118 160
119 138
119 146
120 140
121 131
123 158
124 168
125 157
126 138
128 151
133 136
133 137
134 166
134 175
134 179
135 147
135 161
136 177
138 158
141 151
142 149
143 150
144 175
145 157
147 165
156 161
158 167
161 162
167 172
