188
0 1
0 43
0 51
0 77
0 97
0 160
0 161
1 2
1 6
1 11
1 40
1 84
1 113
1 119
1 142
1 175
2 3
2 5
2 30
2 100
2 145
3 4
3 27
3 61
3 63
3 120
3 175
3 182
4 7
4 10
4 29
4 38
4 64
4 126
5 15
5 17
5 18
5 49
5 82
5 93
6 8
6 12
6 36
6 61
6 67
7 12
7 20
7 21
7 34
7 98
7 138
8 9
8 23
8 145
8 153
9 13
9 16
9 111
9 137
9 160
10 13
10 75
10 128
10 141
11 14
11 19
11 21
11 33
11 111
12 31
12 58
12 103
12 107
12 116
12 159
13 18
13 92
13 115
13 182
14 43
14 45
14 55
14 59
14 76
14 90
14 112
14 120
14 132
14 177
15 22
15 52
15 85
15 176
16 73
16 83
16 85
16 87
16 132
16 136
16 187
17 25
17 55
17 102
17 120
17 124
17 182
18 25
18 138
18 172
18 174
19 26
19 41
19 78
19 110
19 140
19 144
19 184
20 35
20 39
20 61
20 168
21 93
21 124
21 125
22 28
22 37
22 70
22 148
23 24
23 26
23 108
23 134
23 186
24 47
24 60
24 150
24 164
25 32
25 54
25 66
25 127
25 145
25 146
26 33
26 46
26 64
26 160
27 41
27 77
27 88
27 118
27 152
28 42
28 91
28 99
28 148
28 159
29 115
29 161
29 162
29 175
30 37
30 44
30 53
30 68
30 82
30 98
30 115
31 34
31 89
31 91
31 147
31 171
32 59
32 83
32 84
32 100
32 109
32 131
32 185
33 119
33 134
34 124
34 126
34 142
34 151
34 169
34 182
35 67
35 89
35 116
35 125
35 185
36 131
36 147
36 184
37 54
37 59
37 170
38 48
38 55
38 105
38 136
38 137
38 150
39 43
39 46
39 57
39 90
39 125
39 158
40 52
40 56
40 76
40 110
40 135
40 141
40 147
40 175
41 62
41 63
41 92
41 97
41 106
41 183
42 50
42 52
42 69
42 84
42 146
43 74
43 104
43 123
44 105
44 122
44 134
44 167
44 168
44 179
45 65
45 66
45 71
45 149
45 170
46 92
46 102
46 131
46 187
47 60
47 79
47 94
47 127
47 133
47 158
47 176
48 60
48 84
48 134
49 58
49 90
49 122
49 134
49 148
49 179
50 58
50 178
51 61
51 67
51 79
52 53
52 121
53 81
53 88
53 89
54 169
55 62
55 107
56 143
56 166
56 174
56 185
57 81
57 83
57 106
58 74
58 100
58 122
58 177
58 179
59 68
59 118
59 135
59 142
59 151
59 178
60 72
60 155
61 164
62 93
62 124
63 84
63 85
63 113
64 177
65 69
65 86
65 95
65 96
65 143
65 157
66 80
66 127
66 165
66 176
67 85
67 180
67 181
68 156
68 177
69 74
69 105
69 162
69 168
69 185
70 76
70 121
70 129
70 154
71 150
71 171
72 74
72 161
73 87
73 121
73 141
74 114
74 138
74 143
74 154
74 186
74 187
75 94
75 96
75 122
75 175
76 109
76 171
76 180
77 104
77 117
77 140
77 162
77 174
78 84
78 90
78 120
79 103
79 126
80 138
80 158
80 179
81 157
81 160
82 86
82 105
82 130
82 164
83 107
83 111
83 182
85 110
85 139
86 98
86 138
86 146
86 157
86 169
87 91
87 101
87 115
87 140
87 181
88 139
89 111
89 186
90 118
90 163
90 165
91 100
91 114
92 142
92 158
93 113
93 147
94 99
94 139
94 176
94 179
95 113
95 126
95 183
96 126
96 139
97 108
97 128
97 170
98 130
98 154
98 166
98 172
99 101
99 156
99 159
100 127
100 129
100 167
101 146
101 170
102 103
102 162
102 167
103 106
103 109
103 117
103 155
104 125
104 130
104 172
105 113
105 166
107 116
108 119
108 141
108 146
108 176
108 183
109 123
109 147
109 173
110 143
110 161
111 130
111 176
112 119
112 133
112 178
113 131
113 177
113 181
114 187
115 163
116 132
116 150
116 169
117 151
117 163
117 183
118 125
118 152
119 127
119 131
119 178
120 128
120 181
121 133
121 144
122 164
122 168
123 153
124 140
124 142
124 186
125 144
126 172
126 181
127 152
127 174
128 136
128 169
129 151
129 156
130 145
130 175
130 184
132 180
133 167
133 173
134 166
135 139
135 149
136 153
136 154
136 182
136 185
136 186
137 154
137 158
138 143
138 179
140 158
141 153
141 154
141 174
142 163
143 155
143 180
146 164
147 155
148 183
149 162
152 157
153 164
154 168
155 173
156 174
156 184
159 161
159 167
165 173
166 172
176 185
180 181
183 187
