188
0 1
0 3
0 4
0 5
0 7
0 30
0 39
0 99
0 152
1 2
1 18
1 42
1 45
1 84
1 116
1 130
1 176
2 11
2 52
2 60
2 77
2 104
2 107
3 6
3 32
3 50
3 99
3 100
3 106
4 9
4 13
4 90
4 158
4 161
5 8
5 15
5 23
5 36
5 49
5 140
6 10
6 12
6 15
6 59
6 103
6 141
7 16
7 91
7 106
7 129
7 166
8 10
8 32
8 37
8 75
9 27
9 40
9 52
9 116
9 161
10 35
10 115
10 116
10 142
10 154
10 165
11 14
11 22
12 14
12 29
12 46
12 48
12 102
12 114
12 177
13 27
13 39
13 44
13 48
13 85
13 110
14 17
14 25
14 91
14 116
15 20
15 47
15 72
15 84
15 89
15 109
15 150
16 19
16 21
16 31
16 38
16 111
16 127
16 138
16 140
16 164
16 172
17 24
17 86
17 107
17 131
17 132
17 143
17 154
18 54
18 59
18 72
18 103
18 150
19 33
19 64
19 93
19 101
20 38
20 55
20 66
20 69
20 88
20 132
21 60
21 66
21 67
21 114
21 152
21 163
22 35
22 137
23 28
23 55
23 115
23 145
24 26
24 31
24 56
24 82
24 121
25 46
25 102
25 114
25 154
25 159
26 45
26 56
26 80
26 83
26 94
26 95
26 110
26 128
27 33
27 36
27 67
27 78
27 88
27 112
27 120
27 126
28 53
28 68
28 92
28 151
28 163
29 34
29 65
29 79
29 124
29 144
29 181
30 79
30 124
30 166
31 78
31 81
31 123
31 149
32 46
32 66
32 127
32 131
33 50
33 61
33 94
33 100
33 112
33 142
33 160
34 41
34 76
34 135
34 182
35 40
35 63
35 64
35 107
35 118
35 125
35 147
36 65
36 89
36 90
36 99
36 156
37 44
37 57
37 114
37 119
37 120
37 150
37 173
38 51
38 62
38 107
38 119
38 124
39 43
39 71
39 185
40 59
40 103
40 118
40 125
40 157
40 181
41 98
41 113
41 123
41 140
41 146
42 65
42 89
42 97
42 146
43 106
43 158
43 170
44 85
44 103
44 108
44 116
45 58
45 121
45 180
45 182
46 72
46 160
46 184
47 65
47 73
47 113
47 156
47 171
48 82
48 115
48 144
48 145
49 51
49 96
49 109
49 136
50 61
50 127
50 180
50 184
51 56
51 169
51 172
51 179
52 88
52 132
52 133
52 159
52 160
53 72
53 93
53 151
53 168
54 70
54 84
54 87
54 90
54 107
54 113
54 156
54 162
54 169
55 106
55 186
56 103
56 122
56 146
56 164
57 80
57 153
57 176
58 62
58 77
58 96
58 123
59 75
59 117
60 79
60 83
60 111
60 112
60 166
60 178
61 63
61 78
61 98
61 119
61 139
61 151
62 94
62 153
63 76
63 139
64 107
64 138
64 163
64 178
65 87
65 98
65 123
65 183
66 105
66 187
67 77
67 100
67 129
67 148
68 70
68 86
68 132
68 137
69 81
69 112
69 134
69 136
69 148
69 167
69 183
70 74
70 101
70 130
70 131
70 142
71 105
71 122
71 150
71 153
71 172
72 87
72 135
72 141
72 163
73 108
73 141
73 143
73 152
73 169
74 124
74 126
74 148
74 177
75 145
76 104
76 106
76 175
76 184
77 85
77 112
77 173
78 114
78 119
79 104
79 181
80 157
80 166
81 88
81 97
81 101
81 108
81 126
82 114
82 139
82 170
82 171
83 90
83 129
83 139
83 151
83 166
83 177
84 93
84 111
84 122
84 136
84 149
85 95
85 127
85 131
85 162
85 171
85 177
86 105
86 120
87 174
88 110
89 95
89 110
89 129
89 146
89 169
89 183
90 156
90 157
91 95
91 111
91 144
92 129
92 165
92 167
92 176
92 187
93 117
93 118
93 119
94 110
95 126
95 169
96 112
97 108
97 116
97 125
97 163
97 172
97 186
98 123
99 113
99 123
99 134
99 145
99 174
100 104
100 133
100 175
100 179
101 104
101 133
102 135
102 164
102 165
102 175
103 133
104 168
105 127
105 164
106 134
107 118
107 187
108 109
108 169
110 115
110 132
111 121
111 130
111 143
111 153
113 137
114 151
114 158
114 184
115 128
115 160
117 125
117 161
117 164
117 177
117 183
118 132
118 134
118 165
118 173
119 147
119 158
120 129
122 140
122 147
122 177
125 167
125 178
126 140
126 155
128 137
128 149
128 156
128 186
129 172
131 148
133 143
133 172
133 181
134 167
134 186
135 155
135 179
136 152
136 167
136 187
137 158
138 145
138 160
138 168
138 174
139 153
139 165
139 180
140 170
141 147
142 164
143 155
143 184
145 146
145 152
146 153
148 185
152 159
154 170
154 175
155 162
155 185
156 171
157 179
158 161
158 187
159 161
161 176
163 184
164 173
168 170
173 175
173 181
180 182
