180
0 1
0 2
0 11
0 30
0 34
0 46
0 117
1 4
1 8
1 12
1 149
2 3
2 5
2 42
2 68
2 112
2 150
3 28
3 164
4 6
4 7
4 60
4 77
4 103
5 18
5 24
5 65
5 91
5 96
6 21
6 86
6 166
7 9
7 10
7 139
8 11
8 23
8 126
8 179
9 16
9 35
9 85
9 173
10 47
10 50
10 55
10 58
10 62
10 67
11 14
11 42
11 88
11 95
11 134
12 13
12 15
12 17
12 19
12 39
12 51
12 85
12 87
12 106
12 149
13 58
13 75
13 152
13 154
13 161
14 25
14 38
14 45
14 54
14 73
15 20
15 28
15 78
15 115
16 33
16 44
17 58
17 74
17 109
17 152
17 178
18 22
18 26
18 83
18 104
18 126
19 22
19 52
19 166
19 177
20 60
20 80
20 86
20 107
20 109
20 146
21 148
22 79
23 45
23 77
23 132
23 139
24 141
25 27
25 96
25 141
25 155
26 29
26 44
26 48
27 40
27 49
27 97
27 154
28 69
28 79
28 87
28 145
28 160
28 168
29 32
29 118
29 119
29 131
29 142
30 31
30 100
30 113
30 165
31 37
31 45
31 61
31 114
31 145
31 146
31 168
32 67
32 69
32 91
32 125
32 159
32 176
33 36
33 57
33 100
33 177
34 41
34 111
34 143
34 157
35 98
35 136
36 101
36 130
37 38
37 124
37 162
38 76
38 92
38 108
39 62
39 71
40 43
40 72
40 89
40 121
41 98
41 170
42 110
42 136
42 140
43 82
43 83
43 86
43 97
43 102
43 143
44 56
44 102
44 123
44 172
45 50
45 177
46 73
46 74
46 115
46 137
46 138
47 53
47 63
47 110
47 112
47 118
47 173
48 73
48 75
48 81
48 113
49 70
49 89
49 174
50 86
50 92
50 93
50 94
50 140
51 64
51 129
52 63
52 131
52 170
53 82
53 177
54 70
54 84
54 85
54 92
54 109
54 145
54 167
55 89
55 139
56 100
56 123
57 59
57 68
57 84
57 90
57 121
57 165
58 103
58 164
59 95
59 114
59 125
60 94
60 132
60 136
60 158
61 105
61 150
61 156
62 68
62 74
62 90
62 97
62 138
63 99
63 105
64 66
64 146
64 165
64 167
65 163
66 87
66 119
66 136
67 108
67 113
67 129
67 169
68 81
68 96
69 154
70 71
70 95
70 105
70 125
71 73
71 95
72 94
72 140
73 84
74 153
74 156
75 137
75 164
76 110
76 131
77 88
78 143
78 149
78 175
79 172
80 116
80 122
80 127
81 101
81 153
82 98
82 133
82 171
83 101
84 123
84 127
84 156
85 167
86 135
87 131
87 137
87 156
87 168
88 96
89 91
89 119
90 96
90 109
90 130
90 147
90 171
91 102
92 117
92 124
92 176
93 112
93 116
93 117
93 120
93 127
94 100
94 105
94 158
95 112
95 169
96 170
97 161
98 104
98 110
99 112
99 114
99 142
100 106
101 122
101 169
102 175
102 177
103 117
103 134
104 159
105 128
106 121
106 135
107 128
107 162
108 157
110 162
111 128
111 138
111 168
111 171
112 147
113 125
113 148
113 169
114 141
114 152
115 126
115 128
115 145
115 147
116 118
116 120
116 174
116 176
116 179
117 130
117 132
117 157
119 146
119 153
119 158
120 140
120 178
122 152
122 178
123 175
124 144
126 168
127 160
127 163
130 135
131 136
132 170
132 172
133 153
134 145
134 149
134 170
137 143
137 169
138 142
139 140
139 151
140 159
142 171
143 151
144 154
146 154
146 171
148 157
149 155
150 154
152 174
157 162
157 178
158 161
165 167
172 173
175 178
