188
0 1
0 2
0 11
0 27
0 38
0 72
0 80
0 100
0 124
1 3
1 5
1 7
1 8
1 10
1 35
1 57
2 4
2 17
2 18
2 44
2 54
2 126
2 136
2 139
3 9
3 16
3 91
3 134
3 160
3 169
3 176
4 12
4 13
4 157
5 6
5 14
5 16
5 20
5 30
5 115
6 30
6 32
6 33
6 58
6 141
6 184
7 17
7 42
7 54
7 183
8 70
8 125
8 134
8 135
8 154
8 168
9 19
9 24
9 39
9 47
9 142
9 149
10 22
10 23
10 60
10 119
10 149
10 155
11 64
11 109
11 133
11 175
11 182
12 25
12 28
12 31
12 48
12 49
12 61
12 71
12 152
13 18
13 52
13 68
13 161
13 175
14 15
14 33
14 89
14 99
14 184
15 16
15 19
15 21
15 144
15 146
15 158
16 21
16 26
16 59
16 88
16 130
17 57
17 71
17 77
17 122
17 158
17 187
18 62
18 72
18 103
19 56
19 60
20 131
20 151
20 179
21 34
21 41
21 77
21 130
21 149
22 40
22 41
22 55
22 140
22 146
22 150
22 154
23 29
23 42
23 45
23 64
23 83
23 108
23 172
23 176
24 64
24 85
24 103
24 122
25 123
25 169
25 171
26 29
26 31
26 117
26 176
26 181
27 37
27 58
27 65
27 71
27 73
27 105
27 124
27 129
28 31
28 44
28 80
28 82
28 178
29 34
29 44
29 120
29 177
29 180
30 61
30 86
30 142
30 143
31 37
31 85
31 96
31 119
31 128
31 143
32 54
32 91
32 122
33 75
33 89
33 131
34 107
34 173
34 180
35 36
35 91
35 140
35 152
35 164
36 64
36 114
36 117
36 124
36 138
37 43
37 46
37 88
37 111
37 124
37 126
37 185
38 45
38 69
38 80
38 91
38 133
38 172
39 46
39 79
39 108
39 113
39 120
39 157
39 179
40 45
40 95
40 107
41 110
41 158
42 79
42 82
42 85
42 106
42 119
42 187
43 63
43 84
43 114
43 124
44 50
44 93
44 115
44 120
44 121
44 134
44 165
45 76
45 78
45 93
46 55
46 56
46 59
46 125
46 180
47 92
47 153
48 53
48 59
48 95
48 106
49 52
49 72
49 87
49 119
49 120
49 130
49 152
49 164
50 51
50 74
50 89
50 96
50 115
50 158
51 61
51 124
51 153
52 158
52 172
52 178
53 73
53 87
53 88
53 147
54 66
54 118
54 127
54 165
54 175
54 179
54 181
55 69
55 102
55 116
56 81
56 128
56 140
56 148
57 144
57 156
58 171
58 173
59 66
59 80
59 109
59 159
60 123
60 135
61 66
61 74
61 81
61 118
61 121
61 141
61 169
62 82
62 113
62 152
62 170
62 173
63 65
63 104
63 107
63 108
63 166
64 68
65 72
65 104
65 107
65 177
66 67
66 118
66 129
67 77
67 114
67 164
67 169
68 96
68 170
69 81
69 93
69 138
70 84
70 90
70 92
70 127
71 85
71 88
71 129
72 95
72 136
72 157
73 81
73 82
73 127
74 76
74 91
74 98
74 119
75 78
75 148
75 162
75 165
76 168
77 97
77 177
77 185
78 114
78 163
79 83
79 89
79 154
80 101
80 147
80 149
80 182
81 136
81 137
81 178
82 97
82 125
83 181
84 134
84 147
84 179
84 184
85 104
85 120
85 140
85 155
85 160
85 180
86 131
86 144
86 156
86 177
87 94
87 121
87 186
88 108
88 174
90 106
90 135
91 105
91 111
92 132
93 102
93 113
93 148
93 151
93 176
93 177
94 141
94 184
95 99
95 141
96 151
96 159
96 178
97 109
97 121
97 171
98 116
98 138
98 162
99 100
99 102
99 118
99 123
100 125
100 148
100 168
101 112
101 129
101 139
101 144
102 103
102 139
103 107
103 150
103 155
104 110
104 161
104 176
105 108
105 131
105 135
105 137
105 141
105 166
105 169
106 111
106 137
106 144
106 164
107 169
107 179
108 132
108 136
108 185
109 118
109 170
110 139
110 147
110 161
111 156
112 136
112 156
112 180
112 182
113 121
113 122
114 181
116 130
116 155
116 161
117 121
117 153
117 163
118 126
118 145
118 147
118 160
118 182
119 145
119 183
122 159
123 165
124 159
125 140
125 145
125 152
125 158
127 150
128 162
128 172
129 130
129 153
129 175
129 176
129 185
131 162
132 154
132 155
133 148
133 161
133 170
134 178
135 147
135 156
136 167
136 174
137 170
137 172
137 174
137 185
139 163
139 181
139 185
140 173
141 145
142 166
142 181
143 180
143 187
144 160
145 149
145 154
145 174
145 183
146 155
146 156
146 167
146 168
147 184
149 165
150 174
151 175
156 167
156 186
157 167
160 179
160 183
163 182
167 186
168 182
174 183
177 184
