180
0 1
0 8
0 14
0 35
0 48
0 104
0 108
0 118
0 151
1 2
1 7
1 13
1 19
1 23
1 36
1 135
1 137
1 160
2 3
2 5
2 9
2 28
2 57
3 4
3 6
3 11
3 54
3 55
3 165
4 37
4 42
4 56
4 136
4 165
4 166
5 9
5 12
5 15
5 54
5 94
5 103
5 154
6 10
6 18
6 25
6 33
6 45
6 66
6 75
6 156
7 21
7 51
7 63
7 153
8 46
8 101
8 171
9 16
9 122
9 156
9 176
10 47
10 66
10 103
10 113
10 133
10 142
10 143
11 17
11 24
11 31
11 69
11 132
12 20
12 129
12 161
13 42
13 78
13 91
13 162
14 26
14 167
15 39
15 90
15 109
16 29
16 82
16 87
16 107
17 27
17 56
17 60
17 152
18 79
18 81
18 125
18 141
19 22
19 30
19 105
19 139
20 43
20 124
20 133
21 41
21 65
21 89
21 137
21 138
21 168
22 48
22 74
22 121
23 34
23 75
23 84
23 137
23 148
23 151
23 154
24 60
24 68
24 70
24 84
24 94
24 103
24 144
24 167
25 37
25 53
25 80
25 120
25 159
25 170
26 32
26 44
26 67
26 109
26 156
27 52
27 115
27 134
27 158
27 172
28 37
28 64
28 128
28 130
29 40
29 64
29 119
29 144
30 75
30 93
31 48
31 94
31 151
32 40
32 68
32 86
32 121
32 129
32 152
33 45
33 48
33 78
33 179
34 38
34 123
34 124
34 136
34 160
35 59
35 75
35 104
35 107
36 60
36 73
36 80
36 96
36 126
37 62
37 90
37 98
38 74
38 100
39 95
39 141
39 142
39 160
40 80
40 114
40 179
41 65
41 70
41 75
41 115
41 123
41 132
41 150
42 49
42 113
42 131
43 58
43 102
43 136
43 166
44 53
44 64
44 99
44 102
44 128
44 152
44 167
45 50
45 53
45 66
45 112
46 55
46 61
46 126
47 63
47 76
47 100
47 150
48 132
48 159
49 96
49 163
50 61
50 161
50 162
51 92
51 112
51 158
51 174
52 59
52 93
52 100
52 115
53 112
53 150
54 99
54 110
54 117
54 128
54 140
55 74
55 84
55 163
55 177
56 81
56 101
56 131
56 148
56 156
57 89
57 129
57 157
57 162
58 72
58 88
58 99
58 127
58 158
59 103
59 119
59 121
60 62
60 120
60 164
61 73
61 93
61 95
61 131
61 144
62 105
62 110
62 116
62 140
62 177
63 83
63 97
63 101
63 119
63 135
63 139
64 85
64 95
64 131
64 149
65 79
65 176
66 134
66 175
67 73
67 91
67 92
68 111
68 143
68 164
69 97
69 111
69 138
70 71
70 77
70 145
71 89
71 121
71 142
71 161
72 169
72 173
73 86
74 88
74 142
74 146
76 141
76 144
77 126
77 173
78 85
78 87
78 161
79 143
79 154
80 84
80 116
81 86
81 147
81 174
82 95
82 145
83 93
83 114
84 159
85 114
85 170
87 129
88 122
88 136
89 91
90 117
90 124
91 93
91 100
92 108
92 132
94 120
95 168
96 111
97 102
97 156
98 151
99 102
99 118
100 163
101 108
101 165
102 106
102 117
102 158
102 177
103 104
103 115
103 147
104 124
104 172
105 171
106 107
106 118
106 176
107 155
108 125
108 155
108 157
109 171
110 112
110 127
112 116
112 128
112 157
113 118
114 163
114 165
115 166
115 172
116 131
116 175
117 130
117 149
118 146
119 152
119 161
120 123
122 141
122 153
123 138
123 174
125 145
126 157
127 177
128 140
129 178
130 139
130 150
130 155
132 147
133 161
135 175
135 179
136 142
136 164
137 138
137 147
138 140
139 176
143 162
143 179
145 147
146 164
148 173
149 153
149 157
149 178
150 167
151 152
153 164
155 169
156 167
156 170
157 170
158 173
160 175
163 168
166 168
166 172
172 177
