180
0 1
0 7
0 9
0 10
0 11
0 13
0 14
0 15
0 18
0 20
0 21
0 22
0 23
0 24
0 27
0 28
0 31
0 32
0 35
0 36
0 38
0 39
0 41
0 43
0 44
0 45
0 47
0 48
0 49
0 50
0 52
0 53
0 56
0 58
0 61
0 63
0 64
0 66
0 68
0 72
0 74
0 76
0 78
0 80
0 81
0 84
0 85
0 88
0 89
0 91
0 92
0 94
0 95
0 96
0 97
0 99
0 100
0 102
0 103
0 106
0 107
0 108
0 109
0 111
0 113
0 115
0 117
0 118
0 120
0 122
0 123
0 124
0 125
0 126
0 127
0 129
0 130
0 132
0 133
0 135
0 138
0 141
0 142
0 143
0 144
0 145
0 148
0 149
0 150
0 151
0 154
0 155
0 156
0 157
0 159
0 161
0 162
0 163
0 165
0 167
0 169
0 173
0 176
0 177
0 179
1 2
1 3
1 4
1 5
1 7
1 8
1 10
1 11
1 12
1 14
1 16
1 18
1 20
1 21
1 22
1 23
1 24
1 25
1 26
1 28
1 30
1 31
1 32
1 33
1 34
1 35
1 37
1 38
1 40
1 41
1 43
1 44
1 46
1 47
1 48
1 52
1 53
1 56
1 58
1 59
1 61
1 65
1 66
1 70
1 71
1 76
1 77
1 78
1 81
1 82
1 83
1 84
1 85
1 86
1 87
1 89
1 90
1 91
1 92
1 94
1 95
1 98
1 99
1 102
1 104
1 105
1 106
1 110
1 111
1 118
1 119
1 121
1 122
1 128
1 130
1 131
1 132
1 134
1 135
1 136
1 138
1 140
1 142
1 143
1 144
1 148
1 149
1 151
1 156
1 158
1 160
1 162
1 165
1 166
1 167
1 168
1 170
1 171
1 172
1 174
1 176
1 179
2 3
2 6
2 8
2 9
2 11
2 12
2 15
2 17
2 18
2 19
2 21
2 24
2 25
2 26
2 28
2 30
2 31
2 32
2 33
2 36
2 37
2 39
2 40
2 41
2 43
2 46
2 47
2 48
2 54
2 56
2 58
2 59
2 60
2 61
2 62
2 63
2 65
2 66
2 71
2 72
2 73
2 74
2 76
2 77
2 78
2 79
2 80
2 81
2 82
2 88
2 89
2 91
2 93
2 95
2 96
2 97
2 99
2 100
2 101
2 102
2 103
2 104
2 106
2 107
2 109
2 110
2 111
2 112
2 114
2 115
2 116
2 117
2 120
2 122
2 123
2 124
2 125
2 126
2 129
2 131
2 134
2 135
2 136
2 138
2 139
2 143
2 144
2 146
2 147
2 149
2 150
2 151
2 153
2 154
2 155
2 157
2 160
2 161
2 162
2 164
2 165
2 168
2 169
2 173
2 174
2 176
2 177
2 179
3 4
3 5
3 6
3 7
3 9
3 10
3 11
3 19
3 21
3 22
3 23
3 25
3 26
3 27
3 31
3 33
3 35
3 38
3 39
3 40
3 42
3 43
3 44
3 45
3 47
3 49
3 51
3 52
3 53
3 54
3 55
3 57
3 58
3 61
3 62
3 63
3 64
3 65
3 66
3 67
3 68
3 70
3 72
3 74
3 75
3 76
3 77
3 78
3 79
3 81
3 84
3 85
3 86
3 87
3 88
3 89
3 90
3 93
3 94
3 95
3 96
3 98
3 99
3 100
3 102
3 104
3 105
3 106
3 109
3 110
3 115
3 116
3 118
3 120
3 122
3 123
3 124
3 125
3 126
3 127
3 130
3 131
3 132
3 133
3 134
3 136
3 139
3 143
3 145
3 148
3 151
3 152
3 155
3 156
3 157
3 158
3 159
3 163
3 164
3 167
3 171
3 176
3 177
3 178
3 179
4 5
4 6
4 8
4 9
4 10
4 11
4 12
4 13
4 15
4 18
4 19
4 20
4 21
4 23
4 25
4 26
4 27
4 29
4 31
4 32
4 34
4 36
4 37
4 38
4 39
4 43
4 44
4 48
4 51
4 52
4 53
4 54
4 55
4 56
4 58
4 60
4 61
4 62
4 64
4 66
4 67
4 70
4 71
4 72
4 73
4 75
4 76
4 77
4 78
4 79
4 81
4 84
4 85
4 88
4 89
4 90
4 92
4 93
4 94
4 95
4 96
4 97
4 98
4 100
4 101
4 102
4 103
4 104
4 105
4 107
4 109
4 110
4 111
4 112
4 114
4 119
4 121
4 123
4 125
4 127
4 129
4 131
4 132
4 137
4 138
4 139
4 140
4 141
4 143
4 144
4 147
4 150
4 151
4 154
4 155
4 156
4 157
4 158
4 159
4 160
4 161
4 162
4 164
4 165
4 167
4 168
4 171
4 174
4 175
4 179
5 7
5 8
5 11
5 13
5 16
5 17
5 20
5 22
5 23
5 24
5 27
5 28
5 33
5 35
5 36
5 37
5 38
5 39
5 42
5 43
5 44
5 45
5 46
5 49
5 51
5 52
5 53
5 55
5 56
5 57
5 59
5 60
5 62
5 63
5 68
5 69
5 70
5 71
5 72
5 73
5 75
5 76
5 77
5 78
5 80
5 82
5 83
5 84
5 85
5 88
5 94
5 95
5 96
5 97
5 98
5 99
5 102
5 104
5 105
5 106
5 114
5 115
5 116
5 117
5 118
5 119
5 120
5 121
5 123
5 125
5 126
5 129
5 130
5 133
5 134
5 135
5 141
5 146
5 147
5 149
5 150
5 152
5 153
5 154
5 155
5 156
5 159
5 160
5 162
5 165
5 168
5 169
5 171
5 173
5 174
5 175
5 178
6 7
6 8
6 9
6 11
6 12
6 13
6 16
6 17
6 21
6 22
6 27
6 28
6 29
6 30
6 31
6 33
6 34
6 35
6 36
6 38
6 41
6 42
6 43
6 44
6 45
6 46
6 47
6 48
6 49
6 51
6 53
6 55
6 60
6 61
6 65
6 68
6 71
6 73
6 74
6 75
6 81
6 82
6 83
6 86
6 87
6 88
6 90
6 91
6 93
6 99
6 101
6 102
6 103
6 104
6 105
6 106
6 109
6 110
6 111
6 112
6 113
6 114
6 116
6 117
6 119
6 121
6 122
6 129
6 131
6 132
6 133
6 134
6 135
6 136
6 142
6 144
6 145
6 147
6 148
6 149
6 150
6 151
6 152
6 153
6 154
6 156
6 158
6 159
6 164
6 165
6 168
6 170
6 171
6 173
6 174
6 177
6 178
7 8
7 9
7 10
7 12
7 13
7 14
7 16
7 17
7 18
7 20
7 21
7 23
7 24
7 25
7 26
7 27
7 28
7 30
7 32
7 33
7 34
7 35
7 37
7 38
7 41
7 42
7 43
7 45
7 46
7 47
7 48
7 49
7 50
7 51
7 52
7 53
7 54
7 55
7 57
7 58
7 59
7 60
7 61
7 62
7 63
7 64
7 65
7 66
7 68
7 70
7 71
7 73
7 75
7 76
7 78
7 81
7 83
7 85
7 86
7 90
7 91
7 92
7 93
7 98
7 101
7 102
7 105
7 106
7 107
7 108
7 111
7 112
7 113
7 114
7 117
7 118
7 119
7 121
7 124
7 126
7 127
7 128
7 129
7 131
7 132
7 133
7 134
7 137
7 141
7 142
7 143
7 146
7 147
7 150
7 151
7 152
7 155
7 156
7 157
7 158
7 161
7 162
7 163
7 170
7 171
7 172
7 173
7 175
7 176
7 178
7 179
8 9
8 11
8 12
8 13
8 14
8 15
8 17
8 18
8 20
8 23
8 24
8 26
8 29
8 31
8 32
8 34
8 35
8 36
8 37
8 38
8 40
8 41
8 43
8 45
8 46
8 47
8 48
8 49
8 50
8 52
8 53
8 54
8 56
8 59
8 60
8 61
8 63
8 65
8 68
8 69
8 70
8 71
8 73
8 74
8 76
8 78
8 79
8 80
8 82
8 83
8 84
8 86
8 87
8 89
8 90
8 92
8 94
8 97
8 98
8 100
8 102
8 107
8 109
8 112
8 113
8 114
8 115
8 119
8 120
8 121
8 122
8 129
8 130
8 132
8 133
8 134
8 138
8 140
8 141
8 142
8 143
8 151
8 154
8 159
8 160
8 161
8 164
8 165
8 169
8 171
8 174
8 176
8 177
8 178
8 179
9 10
9 11
9 12
9 13
9 14
9 15
9 16
9 17
9 18
9 19
9 22
9 23
9 24
9 25
9 27
9 28
9 30
9 31
9 33
9 36
9 37
9 40
9 43
9 44
9 45
9 47
9 50
9 51
9 52
9 54
9 55
9 56
9 57
9 58
9 60
9 61
9 63
9 65
9 67
9 68
9 70
9 71
9 72
9 73
9 74
9 75
9 80
9 81
9 84
9 85
9 87
9 88
9 90
9 91
9 94
9 95
9 99
9 100
9 101
9 102
9 103
9 104
9 105
9 106
9 107
9 109
9 110
9 111
9 114
9 115
9 116
9 117
9 119
9 121
9 123
9 126
9 127
9 128
9 130
9 131
9 133
9 134
9 137
9 138
9 139
9 142
9 146
9 147
9 149
9 150
9 152
9 153
9 155
9 157
9 160
9 163
9 167
9 168
9 170
9 171
9 176
9 177
9 178
10 11
10 12
10 14
10 17
10 18
10 19
10 20
10 22
10 23
10 24
10 25
10 26
10 27
10 28
10 29
10 30
10 32
10 37
10 38
10 41
10 42
10 45
10 47
10 49
10 50
10 53
10 55
10 56
10 57
10 58
10 59
10 61
10 62
10 65
10 66
10 70
10 71
10 74
10 76
10 80
10 82
10 84
10 85
10 86
10 87
10 88
10 92
10 94
10 95
10 96
10 97
10 98
10 100
10 101
10 104
10 105
10 108
10 110
10 111
10 115
10 117
10 118
10 119
10 120
10 121
10 124
10 125
10 126
10 129
10 131
10 132
10 136
10 139
10 143
10 145
10 147
10 148
10 149
10 150
10 151
10 152
10 153
10 161
10 165
10 166
10 168
10 169
10 170
10 172
10 174
10 177
11 12
11 13
11 16
11 18
11 20
11 22
11 26
11 28
11 29
11 30
11 32
11 33
11 34
11 35
11 36
11 40
11 42
11 43
11 44
11 45
11 48
11 51
11 53
11 54
11 55
11 56
11 64
11 66
11 67
11 69
11 70
11 71
11 72
11 73
11 74
11 77
11 81
11 83
11 85
11 89
11 90
11 95
11 97
11 99
11 100
11 102
11 103
11 104
11 106
11 107
11 108
11 109
11 110
11 111
11 112
11 113
11 114
11 115
11 116
11 119
11 124
11 127
11 128
11 129
11 130
11 134
11 135
11 137
11 138
11 139
11 140
11 142
11 143
11 145
11 146
11 147
11 149
11 150
11 151
11 152
11 159
11 161
11 162
11 163
11 164
11 166
11 167
11 168
11 169
11 170
11 173
11 174
11 176
11 177
11 178
11 179
12 13
12 14
12 15
12 17
12 20
12 22
12 23
12 24
12 26
12 27
12 28
12 30
12 31
12 33
12 34
12 35
12 36
12 37
12 40
12 41
12 43
12 45
12 46
12 47
12 48
12 49
12 50
12 52
12 53
12 55
12 56
12 59
12 60
12 61
12 63
12 64
12 65
12 66
12 67
12 68
12 71
12 74
12 75
12 76
12 79
12 81
12 84
12 85
12 86
12 88
12 89
12 91
12 92
12 94
12 96
12 98
12 100
12 102
12 103
12 106
12 107
12 108
12 110
12 112
12 113
12 114
12 116
12 117
12 118
12 119
12 121
12 122
12 123
12 125
12 128
12 129
12 130
12 131
12 132
12 134
12 135
12 136
12 137
12 138
12 139
12 141
12 142
12 143
12 145
12 147
12 148
12 150
12 153
12 154
12 157
12 158
12 159
12 160
12 161
12 162
12 163
12 164
12 165
12 167
12 170
12 172
12 173
12 175
13 14
13 15
13 16
13 17
13 20
13 24
13 25
13 26
13 27
13 28
13 29
13 30
13 31
13 32
13 34
13 36
13 39
13 41
13 42
13 43
13 44
13 45
13 47
13 48
13 49
13 52
13 54
13 55
13 56
13 57
13 59
13 61
13 64
13 65
13 67
13 68
13 69
13 70
13 71
13 73
13 74
13 75
13 76
13 77
13 78
13 80
13 81
13 82
13 83
13 84
13 85
13 86
13 89
13 90
13 92
13 93
13 95
13 96
13 97
13 98
13 99
13 101
13 104
13 105
13 106
13 107
13 108
13 110
13 111
13 112
13 113
13 114
13 115
13 117
13 118
13 119
13 120
13 121
13 124
13 126
13 127
13 130
13 131
13 132
13 133
13 135
13 137
13 138
13 141
13 142
13 144
13 147
13 148
13 154
13 155
13 158
13 159
13 163
13 166
13 167
13 169
13 170
13 172
13 173
13 174
13 175
13 176
14 15
14 16
14 17
14 18
14 19
14 22
14 23
14 24
14 25
14 27
14 31
14 32
14 33
14 35
14 40
14 44
14 45
14 46
14 47
14 49
14 50
14 51
14 52
14 53
14 54
14 56
14 58
14 59
14 60
14 61
14 63
14 65
14 68
14 69
14 71
14 72
14 73
14 76
14 78
14 80
14 81
14 82
14 83
14 86
14 89
14 91
14 92
14 97
14 98
14 99
14 103
14 104
14 105
14 107
14 108
14 113
14 114
14 116
14 117
14 120
14 124
14 128
14 130
14 134
14 135
14 136
14 137
14 142
14 143
14 144
14 145
14 146
14 148
14 149
14 151
14 152
14 155
14 156
14 157
14 158
14 160
14 163
14 164
14 165
14 166
14 167
14 171
14 173
14 175
14 176
14 179
15 16
15 17
15 19
15 21
15 22
15 23
15 26
15 28
15 29
15 30
15 31
15 32
15 33
15 34
15 35
15 36
15 38
15 40
15 41
15 42
15 45
15 46
15 47
15 50
15 51
15 52
15 53
15 59
15 60
15 61
15 62
15 63
15 64
15 65
15 67
15 69
15 70
15 71
15 72
15 74
15 77
15 79
15 81
15 82
15 83
15 85
15 87
15 88
15 89
15 90
15 94
15 95
15 96
15 97
15 98
15 99
15 101
15 102
15 103
15 105
15 108
15 109
15 110
15 111
15 112
15 113
15 114
15 117
15 118
15 121
15 123
15 124
15 125
15 126
15 131
15 132
15 133
15 134
15 135
15 137
15 138
15 142
15 145
15 146
15 147
15 150
15 152
15 153
15 154
15 155
15 159
15 162
15 163
15 164
15 166
15 169
15 171
15 172
15 173
15 174
15 176
16 17
16 19
16 21
16 24
16 25
16 27
16 28
16 30
16 31
16 33
16 34
16 37
16 38
16 40
16 41
16 42
16 43
16 44
16 48
16 49
16 50
16 51
16 52
16 53
16 55
16 56
16 58
16 60
16 62
16 63
16 65
16 66
16 69
16 71
16 74
16 75
16 76
16 77
16 78
16 79
16 80
16 81
16 82
16 85
16 88
16 89
16 92
16 93
16 95
16 97
16 98
16 99
16 100
16 110
16 112
16 114
16 116
16 117
16 118
16 119
16 121
16 122
16 123
16 124
16 125
16 126
16 128
16 129
16 130
16 131
16 132
16 133
16 134
16 136
16 138
16 139
16 140
16 144
16 146
16 148
16 150
16 151
16 153
16 154
16 155
16 156
16 158
16 159
16 161
16 163
16 164
16 166
16 169
16 171
16 172
16 176
17 18
17 20
17 21
17 23
17 24
17 25
17 27
17 29
17 31
17 33
17 34
17 35
17 37
17 38
17 39
17 40
17 41
17 42
17 43
17 45
17 46
17 47
17 49
17 52
17 53
17 55
17 59
17 60
17 63
17 66
17 68
17 70
17 71
17 73
17 77
17 78
17 79
17 80
17 81
17 82
17 83
17 84
17 85
17 90
17 92
17 97
17 99
17 100
17 101
17 104
17 105
17 106
17 108
17 109
17 110
17 111
17 115
17 116
17 120
17 121
17 122
17 123
17 124
17 125
17 127
17 128
17 129
17 130
17 132
17 134
17 136
17 140
17 143
17 144
17 145
17 146
17 149
17 150
17 153
17 154
17 157
17 158
17 160
17 161
17 162
17 167
17 168
17 169
17 171
17 172
17 174
17 175
17 176
17 177
17 178
17 179
18 19
18 20
18 21
18 23
18 25
18 26
18 28
18 29
18 30
18 31
18 32
18 35
18 36
18 38
18 41
18 42
18 43
18 45
18 46
18 48
18 49
18 52
18 54
18 55
18 57
18 60
18 61
18 62
18 64
18 65
18 66
18 67
18 69
18 70
18 72
18 75
18 77
18 78
18 79
18 84
18 87
18 89
18 90
18 92
18 93
18 95
18 96
18 97
18 99
18 102
18 105
18 106
18 107
18 109
18 110
18 112
18 114
18 115
18 116
18 117
18 120
18 123
18 124
18 125
18 128
18 129
18 130
18 131
18 134
18 135
18 136
18 137
18 143
18 144
18 148
18 149
18 151
18 153
18 154
18 156
18 157
18 158
18 159
18 160
18 161
18 164
18 165
18 166
18 169
18 172
18 174
18 176
18 177
19 20
19 21
19 23
19 24
19 25
19 26
19 27
19 28
19 29
19 30
19 31
19 32
19 33
19 34
19 35
19 36
19 38
19 39
19 40
19 41
19 43
19 45
19 46
19 47
19 48
19 50
19 52
19 53
19 54
19 55
19 57
19 58
19 59
19 62
19 63
19 64
19 66
19 70
19 71
19 73
19 74
19 75
19 76
19 77
19 78
19 80
19 84
19 86
19 88
19 89
19 91
19 93
19 94
19 95
19 99
19 101
19 103
19 104
19 107
19 111
19 112
19 113
19 114
19 116
19 118
19 123
19 126
19 127
19 128
19 134
19 135
19 136
19 137
19 139
19 140
19 141
19 142
19 143
19 145
19 148
19 150
19 151
19 155
19 157
19 159
19 161
19 162
19 163
19 165
19 166
19 169
19 172
19 173
20 21
20 23
20 26
20 28
20 29
20 31
20 33
20 34
20 36
20 37
20 38
20 39
20 40
20 41
20 42
20 43
20 44
20 45
20 46
20 47
20 49
20 51
20 53
20 54
20 58
20 62
20 64
20 70
20 73
20 74
20 76
20 79
20 80
20 81
20 83
20 85
20 87
20 91
20 92
20 94
20 95
20 96
20 99
20 100
20 103
20 106
20 108
20 111
20 113
20 115
20 118
20 119
20 120
20 121
20 122
20 124
20 125
20 126
20 128
20 129
20 133
20 135
20 136
20 139
20 141
20 143
20 144
20 145
20 146
20 148
20 151
20 153
20 157
20 158
20 161
20 163
20 164
20 165
20 166
20 168
20 170
20 171
20 174
20 177
20 178
21 22
21 23
21 25
21 26
21 28
21 30
21 31
21 32
21 33
21 34
21 36
21 39
21 40
21 41
21 44
21 45
21 46
21 47
21 48
21 49
21 50
21 52
21 53
21 54
21 55
21 59
21 60
21 61
21 62
21 64
21 65
21 66
21 67
21 68
21 69
21 73
21 74
21 75
21 76
21 77
21 78
21 80
21 82
21 84
21 86
21 89
21 90
21 93
21 94
21 97
21 98
21 99
21 100
21 101
21 103
21 108
21 109
21 111
21 112
21 114
21 116
21 118
21 121
21 122
21 123
21 124
21 125
21 126
21 132
21 133
21 134
21 136
21 138
21 139
21 142
21 144
21 145
21 148
21 149
21 150
21 153
21 155
21 160
21 162
21 164
21 166
21 173
21 176
21 177
21 178
21 179
22 23
22 24
22 26
22 28
22 29
22 30
22 31
22 32
22 33
22 35
22 36
22 37
22 38
22 39
22 40
22 42
22 44
22 46
22 48
22 49
22 50
22 51
22 53
22 54
22 55
22 59
22 60
22 61
22 62
22 63
22 66
22 67
22 68
22 69
22 71
22 73
22 75
22 77
22 79
22 81
22 82
22 83
22 86
22 87
22 93
22 94
22 95
22 97
22 98
22 100
22 101
22 102
22 103
22 104
22 106
22 107
22 108
22 109
22 111
22 112
22 113
22 115
22 116
22 117
22 118
22 124
22 125
22 127
22 128
22 129
22 132
22 134
22 139
22 141
22 142
22 144
22 146
22 147
22 148
22 149
22 151
22 152
22 153
22 155
22 157
22 158
22 160
22 161
22 164
22 165
22 168
22 170
22 173
22 176
22 179
23 28
23 30
23 31
23 32
23 34
23 36
23 39
23 40
23 41
23 42
23 44
23 46
23 48
23 49
23 50
23 51
23 52
23 54
23 55
23 57
23 58
23 60
23 62
23 64
23 65
23 66
23 67
23 69
23 71
23 72
23 74
23 75
23 76
23 78
23 79
23 80
23 81
23 84
23 87
23 89
23 93
23 94
23 97
23 98
23 101
23 103
23 104
23 107
23 108
23 111
23 115
23 116
23 117
23 118
23 119
23 120
23 121
23 122
23 123
23 124
23 125
23 126
23 127
23 128
23 129
23 132
23 133
23 134
23 136
23 137
23 141
23 149
23 152
23 155
23 159
23 160
23 161
23 162
23 163
23 168
23 174
23 176
23 179
24 25
24 26
24 29
24 31
24 33
24 34
24 36
24 38
24 39
24 41
24 43
24 44
24 45
24 46
24 48
24 49
24 50
24 51
24 53
24 54
24 60
24 61
24 62
24 65
24 68
24 69
24 71
24 72
24 73
24 74
24 79
24 81
24 83
24 84
24 85
24 87
24 92
24 93
24 96
24 97
24 101
24 102
24 103
24 106
24 107
24 108
24 109
24 116
24 117
24 118
24 119
24 120
24 121
24 124
24 125
24 126
24 127
24 129
24 130
24 132
24 133
24 134
24 135
24 136
24 137
24 138
24 141
24 144
24 146
24 148
24 149
24 154
24 155
24 157
24 158
24 160
24 161
24 162
24 163
24 164
24 165
24 166
24 167
24 168
24 172
24 173
24 175
24 179
25 27
25 28
25 30
25 32
25 33
25 36
25 38
25 39
25 40
25 41
25 42
25 46
25 48
25 50
25 52
25 53
25 54
25 55
25 56
25 58
25 59
25 61
25 62
25 63
25 64
25 66
25 69
25 70
25 71
25 73
25 74
25 78
25 79
25 83
25 84
25 85
25 86
25 87
25 88
25 89
25 92
25 93
25 94
25 95
25 97
25 98
25 99
25 100
25 102
25 104
25 106
25 107
25 108
25 109
25 110
25 112
25 113
25 118
25 119
25 125
25 127
25 128
25 131
25 134
25 136
25 138
25 139
25 143
25 146
25 147
25 148
25 150
25 152
25 153
25 156
25 159
25 161
25 162
25 165
25 166
25 168
25 170
25 171
25 172
25 173
25 175
25 176
25 177
26 28
26 30
26 32
26 36
26 37
26 39
26 40
26 42
26 43
26 45
26 46
26 47
26 48
26 50
26 51
26 52
26 53
26 55
26 56
26 57
26 60
26 64
26 65
26 66
26 67
26 68
26 70
26 72
26 74
26 75
26 77
26 81
26 82
26 88
26 91
26 92
26 93
26 94
26 95
26 99
26 100
26 101
26 104
26 105
26 106
26 109
26 110
26 114
26 117
26 118
26 120
26 122
26 124
26 128
26 129
26 130
26 131
26 132
26 136
26 137
26 138
26 140
26 145
26 146
26 148
26 153
26 154
26 157
26 159
26 162
26 163
26 164
26 167
26 169
26 171
26 173
26 177
26 178
26 179
27 29
27 30
27 32
27 33
27 34
27 36
27 44
27 46
27 48
27 49
27 51
27 52
27 53
27 55
27 56
27 60
27 61
27 62
27 63
27 64
27 66
27 67
27 68
27 69
27 70
27 71
27 72
27 73
27 74
27 75
27 77
27 79
27 81
27 82
27 83
27 84
27 85
27 86
27 87
27 89
27 91
27 92
27 94
27 95
27 97
27 101
27 102
27 103
27 107
27 109
27 110
27 114
27 116
27 117
27 118
27 119
27 121
27 123
27 124
27 128
27 132
27 133
27 134
27 135
27 137
27 138
27 140
27 141
27 142
27 143
27 144
27 146
27 147
27 148
27 152
27 159
27 160
27 162
27 163
27 164
27 165
27 166
27 170
27 171
27 173
27 174
27 177
27 179
28 29
28 31
28 32
28 33
28 35
28 37
28 38
28 40
28 42
28 43
28 44
28 46
28 48
28 49
28 51
28 54
28 55
28 56
28 57
28 59
28 61
28 66
28 68
28 72
28 73
28 75
28 77
28 78
28 79
28 80
28 83
28 84
28 87
28 88
28 90
28 91
28 92
28 96
28 102
28 103
28 104
28 105
28 107
28 108
28 110
28 111
28 112
28 113
28 115
28 116
28 117
28 118
28 119
28 121
28 124
28 127
28 130
28 133
28 134
28 135
28 136
28 137
28 140
28 141
28 142
28 144
28 145
28 149
28 150
28 153
28 156
28 157
28 158
28 159
28 160
28 161
28 162
28 164
28 165
28 170
28 171
28 173
28 175
28 177
28 178
28 179
29 30
29 31
29 32
29 33
29 36
29 37
29 38
29 40
29 42
29 43
29 44
29 47
29 48
29 49
29 50
29 53
29 55
29 56
29 57
29 58
29 59
29 60
29 62
29 63
29 64
29 66
29 69
29 70
29 72
29 74
29 79
29 80
29 83
29 84
29 88
29 89
29 90
29 94
29 98
29 99
29 100
29 103
29 104
29 106
29 108
29 111
29 112
29 115
29 116
29 118
29 119
29 120
29 122
29 124
29 127
29 129
29 132
29 134
29 137
29 138
29 139
29 140
29 141
29 143
29 144
29 147
29 151
29 153
29 154
29 157
29 158
29 159
29 160
29 161
29 162
29 164
29 166
29 168
29 170
29 171
29 172
29 173
29 174
29 177
29 178
29 179
30 32
30 33
30 34
30 35
30 36
30 38
30 39
30 42
30 43
30 44
30 45
30 46
30 47
30 48
30 50
30 52
30 56
30 58
30 60
30 62
30 63
30 65
30 69
30 70
30 71
30 76
30 77
30 78
30 80
30 81
30 83
30 84
30 86
30 87
30 90
30 91
30 92
30 94
30 95
30 97
30 100
30 101
30 102
30 104
30 105
30 106
30 107
30 109
30 111
30 114
30 115
30 116
30 122
30 123
30 125
30 127
30 128
30 129
30 132
30 133
30 134
30 136
30 137
30 138
30 139
30 140
30 141
30 142
30 146
30 148
30 150
30 151
30 153
30 159
30 160
30 163
30 166
30 167
30 168
30 169
30 170
30 174
30 178
31 32
31 33
31 34
31 35
31 36
31 37
31 42
31 43
31 45
31 46
31 47
31 48
31 51
31 53
31 55
31 57
31 58
31 59
31 60
31 61
31 62
31 65
31 66
31 67
31 68
31 69
31 70
31 73
31 74
31 75
31 77
31 78
31 80
31 92
31 94
31 95
31 97
31 100
31 101
31 102
31 103
31 104
31 105
31 106
31 109
31 111
31 115
31 116
31 119
31 120
31 123
31 125
31 128
31 130
31 132
31 133
31 135
31 137
31 138
31 139
31 140
31 143
31 144
31 147
31 149
31 150
31 154
31 158
31 159
31 161
31 162
31 164
31 167
31 168
31 171
31 173
31 174
31 176
31 177
31 179
32 34
32 36
32 37
32 38
32 40
32 41
32 42
32 43
32 46
32 47
32 48
32 50
32 51
32 53
32 56
32 58
32 59
32 60
32 62
32 64
32 65
32 66
32 67
32 68
32 69
32 71
32 72
32 74
32 78
32 82
32 83
32 85
32 86
32 87
32 90
32 91
32 93
32 94
32 97
32 103
32 105
32 107
32 109
32 112
32 114
32 115
32 117
32 118
32 119
32 120
32 126
32 127
32 128
32 132
32 135
32 136
32 139
32 140
32 141
32 142
32 144
32 146
32 148
32 151
32 152
32 153
32 155
32 158
32 160
32 161
32 166
32 167
32 169
32 175
32 176
32 177
32 178
32 179
33 36
33 37
33 39
33 41
33 42
33 47
33 48
33 49
33 50
33 51
33 53
33 54
33 55
33 58
33 59
33 60
33 62
33 64
33 67
33 68
33 69
33 73
33 74
33 75
33 77
33 79
33 80
33 83
33 86
33 88
33 91
33 95
33 96
33 97
33 99
33 101
33 103
33 104
33 107
33 109
33 111
33 112
33 113
33 115
33 120
33 122
33 123
33 124
33 125
33 126
33 128
33 131
33 135
33 136
33 137
33 139
33 140
33 142
33 145
33 148
33 149
33 151
33 156
33 159
33 160
33 165
33 167
33 168
33 170
33 174
33 179
34 36
34 38
34 39
34 41
34 44
34 47
34 50
34 53
34 54
34 57
34 58
34 59
34 60
34 61
34 62
34 64
34 65
34 66
34 67
34 70
34 74
34 76
34 77
34 78
34 79
34 82
34 83
34 84
34 85
34 87
34 89
34 91
34 93
34 94
34 96
34 97
34 98
34 99
34 104
34 108
34 112
34 113
34 114
34 115
34 118
34 119
34 120
34 121
34 124
34 126
34 129
34 130
34 131
34 132
34 133
34 134
34 135
34 136
34 138
34 139
34 140
34 141
34 146
34 147
34 151
34 153
34 156
34 163
34 164
34 167
34 170
34 171
34 172
34 174
34 176
34 177
34 178
34 179
35 37
35 38
35 41
35 44
35 45
35 47
35 48
35 49
35 51
35 52
35 53
35 56
35 57
35 59
35 61
35 64
35 65
35 66
35 67
35 72
35 74
35 75
35 78
35 80
35 83
35 84
35 86
35 91
35 92
35 93
35 94
35 96
35 97
35 100
35 101
35 103
35 104
35 105
35 109
35 110
35 113
35 114
35 115
35 116
35 117
35 118
35 120
35 121
35 122
35 123
35 124
35 125
35 127
35 129
35 130
35 131
35 135
35 136
35 137
35 138
35 139
35 140
35 143
35 145
35 146
35 149
35 151
35 154
35 155
35 156
35 157
35 159
35 160
35 161
35 162
35 163
35 166
35 176
35 177
36 37
36 38
36 39
36 40
36 43
36 44
36 45
36 46
36 49
36 56
36 57
36 58
36 59
36 60
36 62
36 64
36 68
36 69
36 70
36 71
36 73
36 75
36 76
36 77
36 78
36 83
36 84
36 85
36 87
36 89
36 90
36 91
36 92
36 94
36 95
36 96
36 98
36 100
36 101
36 105
36 108
36 109
36 111
36 114
36 115
36 116
36 117
36 121
36 122
36 123
36 126
36 128
36 131
36 133
36 138
36 139
36 141
36 143
36 144
36 147
36 149
36 150
36 151
36 153
36 154
36 155
36 159
36 161
36 163
36 166
36 170
36 172
36 173
36 174
36 175
36 179
37 38
37 40
37 41
37 42
37 44
37 47
37 49
37 51
37 59
37 60
37 63
37 64
37 67
37 69
37 72
37 73
37 74
37 75
37 76
37 79
37 80
37 81
37 82
37 83
37 86
37 88
37 89
37 92
37 93
37 94
37 95
37 96
37 98
37 99
37 102
37 103
37 105
37 106
37 108
37 110
37 113
37 114
37 115
37 116
37 117
37 119
37 120
37 122
37 124
37 125
37 127
37 128
37 130
37 131
37 133
37 134
37 136
37 138
37 140
37 144
37 145
37 146
37 148
37 150
37 152
37 157
37 158
37 160
37 162
37 164
37 165
37 166
37 168
37 170
37 174
37 175
37 178
38 41
38 42
38 43
38 47
38 48
38 49
38 50
38 51
38 52
38 53
38 54
38 55
38 59
38 61
38 62
38 64
38 69
38 71
38 73
38 75
38 76
38 80
38 81
38 83
38 84
38 87
38 88
38 89
38 90
38 91
38 93
38 96
38 97
38 99
38 104
38 106
38 107
38 108
38 113
38 115
38 116
38 117
38 118
38 122
38 123
38 124
38 125
38 126
38 127
38 129
38 130
38 131
38 132
38 133
38 137
38 138
38 145
38 147
38 148
38 149
38 152
38 153
38 154
38 157
38 159
38 160
38 161
38 164
38 166
38 167
38 168
38 169
38 172
38 173
38 176
38 177
38 178
39 41
39 42
39 43
39 44
39 48
39 49
39 50
39 51
39 53
39 55
39 57
39 58
39 59
39 62
39 63
39 65
39 66
39 67
39 68
39 69
39 70
39 72
39 75
39 76
39 79
39 80
39 81
39 82
39 85
39 86
39 87
39 88
39 90
39 91
39 95
39 98
39 100
39 101
39 102
39 104
39 105
39 106
39 108
39 109
39 113
39 117
39 120
39 122
39 123
39 125
39 127
39 128
39 129
39 132
39 134
39 135
39 136
39 137
39 138
39 140
39 141
39 142
39 147
39 148
39 153
39 154
39 156
39 157
39 162
39 163
39 164
39 165
39 168
39 169
39 171
39 172
39 175
39 177
39 179
40 44
40 45
40 46
40 48
40 50
40 51
40 53
40 56
40 58
40 60
40 61
40 62
40 64
40 65
40 68
40 70
40 72
40 73
40 75
40 77
40 78
40 79
40 81
40 83
40 84
40 85
40 86
40 88
40 89
40 90
40 93
40 94
40 96
40 97
40 98
40 99
40 103
40 106
40 107
40 108
40 111
40 112
40 113
40 121
40 123
40 124
40 128
40 129
40 130
40 133
40 135
40 136
40 137
40 138
40 141
40 143
40 144
40 145
40 147
40 150
40 152
40 154
40 155
40 156
40 157
40 158
40 159
40 163
40 164
40 167
40 169
40 171
40 172
40 173
40 174
40 175
41 43
41 44
41 45
41 46
41 48
41 51
41 53
41 55
41 56
41 57
41 59
41 62
41 63
41 64
41 65
41 66
41 71
41 73
41 76
41 77
41 78
41 79
41 80
41 81
41 82
41 83
41 85
41 86
41 88
41 89
41 90
41 91
41 92
41 93
41 95
41 96
41 99
41 100
41 104
41 105
41 109
41 110
41 118
41 119
41 120
41 122
41 126
41 127
41 135
41 140
41 142
41 144
41 147
41 149
41 150
41 151
41 152
41 153
41 154
41 157
41 162
41 163
41 164
41 167
41 170
41 176
41 177
41 179
42 44
42 45
42 46
42 47
42 48
42 49
42 50
42 52
42 57
42 59
42 63
42 64
42 65
42 67
42 70
42 73
42 75
42 76
42 77
42 80
42 83
42 84
42 85
42 87
42 89
42 92
42 93
42 95
42 97
42 98
42 100
42 103
42 104
42 105
42 107
42 109
42 112
42 115
42 116
42 117
42 118
42 119
42 120
42 121
42 123
42 124
42 125
42 126
42 128
42 129
42 132
42 135
42 136
42 138
42 139
42 144
42 145
42 147
42 148
42 151
42 152
42 153
42 156
42 157
42 158
42 159
42 160
42 161
42 162
42 167
42 168
42 169
42 170
42 171
42 173
42 175
42 178
43 44
43 46
43 47
43 49
43 50
43 51
43 56
43 57
43 58
43 59
43 60
43 61
43 65
43 66
43 67
43 71
43 72
43 73
43 74
43 79
43 80
43 82
43 85
43 87
43 88
43 89
43 90
43 91
43 93
43 97
43 99
43 102
43 106
43 108
43 110
43 112
43 114
43 115
43 117
43 118
43 121
43 122
43 123
43 124
43 125
43 129
43 130
43 137
43 138
43 139
43 140
43 141
43 143
43 145
43 148
43 149
43 150
43 153
43 155
43 157
43 160
43 161
43 165
43 167
43 170
43 172
43 173
43 174
43 175
43 176
43 177
44 45
44 47
44 48
44 49
44 52
44 54
44 55
44 56
44 58
44 59
44 60
44 61
44 64
44 66
44 71
44 72
44 73
44 74
44 77
44 78
44 79
44 82
44 84
44 85
44 86
44 87
44 88
44 91
44 94
44 95
44 96
44 97
44 103
44 104
44 105
44 106
44 108
44 109
44 110
44 112
44 114
44 115
44 116
44 119
44 121
44 122
44 123
44 125
44 127
44 128
44 129
44 131
44 133
44 135
44 140
44 141
44 144
44 148
44 150
44 151
44 154
44 155
44 158
44 159
44 161
44 163
44 167
44 168
44 170
44 174
44 176
44 179
45 46
45 47
45 48
45 49
45 52
45 53
45 54
45 55
45 56
45 57
45 58
45 60
45 61
45 62
45 64
45 65
45 66
45 67
45 70
45 71
45 72
45 74
45 76
45 78
45 81
45 82
45 84
45 85
45 88
45 91
45 92
45 93
45 95
45 96
45 97
45 100
45 101
45 102
45 103
45 106
45 107
45 110
45 112
45 114
45 115
45 116
45 117
45 118
45 119
45 120
45 122
45 129
45 130
45 131
45 134
45 136
45 139
45 140
45 141
45 144
45 145
45 146
45 147
45 148
45 149
45 150
45 152
45 153
45 155
45 160
45 162
45 165
45 167
45 168
45 178
45 179
46 48
46 49
46 53
46 54
46 57
46 58
46 60
46 61
46 62
46 64
46 65
46 67
46 68
46 69
46 71
46 72
46 73
46 75
46 76
46 77
46 78
46 79
46 80
46 81
46 86
46 88
46 92
46 96
46 98
46 99
46 100
46 101
46 102
46 104
46 110
46 111
46 112
46 113
46 114
46 115
46 117
46 119
46 122
46 123
46 125
46 127
46 128
46 130
46 133
46 134
46 135
46 137
46 141
46 142
46 143
46 144
46 147
46 148
46 150
46 151
46 153
46 156
46 157
46 159
46 160
46 161
46 162
46 163
46 166
46 168
46 169
46 171
46 172
46 173
46 174
46 175
46 179
47 50
47 52
47 53
47 55
47 56
47 57
47 58
47 59
47 62
47 63
47 64
47 65
47 66
47 67
47 69
47 70
47 71
47 72
47 76
47 77
47 79
47 84
47 85
47 86
47 87
47 88
47 89
47 90
47 91
47 93
47 94
47 99
47 100
47 101
47 102
47 106
47 107
47 110
47 113
47 115
47 116
47 117
47 118
47 120
47 121
47 122
47 132
47 133
47 135
47 137
47 139
47 142
47 144
47 145
47 146
47 147
47 150
47 154
47 155
47 156
47 157
47 158
47 159
47 160
47 165
47 166
47 169
47 170
47 173
47 174
47 175
47 178
48 49
48 50
48 51
48 52
48 53
48 54
48 55
48 56
48 57
48 60
48 62
48 63
48 64
48 65
48 66
48 67
48 68
48 69
48 70
48 71
48 72
48 75
48 77
48 78
48 81
48 82
48 83
48 88
48 89
48 90
48 91
48 92
48 93
48 94
48 95
48 96
48 99
48 100
48 105
48 106
48 111
48 112
48 116
48 119
48 120
48 122
48 123
48 128
48 130
48 136
48 137
48 140
48 143
48 144
48 145
48 149
48 152
48 153
48 158
48 163
48 166
48 168
48 169
48 172
48 173
48 175
48 177
49 51
49 53
49 54
49 55
49 56
49 58
49 59
49 60
49 61
49 62
49 64
49 65
49 66
49 69
49 70
49 71
49 72
49 73
49 75
49 78
49 79
49 81
49 82
49 85
49 86
49 87
49 88
49 89
49 94
49 96
49 98
49 99
49 100
49 101
49 102
49 105
49 106
49 107
49 110
49 111
49 112
49 113
49 114
49 125
49 126
49 128
49 131
49 132
49 134
49 135
49 140
49 141
49 142
49 145
49 148
49 161
49 164
49 166
49 169
49 172
49 177
49 178
50 51
50 52
50 56
50 57
50 58
50 62
50 64
50 65
50 68
50 69
50 70
50 72
50 73
50 74
50 75
50 76
50 79
50 80
50 81
50 82
50 83
50 85
50 88
50 89
50 91
50 92
50 93
50 95
50 100
50 103
50 106
50 107
50 108
50 109
50 110
50 113
50 115
50 117
50 119
50 121
50 122
50 123
50 124
50 125
50 128
50 129
50 130
50 134
50 135
50 137
50 138
50 140
50 142
50 147
50 155
50 157
50 158
50 159
50 163
50 164
50 165
50 169
50 171
50 172
50 174
50 175
50 177
51 52
51 53
51 57
51 59
51 60
51 62
51 63
51 66
51 67
51 68
51 70
51 71
51 73
51 74
51 75
51 76
51 77
51 79
51 81
51 83
51 84
51 86
51 87
51 88
51 91
51 94
51 97
51 100
51 101
51 102
51 104
51 107
51 109
51 112
51 113
51 116
51 117
51 119
51 121
51 123
51 127
51 129
51 130
51 132
51 133
51 134
51 137
51 138
51 139
51 143
51 144
51 146
51 147
51 148
51 149
51 153
51 154
51 155
51 156
51 158
51 159
51 162
51 164
51 166
51 168
51 170
51 175
51 178
52 54
52 55
52 58
52 60
52 61
52 62
52 63
52 68
52 70
52 71
52 72
52 74
52 77
52 78
52 79
52 80
52 81
52 83
52 86
52 91
52 92
52 93
52 102
52 103
52 104
52 105
52 108
52 111
52 114
52 116
52 117
52 118
52 119
52 120
52 122
52 125
52 126
52 128
52 129
52 130
52 132
52 133
52 134
52 139
52 140
52 142
52 144
52 145
52 146
52 148
52 150
52 153
52 155
52 156
52 159
52 160
52 161
52 163
52 165
52 167
52 168
52 170
52 174
52 176
52 177
52 179
53 54
53 56
53 57
53 58
53 59
53 60
53 65
53 66
53 68
53 69
53 71
53 72
53 73
53 75
53 76
53 78
53 79
53 81
53 84
53 85
53 87
53 90
53 95
53 96
53 97
53 98
53 104
53 105
53 106
53 107
53 110
53 111
53 112
53 118
53 121
53 122
53 123
53 124
53 126
53 132
53 136
53 137
53 138
53 139
53 144
53 145
53 147
53 149
53 152
53 157
53 158
53 160
53 162
53 163
53 165
53 166
53 170
53 171
53 172
53 175
53 176
53 178
53 179
54 56
54 57
54 58
54 59
54 61
54 62
54 64
54 65
54 66
54 68
54 69
54 71
54 73
54 80
54 83
54 84
54 86
54 88
54 92
54 93
54 94
54 96
54 99
54 106
54 108
54 110
54 112
54 116
54 117
54 120
54 121
54 125
54 130
54 131
54 132
54 133
54 135
54 137
54 140
54 142
54 147
54 149
54 150
54 151
54 152
54 153
54 154
54 155
54 156
54 157
54 159
54 160
54 164
54 165
54 166
54 168
54 169
54 170
54 172
54 174
54 175
54 176
54 177
54 178
55 58
55 59
55 60
55 61
55 65
55 68
55 69
55 70
55 71
55 72
55 73
55 75
55 77
55 78
55 79
55 84
55 85
55 86
55 88
55 89
55 90
55 94
55 95
55 96
55 97
55 98
55 99
55 101
55 102
55 103
55 104
55 108
55 111
55 113
55 114
55 115
55 116
55 118
55 120
55 121
55 123
55 124
55 125
55 126
55 128
55 133
55 138
55 139
55 142
55 144
55 147
55 148
55 151
55 153
55 154
55 156
55 157
55 164
55 168
55 170
55 171
55 175
55 179
56 60
56 66
56 67
56 69
56 70
56 73
56 74
56 77
56 78
56 83
56 85
56 86
56 93
56 94
56 96
56 97
56 98
56 100
56 101
56 104
56 105
56 106
56 107
56 108
56 111
56 113
56 114
56 116
56 117
56 118
56 119
56 120
56 123
56 124
56 125
56 127
56 128
56 129
56 130
56 131
56 133
56 134
56 135
56 136
56 138
56 142
56 144
56 146
56 150
56 151
56 152
56 154
56 157
56 158
56 159
56 160
56 163
56 164
56 171
56 172
56 173
56 175
56 177
57 62
57 64
57 66
57 67
57 69
57 73
57 74
57 75
57 76
57 77
57 78
57 79
57 80
57 81
57 83
57 86
57 87
57 88
57 94
57 95
57 97
57 98
57 100
57 101
57 103
57 104
57 106
57 107
57 108
57 110
57 111
57 114
57 120
57 123
57 124
57 125
57 126
57 129
57 131
57 132
57 136
57 141
57 143
57 145
57 146
57 147
57 148
57 152
57 155
57 158
57 159
57 161
57 162
57 164
57 165
57 168
57 169
57 172
57 174
57 175
57 176
57 177
57 179
58 61
58 63
58 65
58 68
58 69
58 71
58 73
58 74
58 75
58 77
58 78
58 80
58 81
58 82
58 86
58 87
58 90
58 91
58 92
58 94
58 95
58 96
58 98
58 99
58 100
58 101
58 102
58 105
58 107
58 110
58 111
58 112
58 115
58 116
58 119
58 121
58 123
58 126
58 128
58 129
58 132
58 134
58 135
58 138
58 139
58 141
58 143
58 145
58 147
58 148
58 149
58 150
58 152
58 153
58 154
58 155
58 156
58 157
58 158
58 159
58 161
58 163
58 164
58 165
58 170
58 171
58 172
58 173
58 176
58 179
59 60
59 63
59 64
59 66
59 67
59 68
59 70
59 71
59 74
59 78
59 79
59 81
59 82
59 84
59 85
59 86
59 88
59 89
59 91
59 92
59 95
59 97
59 99
59 100
59 104
59 105
59 106
59 108
59 109
59 110
59 113
59 114
59 115
59 119
59 122
59 124
59 125
59 126
59 127
59 128
59 130
59 131
59 133
59 138
59 141
59 142
59 143
59 144
59 145
59 147
59 148
59 157
59 158
59 159
59 161
59 166
59 167
59 171
59 174
59 175
59 178
59 179
60 62
60 63
60 64
60 65
60 67
60 68
60 71
60 72
60 75
60 76
60 77
60 78
60 81
60 82
60 83
60 85
60 87
60 88
60 89
60 90
60 94
60 97
60 99
60 100
60 101
60 103
60 107
60 109
60 113
60 114
60 115
60 116
60 117
60 120
60 121
60 124
60 125
60 128
60 130
60 132
60 133
60 134
60 136
60 144
60 145
60 146
60 150
60 151
60 154
60 157
60 158
60 160
60 169
60 172
60 176
60 179
61 63
61 64
61 65
61 66
61 69
61 71
61 72
61 73
61 75
61 76
61 77
61 78
61 79
61 81
61 82
61 85
61 89
61 96
61 98
61 103
61 104
61 106
61 108
61 110
61 111
61 113
61 114
61 115
61 118
61 120
61 121
61 123
61 126
61 127
61 129
61 130
61 131
61 132
61 135
61 136
61 137
61 139
61 140
61 146
61 147
61 150
61 151
61 152
61 156
61 161
61 164
61 167
61 168
61 169
61 170
61 171
61 175
61 178
62 65
62 66
62 67
62 72
62 76
62 77
62 78
62 80
62 84
62 85
62 86
62 95
62 97
62 98
62 99
62 100
62 103
62 104
62 105
62 106
62 107
62 108
62 110
62 111
62 115
62 116
62 119
62 120
62 121
62 123
62 126
62 128
62 130
62 132
62 134
62 138
62 139
62 145
62 146
62 147
62 149
62 151
62 152
62 153
62 160
62 161
62 162
62 163
62 164
62 167
62 169
62 171
62 173
62 175
62 178
63 64
63 65
63 68
63 70
63 71
63 72
63 75
63 76
63 77
63 78
63 79
63 80
63 81
63 84
63 87
63 88
63 89
63 90
63 91
63 92
63 94
63 95
63 96
63 97
63 98
63 100
63 101
63 102
63 103
63 105
63 113
63 114
63 116
63 121
63 122
63 125
63 126
63 127
63 128
63 129
63 132
63 133
63 137
63 139
63 144
63 145
63 148
63 149
63 150
63 151
63 154
63 157
63 158
63 161
63 162
63 164
63 166
63 168
63 169
63 170
63 172
63 175
63 176
63 178
63 179
64 65
64 67
64 70
64 74
64 80
64 82
64 87
64 88
64 91
64 92
64 99
64 100
64 101
64 103
64 104
64 106
64 110
64 112
64 116
64 117
64 119
64 121
64 122
64 123
64 127
64 128
64 129
64 134
64 137
64 139
64 140
64 141
64 143
64 145
64 146
64 148
64 149
64 151
64 152
64 156
64 159
64 161
64 162
64 167
64 168
64 169
64 170
64 173
64 174
64 179
65 66
65 67
65 73
65 74
65 75
65 76
65 80
65 82
65 84
65 89
65 90
65 91
65 92
65 93
65 99
65 100
65 101
65 102
65 109
65 111
65 113
65 119
65 120
65 121
65 123
65 128
65 130
65 131
65 135
65 136
65 138
65 140
65 142
65 143
65 144
65 145
65 146
65 149
65 150
65 153
65 154
65 155
65 156
65 157
65 158
65 159
65 164
65 168
65 172
65 175
65 176
65 178
66 69
66 72
66 74
66 75
66 76
66 78
66 80
66 81
66 84
66 86
66 89
66 90
66 91
66 92
66 95
66 96
66 98
66 109
66 110
66 112
66 117
66 118
66 119
66 126
66 128
66 130
66 131
66 132
66 134
66 135
66 138
66 139
66 143
66 145
66 148
66 149
66 152
66 156
66 158
66 159
66 160
66 166
66 167
66 174
66 175
66 177
66 178
67 68
67 69
67 71
67 72
67 74
67 75
67 77
67 79
67 81
67 82
67 83
67 86
67 88
67 91
67 94
67 99
67 100
67 101
67 102
67 103
67 104
67 107
67 110
67 113
67 114
67 115
67 116
67 121
67 124
67 125
67 126
67 129
67 131
67 133
67 138
67 142
67 143
67 144
67 146
67 147
67 149
67 150
67 151
67 154
67 157
67 158
67 159
67 160
67 161
67 162
67 163
67 164
67 166
67 167
67 169
67 170
67 172
67 174
67 176
67 178
68 69
68 70
68 71
68 73
68 75
68 76
68 77
68 78
68 80
68 82
68 83
68 84
68 86
68 87
68 88
68 89
68 90
68 91
68 92
68 93
68 94
68 96
68 98
68 100
68 102
68 104
68 106
68 107
68 108
68 109
68 114
68 115
68 120
68 122
68 123
68 124
68 126
68 128
68 129
68 131
68 133
68 134
68 136
68 139
68 141
68 143
68 144
68 146
68 147
68 148
68 149
68 150
68 152
68 155
68 161
68 162
68 163
68 164
68 166
68 169
68 172
68 175
68 176
69 70
69 71
69 72
69 74
69 77
69 78
69 79
69 82
69 83
69 84
69 87
69 89
69 91
69 93
69 96
69 98
69 101
69 102
69 103
69 104
69 110
69 111
69 112
69 114
69 115
69 119
69 122
69 123
69 125
69 127
69 128
69 129
69 131
69 134
69 137
69 138
69 139
69 140
69 142
69 147
69 149
69 154
69 158
69 159
69 160
69 161
69 162
69 165
69 166
69 167
69 169
69 170
69 171
69 174
69 176
69 177
69 179
70 73
70 74
70 75
70 76
70 77
70 78
70 80
70 81
70 82
70 83
70 84
70 86
70 88
70 89
70 90
70 91
70 93
70 94
70 96
70 99
70 100
70 101
70 104
70 105
70 106
70 109
70 111
70 112
70 114
70 115
70 118
70 119
70 122
70 123
70 124
70 126
70 129
70 131
70 137
70 138
70 141
70 142
70 145
70 150
70 154
70 155
70 161
70 162
70 165
70 167
70 168
70 169
70 172
70 178
70 179
71 72
71 73
71 75
71 76
71 77
71 78
71 79
71 81
71 82
71 83
71 85
71 87
71 88
71 89
71 93
71 94
71 98
71 100
71 102
71 106
71 107
71 115
71 118
71 126
71 128
71 130
71 131
71 132
71 138
71 139
71 141
71 145
71 146
71 148
71 150
71 152
71 161
71 163
71 164
71 167
71 169
71 176
71 178
71 179
72 73
72 74
72 75
72 77
72 78
72 79
72 80
72 82
72 87
72 90
72 92
72 94
72 95
72 97
72 99
72 101
72 102
72 103
72 104
72 105
72 110
72 111
72 112
72 113
72 114
72 115
72 116
72 120
72 121
72 122
72 123
72 125
72 128
72 129
72 131
72 133
72 136
72 137
72 140
72 144
72 146
72 149
72 150
72 151
72 152
72 158
72 160
72 161
72 162
72 166
72 167
72 168
72 170
72 174
73 75
73 76
73 79
73 81
73 84
73 90
73 92
73 93
73 94
73 95
73 96
73 99
73 106
73 108
73 109
73 110
73 111
73 114
73 115
73 116
73 117
73 119
73 120
73 121
73 125
73 126
73 128
73 129
73 130
73 131
73 133
73 134
73 135
73 136
73 138
73 139
73 141
73 144
73 148
73 149
73 152
73 153
73 155
73 157
73 158
73 159
73 160
73 167
73 169
73 171
73 173
73 175
73 176
73 178
74 75
74 76
74 79
74 80
74 81
74 83
74 84
74 85
74 86
74 87
74 89
74 92
74 96
74 98
74 99
74 100
74 101
74 105
74 108
74 109
74 114
74 116
74 117
74 118
74 121
74 126
74 128
74 132
74 134
74 136
74 137
74 138
74 140
74 142
74 143
74 144
74 145
74 146
74 150
74 151
74 152
74 154
74 157
74 164
74 165
74 166
74 171
74 173
74 174
74 175
74 176
74 177
74 178
75 76
75 80
75 81
75 82
75 83
75 85
75 88
75 89
75 91
75 93
75 95
75 97
75 98
75 101
75 104
75 105
75 107
75 108
75 110
75 111
75 113
75 114
75 115
75 116
75 119
75 120
75 121
75 123
75 126
75 129
75 130
75 137
75 138
75 140
75 141
75 143
75 145
75 146
75 147
75 150
75 151
75 154
75 158
75 169
75 174
75 175
75 177
75 178
75 179
76 77
76 79
76 83
76 85
76 86
76 88
76 89
76 91
76 93
76 95
76 97
76 99
76 101
76 103
76 105
76 106
76 107
76 108
76 109
76 110
76 112
76 117
76 119
76 125
76 131
76 134
76 137
76 138
76 139
76 141
76 144
76 146
76 149
76 150
76 151
76 152
76 153
76 155
76 156
76 157
76 160
76 161
76 165
76 167
76 170
76 171
76 175
77 79
77 81
77 82
77 83
77 84
77 90
77 93
77 95
77 96
77 97
77 98
77 99
77 107
77 110
77 114
77 116
77 119
77 121
77 125
77 128
77 134
77 135
77 136
77 143
77 146
77 148
77 149
77 150
77 152
77 153
77 155
77 157
77 159
77 161
77 162
77 163
77 167
77 168
77 169
77 173
77 177
78 81
78 84
78 86
78 87
78 88
78 89
78 90
78 93
78 96
78 98
78 102
78 104
78 105
78 106
78 108
78 110
78 112
78 113
78 114
78 115
78 119
78 120
78 121
78 123
78 125
78 126
78 130
78 131
78 136
78 142
78 146
78 147
78 149
78 154
78 155
78 156
78 157
78 160
78 162
78 163
78 165
78 167
78 168
78 171
78 173
78 177
79 83
79 85
79 86
79 88
79 89
79 90
79 91
79 92
79 98
79 100
79 101
79 102
79 104
79 106
79 108
79 109
79 110
79 114
79 116
79 117
79 118
79 120
79 121
79 122
79 124
79 125
79 126
79 127
79 128
79 130
79 131
79 132
79 134
79 137
79 140
79 142
79 145
79 146
79 148
79 149
79 150
79 152
79 158
79 161
79 162
79 164
79 165
79 167
79 172
79 173
79 174
79 176
79 178
80 81
80 82
80 84
80 86
80 89
80 92
80 97
80 98
80 99
80 101
80 102
80 106
80 108
80 110
80 111
80 112
80 113
80 114
80 115
80 116
80 118
80 119
80 121
80 122
80 124
80 126
80 127
80 129
80 138
80 139
80 141
80 142
80 143
80 144
80 146
80 147
80 156
80 158
80 159
80 160
80 161
80 163
80 165
80 166
80 167
80 168
80 169
80 170
80 171
80 172
80 173
80 174
80 175
80 176
80 178
80 179
81 82
81 84
81 88
81 89
81 93
81 95
81 96
81 97
81 101
81 102
81 105
81 107
81 108
81 109
81 111
81 112
81 114
81 115
81 119
81 125
81 128
81 131
81 142
81 145
81 148
81 150
81 151
81 153
81 154
81 155
81 156
81 157
81 161
81 164
81 166
81 169
81 170
81 175
82 83
82 85
82 86
82 87
82 88
82 90
82 91
82 92
82 93
82 96
82 99
82 100
82 101
82 103
82 104
82 106
82 107
82 108
82 109
82 115
82 116
82 119
82 120
82 121
82 122
82 123
82 124
82 126
82 127
82 128
82 129
82 130
82 132
82 135
82 136
82 137
82 139
82 140
82 142
82 146
82 149
82 154
82 155
82 159
82 162
82 163
82 164
82 166
82 168
82 169
82 172
82 173
82 174
82 177
82 179
83 84
83 85
83 86
83 87
83 91
83 92
83 94
83 95
83 97
83 99
83 102
83 103
83 104
83 106
83 107
83 108
83 110
83 112
83 113
83 116
83 117
83 119
83 121
83 123
83 124
83 126
83 127
83 131
83 134
83 136
83 137
83 140
83 141
83 145
83 149
83 150
83 152
83 154
83 159
83 162
83 168
83 171
83 172
83 173
83 174
83 176
83 178
84 89
84 91
84 92
84 93
84 94
84 95
84 96
84 100
84 103
84 104
84 105
84 106
84 110
84 117
84 118
84 119
84 120
84 121
84 123
84 124
84 126
84 130
84 131
84 134
84 135
84 137
84 140
84 146
84 148
84 149
84 152
84 154
84 155
84 162
84 164
84 165
84 174
84 175
84 177
85 86
85 88
85 90
85 91
85 96
85 97
85 100
85 101
85 102
85 107
85 109
85 110
85 111
85 112
85 115
85 118
85 119
85 125
85 126
85 127
85 129
85 130
85 131
85 132
85 136
85 137
85 143
85 145
85 152
85 153
85 154
85 156
85 159
85 160
85 163
85 164
85 165
85 166
85 168
85 169
85 170
85 174
85 179
86 89
86 91
86 92
86 93
86 95
86 96
86 97
86 99
86 102
86 104
86 105
86 106
86 108
86 112
86 114
86 116
86 118
86 119
86 122
86 128
86 129
86 130
86 131
86 135
86 136
86 137
86 147
86 148
86 151
86 152
86 153
86 154
86 156
86 159
86 165
86 169
86 171
86 172
86 173
86 174
86 175
86 177
86 178
87 88
87 89
87 90
87 91
87 92
87 93
87 94
87 95
87 96
87 97
87 102
87 103
87 105
87 108
87 109
87 112
87 113
87 114
87 119
87 120
87 124
87 126
87 130
87 131
87 134
87 138
87 139
87 140
87 142
87 143
87 146
87 147
87 149
87 151
87 154
87 155
87 161
87 163
87 165
87 166
87 168
87 171
87 172
87 173
87 176
87 178
87 179
88 89
88 90
88 91
88 92
88 93
88 94
88 97
88 98
88 99
88 105
88 110
88 111
88 112
88 113
88 114
88 115
88 127
88 128
88 131
88 133
88 135
88 136
88 139
88 145
88 146
88 150
88 152
88 153
88 156
88 157
88 158
88 160
88 162
88 164
88 173
88 176
89 90
89 91
89 93
89 94
89 95
89 96
89 104
89 105
89 107
89 108
89 111
89 113
89 117
89 120
89 123
89 124
89 127
89 132
89 133
89 134
89 135
89 136
89 138
89 139
89 140
89 141
89 143
89 146
89 148
89 150
89 153
89 154
89 156
89 159
89 161
89 167
89 169
89 170
89 171
89 172
89 173
89 175
89 177
90 94
90 96
90 98
90 99
90 105
90 106
90 111
90 113
90 114
90 115
90 119
90 120
90 121
90 123
90 125
90 126
90 129
90 130
90 131
90 132
90 135
90 136
90 141
90 142
90 143
90 144
90 146
90 148
90 149
90 152
90 154
90 155
90 158
90 159
90 166
90 167
90 168
90 171
90 172
90 174
90 175
90 176
90 178
90 179
91 93
91 94
91 97
91 98
91 99
91 101
91 108
91 114
91 115
91 117
91 119
91 123
91 124
91 125
91 126
91 127
91 129
91 131
91 133
91 136
91 139
91 141
91 142
91 143
91 144
91 146
91 147
91 148
91 150
91 151
91 152
91 153
91 154
91 155
91 156
91 158
91 159
91 162
91 164
91 167
91 170
91 172
91 173
91 174
91 175
91 179
92 98
92 100
92 101
92 105
92 106
92 108
92 109
92 111
92 113
92 118
92 121
92 122
92 123
92 125
92 128
92 129
92 130
92 131
92 133
92 134
92 135
92 136
92 137
92 138
92 139
92 141
92 142
92 148
92 149
92 151
92 152
92 153
92 158
92 161
92 162
92 164
92 165
92 171
92 172
92 176
92 178
92 179
93 95
93 98
93 100
93 101
93 102
93 106
93 107
93 108
93 110
93 111
93 113
93 114
93 116
93 117
93 118
93 121
93 122
93 124
93 125
93 127
93 130
93 131
93 133
93 139
93 141
93 143
93 149
93 152
93 153
93 157
93 158
93 160
93 162
93 164
93 167
93 169
93 173
93 176
93 177
94 95
94 97
94 100
94 101
94 103
94 107
94 113
94 114
94 116
94 118
94 120
94 121
94 122
94 125
94 128
94 130
94 135
94 136
94 137
94 140
94 143
94 148
94 150
94 153
94 156
94 157
94 162
94 163
94 165
94 167
94 168
94 169
94 170
94 173
94 175
94 176
94 179
95 96
95 102
95 107
95 110
95 111
95 112
95 113
95 116
95 118
95 125
95 127
95 129
95 130
95 132
95 139
95 140
95 141
95 142
95 144
95 150
95 151
95 153
95 155
95 166
95 171
95 173
95 177
96 97
96 99
96 100
96 101
96 103
96 108
96 110
96 115
96 117
96 120
96 121
96 126
96 128
96 129
96 130
96 131
96 132
96 137
96 142
96 143
96 144
96 145
96 149
96 150
96 151
96 155
96 156
96 157
96 158
96 160
96 163
96 164
96 166
96 167
96 168
96 169
96 170
96 172
96 174
96 176
96 178
97 98
97 100
97 102
97 103
97 105
97 106
97 107
97 109
97 110
97 114
97 115
97 118
97 121
97 127
97 128
97 130
97 132
97 138
97 140
97 141
97 147
97 148
97 149
97 150
97 152
97 155
97 157
97 160
97 166
97 169
97 170
97 173
97 174
97 177
98 99
98 101
98 102
98 104
98 107
98 108
98 109
98 110
98 111
98 116
98 117
98 118
98 121
98 122
98 123
98 124
98 126
98 127
98 130
98 131
98 132
98 133
98 142
98 143
98 144
98 146
98 147
98 148
98 149
98 150
98 152
98 153
98 162
98 165
98 167
98 169
98 170
98 173
98 179
99 100
99 102
99 106
99 108
99 112
99 119
99 128
99 129
99 132
99 136
99 137
99 138
99 141
99 145
99 147
99 148
99 152
99 154
99 156
99 163
99 166
99 168
99 169
99 170
99 172
99 173
99 174
99 175
99 176
99 179
100 103
100 105
100 106
100 107
100 109
100 111
100 112
100 113
100 114
100 116
100 117
100 118
100 125
100 126
100 128
100 130
100 131
100 132
100 134
100 135
100 137
100 144
100 146
100 148
100 154
100 156
100 158
100 159
100 160
100 161
100 162
100 163
100 169
100 177
101 102
101 103
101 106
101 108
101 109
101 110
101 112
101 113
101 114
101 115
101 117
101 121
101 127
101 128
101 133
101 134
101 137
101 139
101 140
101 141
101 145
101 146
101 151
101 153
101 156
101 157
101 160
101 165
101 169
101 171
101 173
101 174
101 175
101 176
101 177
101 179
102 104
102 105
102 108
102 109
102 111
102 114
102 115
102 116
102 119
102 124
102 127
102 130
102 135
102 137
102 141
102 143
102 144
102 145
102 148
102 149
102 150
102 158
102 160
102 162
102 163
102 165
102 166
102 167
102 168
102 171
102 173
102 175
103 104
103 105
103 106
103 107
103 108
103 109
103 111
103 116
103 119
103 120
103 122
103 123
103 128
103 131
103 133
103 135
103 138
103 139
103 140
103 141
103 142
103 146
103 147
103 149
103 154
103 156
103 159
103 161
103 162
103 166
103 168
103 169
103 170
103 171
103 172
103 174
103 178
103 179
104 105
104 107
104 111
104 112
104 113
104 122
104 125
104 127
104 131
104 132
104 139
104 140
104 142
104 144
104 146
104 153
104 155
104 158
104 159
104 161
104 164
104 165
104 166
104 170
104 171
104 172
104 176
104 177
104 178
105 106
105 112
105 113
105 115
105 118
105 119
105 121
105 124
105 127
105 130
105 132
105 134
105 135
105 138
105 141
105 142
105 143
105 144
105 146
105 148
105 150
105 152
105 160
105 162
105 163
105 164
105 165
105 167
105 168
105 170
105 177
105 178
106 109
106 111
106 112
106 114
106 115
106 117
106 118
106 120
106 124
106 128
106 129
106 132
106 137
106 141
106 152
106 154
106 158
106 168
106 170
106 171
106 174
106 175
106 179
107 111
107 112
107 113
107 114
107 115
107 117
107 119
107 120
107 122
107 123
107 125
107 126
107 128
107 129
107 132
107 133
107 134
107 135
107 136
107 137
107 140
107 143
107 145
107 147
107 149
107 154
107 156
107 159
107 161
107 166
107 167
108 113
108 121
108 123
108 127
108 135
108 140
108 143
108 145
108 148
108 151
108 152
108 156
108 158
108 160
108 165
108 167
108 168
108 169
108 170
108 172
108 178
108 179
109 110
109 111
109 117
109 119
109 121
109 122
109 126
109 127
109 128
109 129
109 133
109 134
109 135
109 137
109 138
109 140
109 141
109 143
109 145
109 147
109 151
109 152
109 154
109 155
109 158
109 160
109 161
109 162
109 163
109 164
109 165
109 167
109 170
109 172
109 173
109 175
109 177
109 178
110 111
110 112
110 114
110 115
110 118
110 120
110 122
110 125
110 127
110 131
110 132
110 133
110 134
110 136
110 139
110 143
110 144
110 145
110 147
110 152
110 153
110 155
110 156
110 158
110 160
110 161
110 162
110 167
110 174
110 178
111 112
111 115
111 118
111 119
111 120
111 121
111 123
111 124
111 125
111 128
111 130
111 131
111 132
111 134
111 139
111 141
111 144
111 146
111 147
111 148
111 152
111 155
111 157
111 162
111 163
111 166
111 169
111 170
111 172
111 173
111 174
111 175
111 176
111 178
112 115
112 116
112 117
112 122
112 128
112 131
112 133
112 134
112 142
112 144
112 155
112 156
112 157
112 160
112 161
112 165
112 166
112 167
112 168
112 169
112 172
112 173
112 175
112 177
112 179
113 114
113 118
113 121
113 124
113 125
113 126
113 130
113 131
113 132
113 133
113 136
113 139
113 140
113 143
113 145
113 146
113 148
113 153
113 157
113 161
113 163
113 165
113 166
113 170
113 171
113 172
113 174
113 175
113 177
113 179
114 116
114 121
114 122
114 124
114 126
114 127
114 128
114 132
114 134
114 136
114 138
114 140
114 141
114 152
114 153
114 154
114 157
114 158
114 160
114 162
114 165
114 166
114 167
114 168
114 170
114 174
115 119
115 124
115 126
115 127
115 129
115 133
115 135
115 137
115 139
115 140
115 147
115 148
115 149
115 150
115 156
115 160
115 161
115 162
115 163
115 164
115 166
115 168
115 169
115 171
115 172
115 175
116 117
116 118
116 119
116 120
116 121
116 122
116 123
116 133
116 134
116 135
116 139
116 140
116 141
116 147
116 148
116 149
116 151
116 152
116 153
116 156
116 157
116 160
116 162
116 164
116 165
116 166
116 167
116 169
116 170
116 171
116 172
116 173
116 176
116 177
116 178
116 179
117 118
117 120
117 121
117 122
117 123
117 129
117 133
117 136
117 137
117 138
117 139
117 140
117 141
117 142
117 143
117 145
117 148
117 150
117 153
117 155
117 156
117 158
117 159
117 160
117 165
117 166
117 167
117 168
117 170
117 177
118 119
118 120
118 122
118 124
118 127
118 130
118 131
118 132
118 133
118 136
118 137
118 147
118 149
118 150
118 153
118 154
118 156
118 159
118 164
118 165
118 166
118 167
118 172
118 173
118 174
118 175
118 176
119 120
119 123
119 124
119 126
119 127
119 133
119 137
119 138
119 139
119 140
119 142
119 143
119 144
119 149
119 156
119 157
119 168
119 173
120 124
120 129
120 132
120 136
120 139
120 141
120 142
120 144
120 149
120 151
120 155
120 157
120 161
120 163
120 165
120 168
120 169
120 170
120 172
120 174
120 175
120 177
120 178
120 179
121 129
121 134
121 135
121 144
121 145
121 148
121 151
121 152
121 153
121 154
121 161
121 163
121 164
121 165
121 173
121 174
121 177
122 123
122 125
122 126
122 129
122 131
122 136
122 137
122 139
122 140
122 141
122 142
122 143
122 144
122 145
122 146
122 147
122 149
122 151
122 155
122 157
122 163
122 164
122 166
122 168
122 170
122 172
122 173
122 174
122 175
122 178
123 127
123 129
123 134
123 137
123 138
123 140
123 141
123 153
123 154
123 155
123 162
123 163
123 164
123 165
123 167
123 170
123 172
123 177
123 178
123 179
124 125
124 130
124 132
124 133
124 134
124 135
124 139
124 142
124 143
124 145
124 146
124 147
124 148
124 151
124 153
124 154
124 155
124 157
124 160
124 162
124 164
124 166
124 167
124 168
124 172
124 176
124 178
125 126
125 128
125 130
125 133
125 136
125 140
125 142
125 145
125 146
125 149
125 150
125 151
125 154
125 155
125 158
125 159
125 160
125 165
125 167
125 168
125 169
125 171
125 172
126 127
126 129
126 130
126 131
126 133
126 134
126 135
126 138
126 140
126 141
126 143
126 144
126 145
126 146
126 148
126 150
126 152
126 153
126 154
126 155
126 156
126 159
126 164
126 166
126 168
126 170
126 171
126 174
126 177
127 129
127 133
127 135
127 137
127 138
127 139
127 143
127 144
127 145
127 147
127 148
127 151
127 153
127 154
127 155
127 156
127 157
127 158
127 159
127 161
127 164
127 166
127 168
127 172
127 173
127 174
128 130
128 131
128 135
128 138
128 142
128 145
128 151
128 152
128 154
128 155
128 156
128 157
128 158
128 159
128 161
128 162
128 164
128 166
128 169
128 170
128 171
129 133
129 136
129 137
129 138
129 140
129 141
129 146
129 147
129 150
129 151
129 156
129 157
129 159
129 163
129 171
129 176
129 179
130 135
130 136
130 139
130 140
130 142
130 144
130 146
130 154
130 155
130 156
130 157
130 158
130 159
130 161
130 165
130 167
130 168
130 169
130 171
130 178
131 132
131 133
131 134
131 135
131 138
131 141
131 142
131 143
131 148
131 153
131 156
131 160
131 161
131 162
131 171
131 172
131 175
131 177
131 178
131 179
132 134
132 136
132 139
132 140
132 142
132 143
132 145
132 146
132 147
132 149
132 153
132 154
132 156
132 157
132 160
132 161
132 166
132 168
132 175
133 134
133 135
133 136
133 138
133 139
133 140
133 141
133 145
133 146
133 151
133 153
133 154
133 155
133 157
133 158
133 163
133 164
133 170
133 171
133 177
134 135
134 137
134 142
134 145
134 146
134 147
134 151
134 158
134 160
134 162
134 165
134 170
134 176
134 178
135 136
135 137
135 142
135 143
135 148
135 149
135 150
135 152
135 155
135 158
135 164
135 165
135 166
135 172
135 177
135 179
136 139
136 140
136 141
136 142
136 143
136 144
136 146
136 151
136 154
136 156
136 160
136 161
136 166
136 172
136 176
137 138
137 141
137 144
137 145
137 147
137 148
137 149
137 150
137 151
137 153
137 156
137 165
137 169
137 170
137 178
138 142
138 143
138 146
138 149
138 152
138 153
138 155
138 156
138 157
138 158
138 160
138 167
138 169
138 171
138 178
139 140
139 141
139 143
139 149
139 150
139 152
139 153
139 154
139 158
139 159
139 166
139 174
139 176
140 141
140 142
140 143
140 144
140 147
140 148
140 149
140 150
140 151
140 155
140 157
140 159
140 162
140 168
140 171
140 172
140 173
141 142
141 144
141 145
141 146
141 149
141 154
141 159
141 161
141 163
141 170
141 173
141 174
141 175
141 176
141 179
142 147
142 150
142 151
142 154
142 156
142 157
142 161
142 165
142 171
142 175
142 176
143 145
143 146
143 147
143 154
143 155
143 156
143 159
143 160
143 163
143 164
143 166
143 170
143 172
143 173
143 175
143 178
144 148
144 154
144 156
144 160
144 163
144 164
144 165
144 166
144 167
144 170
144 172
144 174
144 177
144 178
145 146
145 148
145 152
145 158
145 159
145 160
145 163
145 165
145 169
145 171
145 172
145 174
145 175
145 176
145 179
146 147
146 151
146 157
146 159
146 160
146 163
146 164
146 166
146 174
146 178
146 179
147 151
147 152
147 159
147 160
147 162
147 163
147 166
147 169
147 171
147 172
147 175
147 176
147 179
148 150
148 152
148 161
148 163
148 166
148 169
148 170
148 176
149 150
149 152
149 155
149 157
149 160
149 162
149 163
149 164
149 170
149 172
149 174
149 177
150 151
150 152
150 156
150 160
150 165
150 167
150 170
150 171
150 175
150 177
151 152
151 154
151 155
151 156
151 157
151 158
151 163
151 165
151 166
151 167
151 168
151 173
152 153
152 155
152 156
152 163
152 165
152 167
152 171
152 173
152 174
152 177
152 178
152 179
153 158
153 159
153 168
153 169
153 170
153 173
153 176
153 177
153 178
154 155
154 157
154 158
154 171
154 172
154 175
155 157
155 158
155 163
155 164
155 166
155 167
155 168
155 170
155 172
155 175
155 177
156 161
156 165
156 167
156 168
156 169
156 173
156 174
156 176
157 164
157 170
157 172
157 173
157 178
158 161
158 163
158 166
158 169
158 171
158 174
158 175
158 176
159 160
159 162
159 163
159 165
159 166
159 167
159 177
160 161
160 163
160 165
160 167
160 171
160 176
161 162
161 168
161 169
161 170
161 175
161 176
161 178
161 179
162 164
162 165
162 171
162 172
162 176
163 165
163 168
163 169
163 172
163 179
164 165
164 168
164 175
164 176
164 179
165 172
165 173
165 178
166 171
166 175
166 179
167 169
167 170
167 173
167 174
167 175
167 176
168 169
168 171
168 173
168 174
168 175
168 177
169 173
169 174
169 177
169 179
170 171
170 173
170 178
170 179
171 173
171 177
171 178
172 173
173 176
173 179
174 176
174 177
174 179
175 177
176 178
176 179
177 178
