188
0 1
0 14
0 38
0 43
0 161
1 2
1 3
1 4
1 7
1 30
1 33
1 61
1 70
1 82
1 93
1 140
1 142
2 5
2 13
2 18
2 22
2 91
2 128
3 6
3 15
3 19
3 29
3 35
3 39
3 41
3 88
4 20
4 43
4 62
4 127
5 26
5 100
5 104
5 137
5 164
6 9
6 92
6 149
6 178
7 8
7 10
7 16
7 17
7 44
7 59
7 84
7 101
7 113
8 11
8 12
8 32
8 65
8 99
9 39
9 97
9 113
10 47
10 97
10 118
11 148
12 13
12 23
12 38
12 49
12 138
13 100
13 166
13 167
14 21
14 34
14 117
14 132
15 44
15 77
16 27
16 107
16 133
16 175
17 110
17 151
18 24
18 73
18 98
18 147
18 165
19 67
19 74
19 145
19 170
20 58
20 68
20 83
20 111
21 35
21 37
21 169
22 25
22 28
22 95
23 31
23 57
23 58
23 71
23 140
23 143
23 178
24 27
24 42
24 122
24 159
25 52
25 98
25 143
26 46
26 60
26 136
26 147
27 67
27 111
27 130
28 36
28 86
28 103
29 56
29 63
29 81
29 88
29 118
29 186
30 40
30 53
30 113
30 139
31 43
31 73
31 117
31 121
32 52
32 54
32 55
32 63
32 68
32 105
32 116
32 118
33 61
33 107
33 137
34 46
34 84
34 94
34 120
35 47
35 87
35 124
35 126
36 45
36 95
37 50
37 51
37 62
37 128
37 129
37 137
37 157
37 161
37 171
37 173
38 39
38 92
38 139
38 177
39 79
39 156
40 43
40 86
40 95
40 126
40 132
41 66
41 75
41 89
41 109
41 156
41 158
42 48
42 58
42 77
44 51
44 53
44 156
45 106
45 133
45 168
46 109
46 174
46 186
47 52
47 82
47 86
48 119
48 125
48 157
49 68
49 78
49 131
49 180
50 59
50 103
50 184
51 68
51 98
51 110
52 115
52 168
52 184
53 73
53 146
53 148
53 182
54 100
54 112
55 64
55 65
55 79
56 187
57 80
57 101
57 167
57 169
57 184
58 162
59 72
59 90
59 146
59 148
60 66
60 135
61 76
61 186
62 175
63 148
64 126
64 138
64 165
64 169
65 73
65 134
66 69
66 144
66 176
67 108
67 122
68 107
69 87
69 110
69 156
69 177
70 75
70 85
70 154
70 187
71 82
71 141
72 187
74 121
74 182
75 90
75 123
75 182
76 105
76 186
77 80
77 93
77 154
77 172
78 83
78 89
78 97
79 145
80 96
80 116
80 146
80 163
80 170
81 123
81 160
82 162
83 116
83 144
84 94
84 108
84 138
84 165
85 99
85 109
85 160
85 183
86 116
86 130
86 150
86 170
87 127
87 134
87 178
87 180
88 147
88 170
88 185
89 102
89 113
90 99
90 105
90 118
90 153
91 92
91 151
92 114
93 123
93 127
93 158
93 169
94 106
94 115
95 183
96 122
96 150
96 153
97 175
99 130
99 176
99 177
100 104
100 109
100 125
101 148
102 162
102 185
103 174
103 179
104 165
104 173
105 124
105 149
105 163
106 123
106 128
107 128
108 115
108 141
110 185
110 186
112 137
112 162
113 181
114 160
115 174
116 127
117 141
117 167
119 131
120 145
120 152
121 124
121 142
121 147
122 152
123 142
124 161
125 135
125 173
125 185
126 147
126 166
126 179
127 174
128 137
128 149
128 164
129 157
129 176
129 185
130 136
130 182
131 135
131 155
133 136
133 145
133 155
134 166
134 182
135 140
135 157
135 174
135 183
138 146
138 158
142 144
142 158
143 175
144 159
149 172
151 164
152 160
154 155
154 170
157 181
158 174
160 180
161 172
165 175
167 171
172 178
