180
0 1
0 2
0 5
0 6
0 7
0 8
0 9
0 10
0 11
0 12
0 13
0 14
0 15
0 16
0 18
0 19
0 21
0 23
0 24
0 25
0 26
0 27
0 29
0 30
0 31
0 33
0 34
0 35
0 36
0 41
0 43
0 44
0 46
0 48
0 49
0 50
0 51
0 52
0 54
0 55
0 56
0 58
0 59
0 60
0 61
0 62
0 63
0 65
0 66
0 67
0 68
0 71
0 73
0 75
0 79
0 81
0 83
0 85
0 89
0 94
0 95
0 97
0 98
0 99
0 100
0 101
0 102
0 103
0 104
0 105
0 106
0 112
0 113
0 116
0 117
0 118
0 119
0 120
0 121
0 122
0 126
0 128
0 129
0 130
0 131
0 132
0 134
0 135
0 136
0 137
0 139
0 142
0 144
0 147
0 150
0 156
0 157
0 158
0 165
0 168
0 169
0 170
0 171
0 172
0 173
0 174
0 176
0 178
0 179
1 3
1 4
1 5
1 7
1 8
1 9
1 10
1 11
1 12
1 13
1 15
1 16
1 18
1 19
1 22
1 23
1 24
1 25
1 28
1 32
1 34
1 35
1 37
1 38
1 39
1 41
1 43
1 44
1 47
1 48
1 49
1 51
1 52
1 53
1 54
1 56
1 57
1 60
1 61
1 64
1 65
1 67
1 68
1 69
1 72
1 73
1 74
1 75
1 76
1 77
1 78
1 79
1 80
1 81
1 84
1 85
1 86
1 87
1 88
1 90
1 96
1 98
1 99
1 103
1 106
1 107
1 111
1 112
1 114
1 122
1 123
1 126
1 127
1 128
1 129
1 133
1 135
1 137
1 138
1 142
1 144
1 150
1 151
1 152
1 158
1 159
1 160
1 161
1 163
1 165
1 166
1 167
1 168
1 170
1 171
1 172
1 173
1 174
1 175
1 176
1 178
2 3
2 6
2 8
2 10
2 12
2 13
2 15
2 17
2 18
2 19
2 20
2 22
2 23
2 24
2 25
2 26
2 28
2 34
2 38
2 40
2 41
2 42
2 44
2 45
2 46
2 47
2 48
2 49
2 50
2 51
2 53
2 54
2 55
2 57
2 58
2 59
2 60
2 62
2 65
2 66
2 67
2 69
2 70
2 71
2 72
2 73
2 74
2 77
2 79
2 81
2 83
2 84
2 85
2 89
2 93
2 94
2 95
2 96
2 98
2 102
2 104
2 107
2 108
2 112
2 114
2 116
2 117
2 118
2 120
2 121
2 123
2 124
2 125
2 126
2 128
2 129
2 130
2 131
2 132
2 133
2 137
2 140
2 143
2 145
2 147
2 148
2 150
2 152
2 153
2 154
2 156
2 158
2 160
2 163
2 166
2 169
2 172
2 173
2 178
3 4
3 5
3 6
3 7
3 8
3 9
3 10
3 12
3 14
3 15
3 18
3 19
3 20
3 21
3 22
3 24
3 25
3 27
3 28
3 30
3 32
3 33
3 34
3 37
3 41
3 42
3 43
3 45
3 47
3 49
3 52
3 53
3 54
3 56
3 58
3 59
3 60
3 61
3 62
3 63
3 64
3 66
3 68
3 70
3 73
3 75
3 78
3 79
3 80
3 81
3 82
3 83
3 85
3 86
3 87
3 88
3 90
3 91
3 92
3 94
3 97
3 100
3 105
3 106
3 108
3 110
3 115
3 116
3 118
3 120
3 121
3 123
3 124
3 125
3 128
3 130
3 131
3 133
3 134
3 137
3 139
3 141
3 142
3 145
3 147
3 149
3 152
3 154
3 155
3 156
3 157
3 159
3 160
3 162
3 163
3 164
3 166
3 167
3 169
3 170
3 171
3 172
3 176
3 178
3 179
4 5
4 9
4 12
4 17
4 18
4 20
4 21
4 22
4 23
4 26
4 27
4 28
4 29
4 32
4 33
4 35
4 36
4 37
4 38
4 39
4 40
4 41
4 42
4 43
4 44
4 45
4 46
4 48
4 52
4 55
4 56
4 57
4 58
4 59
4 60
4 61
4 62
4 63
4 66
4 67
4 68
4 73
4 78
4 80
4 81
4 85
4 86
4 87
4 88
4 90
4 91
4 93
4 94
4 95
4 97
4 98
4 100
4 102
4 103
4 105
4 109
4 111
4 112
4 115
4 117
4 118
4 119
4 121
4 124
4 125
4 126
4 128
4 129
4 131
4 132
4 133
4 135
4 141
4 142
4 143
4 145
4 146
4 147
4 148
4 150
4 153
4 154
4 155
4 156
4 157
4 158
4 159
4 160
4 163
4 165
4 166
4 168
4 169
4 171
4 172
4 174
4 176
4 178
5 7
5 9
5 10
5 16
5 17
5 18
5 19
5 20
5 21
5 23
5 24
5 25
5 31
5 32
5 34
5 35
5 38
5 41
5 43
5 45
5 46
5 47
5 50
5 51
5 52
5 53
5 54
5 57
5 63
5 65
5 71
5 72
5 73
5 75
5 76
5 77
5 79
5 80
5 81
5 82
5 85
5 86
5 88
5 89
5 91
5 92
5 93
5 94
5 98
5 101
5 102
5 103
5 105
5 106
5 107
5 109
5 110
5 111
5 113
5 114
5 115
5 118
5 119
5 122
5 124
5 126
5 130
5 131
5 136
5 137
5 138
5 139
5 141
5 142
5 143
5 145
5 146
5 147
5 151
5 152
5 153
5 154
5 156
5 158
5 160
5 162
5 163
5 164
5 165
5 172
5 174
5 176
5 177
6 7
6 8
6 9
6 10
6 11
6 13
6 14
6 15
6 17
6 18
6 19
6 20
6 21
6 22
6 23
6 25
6 26
6 27
6 30
6 31
6 32
6 35
6 37
6 38
6 39
6 41
6 42
6 43
6 44
6 45
6 46
6 48
6 49
6 51
6 52
6 53
6 54
6 55
6 56
6 57
6 58
6 60
6 61
6 64
6 65
6 68
6 69
6 70
6 72
6 76
6 77
6 79
6 80
6 81
6 83
6 84
6 85
6 89
6 90
6 95
6 96
6 97
6 98
6 99
6 101
6 103
6 104
6 106
6 107
6 108
6 109
6 111
6 112
6 113
6 114
6 115
6 116
6 119
6 120
6 121
6 124
6 126
6 127
6 128
6 129
6 130
6 131
6 133
6 138
6 139
6 140
6 141
6 142
6 143
6 144
6 146
6 148
6 150
6 151
6 154
6 156
6 158
6 159
6 161
6 163
6 164
6 166
6 167
6 169
6 171
6 173
6 175
6 176
6 178
7 8
7 9
7 11
7 12
7 13
7 14
7 15
7 16
7 17
7 19
7 20
7 21
7 22
7 23
7 24
7 25
7 26
7 27
7 28
7 29
7 30
7 31
7 32
7 33
7 35
7 36
7 38
7 40
7 41
7 42
7 45
7 46
7 47
7 54
7 57
7 58
7 60
7 61
7 63
7 65
7 66
7 67
7 69
7 70
7 71
7 74
7 75
7 76
7 78
7 79
7 80
7 81
7 82
7 83
7 85
7 87
7 88
7 89
7 91
7 93
7 95
7 96
7 97
7 99
7 100
7 102
7 103
7 105
7 106
7 107
7 108
7 110
7 111
7 112
7 117
7 118
7 119
7 121
7 123
7 124
7 127
7 129
7 131
7 132
7 133
7 136
7 139
7 142
7 145
7 147
7 150
7 153
7 156
7 157
7 158
7 162
7 164
7 165
7 166
7 167
7 173
7 174
7 175
7 176
8 9
8 10
8 11
8 14
8 15
8 16
8 17
8 20
8 21
8 22
8 24
8 25
8 26
8 28
8 29
8 30
8 31
8 32
8 33
8 36
8 37
8 38
8 39
8 41
8 43
8 44
8 45
8 47
8 48
8 51
8 53
8 55
8 56
8 59
8 60
8 63
8 66
8 68
8 70
8 71
8 72
8 73
8 75
8 76
8 77
8 78
8 79
8 80
8 83
8 84
8 85
8 87
8 89
8 90
8 91
8 92
8 93
8 94
8 95
8 96
8 98
8 100
8 103
8 104
8 107
8 109
8 112
8 113
8 116
8 117
8 118
8 121
8 122
8 125
8 127
8 130
8 131
8 132
8 133
8 135
8 136
8 137
8 138
8 140
8 141
8 142
8 144
8 148
8 151
8 152
8 153
8 156
8 157
8 158
8 159
8 160
8 163
8 166
8 168
8 171
8 173
8 174
8 175
8 176
8 178
8 179
9 10
9 11
9 12
9 13
9 18
9 19
9 20
9 21
9 22
9 23
9 24
9 25
9 26
9 27
9 28
9 30
9 31
9 32
9 33
9 34
9 35
9 36
9 40
9 41
9 43
9 46
9 47
9 48
9 49
9 50
9 53
9 55
9 56
9 59
9 60
9 61
9 62
9 64
9 66
9 68
9 69
9 70
9 72
9 73
9 74
9 75
9 76
9 77
9 79
9 80
9 81
9 83
9 85
9 89
9 91
9 92
9 93
9 94
9 95
9 97
9 101
9 102
9 103
9 104
9 105
9 110
9 113
9 114
9 119
9 120
9 123
9 124
9 125
9 127
9 129
9 130
9 134
9 135
9 138
9 139
9 140
9 141
9 142
9 143
9 146
9 148
9 149
9 150
9 151
9 152
9 153
9 155
9 156
9 157
9 158
9 162
9 165
9 166
9 169
9 171
9 174
9 175
9 177
9 178
9 179
10 12
10 13
10 14
10 15
10 16
10 17
10 18
10 19
10 20
10 21
10 22
10 23
10 26
10 27
10 28
10 29
10 31
10 33
10 34
10 35
10 38
10 40
10 42
10 44
10 47
10 49
10 51
10 55
10 56
10 59
10 60
10 61
10 62
10 63
10 64
10 67
10 68
10 69
10 70
10 72
10 73
10 74
10 78
10 80
10 81
10 82
10 83
10 85
10 88
10 91
10 93
10 94
10 95
10 98
10 99
10 101
10 102
10 103
10 104
10 105
10 109
10 115
10 116
10 120
10 123
10 126
10 127
10 129
10 130
10 132
10 135
10 136
10 137
10 139
10 140
10 141
10 142
10 147
10 150
10 151
10 153
10 156
10 157
10 159
10 161
10 162
10 163
10 164
10 165
10 170
10 174
10 175
10 176
10 178
10 179
11 13
11 14
11 16
11 18
11 19
11 20
11 21
11 22
11 23
11 24
11 25
11 27
11 29
11 32
11 33
11 34
11 36
11 37
11 38
11 42
11 44
11 47
11 49
11 53
11 54
11 55
11 56
11 57
11 58
11 59
11 61
11 62
11 64
11 65
11 67
11 68
11 72
11 73
11 74
11 76
11 77
11 78
11 79
11 81
11 84
11 85
11 86
11 87
11 88
11 91
11 92
11 93
11 97
11 99
11 100
11 102
11 103
11 104
11 105
11 108
11 109
11 110
11 112
11 113
11 117
11 120
11 121
11 122
11 123
11 125
11 126
11 127
11 128
11 130
11 132
11 139
11 141
11 142
11 143
11 144
11 145
11 148
11 151
11 153
11 154
11 157
11 159
11 161
11 162
11 164
11 166
11 168
11 169
11 170
11 172
11 175
11 177
11 179
12 13
12 14
12 16
12 18
12 20
12 21
12 22
12 23
12 24
12 25
12 28
12 29
12 34
12 35
12 36
12 37
12 39
12 40
12 43
12 44
12 47
12 48
12 49
12 50
12 52
12 54
12 55
12 56
12 57
12 58
12 59
12 60
12 61
12 62
12 64
12 65
12 66
12 67
12 68
12 69
12 70
12 71
12 72
12 74
12 76
12 77
12 82
12 84
12 85
12 88
12 89
12 92
12 93
12 95
12 99
12 100
12 101
12 102
12 103
12 104
12 105
12 106
12 107
12 109
12 110
12 113
12 114
12 116
12 122
12 123
12 124
12 126
12 129
12 131
12 132
12 134
12 135
12 137
12 138
12 140
12 141
12 143
12 144
12 146
12 152
12 153
12 154
12 155
12 158
12 160
12 161
12 166
12 169
12 170
12 172
12 173
12 175
12 176
13 14
13 15
13 19
13 21
13 22
13 25
13 26
13 27
13 30
13 31
13 33
13 34
13 35
13 36
13 39
13 41
13 42
13 43
13 44
13 45
13 46
13 47
13 48
13 49
13 50
13 51
13 54
13 56
13 58
13 59
13 61
13 62
13 68
13 69
13 70
13 71
13 72
13 73
13 74
13 75
13 77
13 78
13 79
13 80
13 83
13 84
13 85
13 86
13 90
13 91
13 93
13 94
13 95
13 96
13 99
13 100
13 102
13 103
13 104
13 105
13 107
13 108
13 109
13 112
13 113
13 114
13 116
13 120
13 123
13 124
13 125
13 126
13 127
13 128
13 130
13 134
13 135
13 146
13 147
13 148
13 150
13 151
13 152
13 154
13 155
13 156
13 157
13 159
13 160
13 161
13 162
13 163
13 166
13 167
13 168
13 177
13 179
14 15
14 17
14 19
14 21
14 22
14 26
14 27
14 29
14 30
14 31
14 33
14 34
14 35
14 36
14 37
14 38
14 39
14 42
14 45
14 49
14 51
14 52
14 53
14 56
14 57
14 58
14 59
14 61
14 62
14 65
14 66
14 67
14 70
14 71
14 72
14 73
14 75
14 77
14 78
14 80
14 81
14 83
14 84
14 85
14 87
14 89
14 90
14 94
14 95
14 96
14 97
14 98
14 100
14 106
14 107
14 109
14 110
14 111
14 112
14 113
14 114
14 115
14 116
14 119
14 124
14 125
14 126
14 128
14 129
14 130
14 131
14 132
14 133
14 134
14 135
14 137
14 138
14 140
14 141
14 142
14 143
14 144
14 149
14 152
14 154
14 156
14 157
14 160
14 161
14 163
14 164
14 165
14 167
14 170
14 171
14 173
14 177
15 17
15 19
15 23
15 24
15 25
15 26
15 27
15 28
15 30
15 31
15 32
15 35
15 36
15 37
15 40
15 41
15 42
15 43
15 46
15 47
15 48
15 49
15 50
15 51
15 52
15 53
15 54
15 56
15 57
15 58
15 59
15 60
15 61
15 62
15 64
15 66
15 67
15 71
15 72
15 75
15 76
15 77
15 78
15 79
15 81
15 83
15 84
15 85
15 89
15 91
15 92
15 94
15 97
15 98
15 99
15 101
15 103
15 104
15 105
15 106
15 108
15 113
15 114
15 117
15 119
15 120
15 121
15 124
15 126
15 130
15 132
15 133
15 134
15 137
15 139
15 140
15 143
15 144
15 146
15 147
15 150
15 155
15 157
15 160
15 161
15 162
15 163
15 166
15 168
15 169
15 173
15 174
15 175
15 176
15 178
15 179
16 17
16 18
16 19
16 23
16 25
16 26
16 29
16 30
16 31
16 34
16 35
16 36
16 37
16 42
16 43
16 44
16 46
16 47
16 51
16 53
16 55
16 56
16 58
16 59
16 60
16 61
16 63
16 64
16 66
16 70
16 72
16 73
16 74
16 75
16 78
16 80
16 81
16 83
16 84
16 85
16 86
16 88
16 89
16 92
16 96
16 97
16 103
16 105
16 106
16 107
16 110
16 111
16 112
16 114
16 116
16 117
16 118
16 119
16 120
16 121
16 123
16 125
16 126
16 127
16 128
16 129
16 132
16 135
16 136
16 137
16 139
16 141
16 143
16 146
16 147
16 149
16 150
16 151
16 152
16 155
16 160
16 163
16 165
16 168
16 170
16 171
16 173
16 174
16 178
16 179
17 18
17 19
17 20
17 21
17 23
17 24
17 25
17 27
17 28
17 29
17 31
17 35
17 36
17 37
17 39
17 40
17 41
17 45
17 46
17 47
17 48
17 50
17 53
17 56
17 57
17 58
17 59
17 60
17 61
17 63
17 65
17 67
17 68
17 71
17 74
17 75
17 76
17 78
17 79
17 81
17 82
17 83
17 84
17 86
17 87
17 92
17 94
17 95
17 96
17 98
17 99
17 100
17 101
17 102
17 103
17 105
17 106
17 107
17 108
17 111
17 112
17 113
17 116
17 117
17 122
17 130
17 131
17 132
17 134
17 137
17 138
17 139
17 140
17 142
17 145
17 146
17 149
17 150
17 153
17 155
17 156
17 157
17 159
17 165
17 169
17 172
17 173
17 175
17 176
17 177
18 25
18 26
18 27
18 30
18 31
18 33
18 35
18 36
18 38
18 40
18 41
18 42
18 43
18 44
18 45
18 49
18 50
18 51
18 52
18 54
18 55
18 56
18 57
18 58
18 62
18 63
18 67
18 69
18 74
18 77
18 78
18 80
18 81
18 82
18 84
18 86
18 88
18 90
18 91
18 92
18 94
18 98
18 99
18 100
18 102
18 103
18 104
18 106
18 107
18 111
18 114
18 115
18 116
18 121
18 123
18 125
18 131
18 133
18 139
18 141
18 144
18 148
18 149
18 151
18 152
18 153
18 154
18 158
18 161
18 165
18 167
18 170
18 172
18 176
18 177
18 178
18 179
19 20
19 21
19 22
19 24
19 25
19 27
19 28
19 29
19 30
19 31
19 33
19 35
19 39
19 40
19 41
19 42
19 43
19 45
19 46
19 49
19 50
19 52
19 55
19 56
19 59
19 60
19 61
19 62
19 63
19 67
19 68
19 72
19 74
19 77
19 79
19 80
19 81
19 83
19 87
19 89
19 90
19 95
19 96
19 97
19 99
19 106
19 111
19 113
19 115
19 116
19 119
19 120
19 122
19 124
19 125
19 126
19 128
19 130
19 132
19 133
19 134
19 136
19 137
19 141
19 144
19 145
19 147
19 149
19 151
19 152
19 154
19 155
19 161
19 164
19 165
19 168
19 169
19 170
19 172
19 175
19 176
20 22
20 25
20 26
20 27
20 28
20 29
20 31
20 32
20 38
20 39
20 40
20 41
20 42
20 43
20 46
20 47
20 48
20 49
20 51
20 53
20 61
20 63
20 69
20 72
20 73
20 74
20 78
20 79
20 80
20 85
20 88
20 92
20 93
20 94
20 96
20 97
20 98
20 99
20 100
20 101
20 104
20 105
20 108
20 109
20 110
20 111
20 114
20 115
20 117
20 119
20 120
20 121
20 122
20 123
20 124
20 128
20 129
20 131
20 132
20 137
20 138
20 139
20 141
20 143
20 145
20 148
20 149
20 151
20 152
20 153
20 160
20 162
20 163
20 164
20 166
20 167
20 168
20 170
20 172
20 176
20 178
21 24
21 25
21 26
21 28
21 31
21 32
21 33
21 35
21 36
21 37
21 38
21 40
21 41
21 43
21 46
21 47
21 50
21 51
21 52
21 53
21 55
21 57
21 61
21 62
21 65
21 66
21 67
21 70
21 71
21 72
21 73
21 75
21 77
21 81
21 82
21 83
21 85
21 86
21 88
21 91
21 93
21 97
21 99
21 102
21 103
21 104
21 105
21 108
21 109
21 112
21 113
21 115
21 116
21 117
21 122
21 124
21 125
21 126
21 127
21 128
21 129
21 130
21 133
21 135
21 138
21 144
21 145
21 147
21 150
21 152
21 153
21 154
21 155
21 156
21 159
21 161
21 162
21 164
21 167
21 169
21 171
21 175
21 176
21 179
22 23
22 24
22 25
22 26
22 27
22 30
22 32
22 33
22 34
22 37
22 40
22 41
22 42
22 46
22 47
22 50
22 51
22 52
22 53
22 54
22 55
22 56
22 57
22 58
22 59
22 60
22 64
22 65
22 66
22 67
22 69
22 70
22 72
22 73
22 74
22 75
22 78
22 79
22 81
22 83
22 84
22 86
22 87
22 88
22 89
22 90
22 92
22 93
22 94
22 96
22 98
22 99
22 101
22 104
22 106
22 109
22 110
22 111
22 114
22 119
22 123
22 126
22 129
22 131
22 132
22 134
22 135
22 138
22 139
22 140
22 142
22 144
22 146
22 148
22 150
22 152
22 154
22 156
22 158
22 159
22 160
22 162
22 164
22 166
22 169
22 172
22 173
22 177
22 178
23 24
23 27
23 28
23 30
23 31
23 32
23 33
23 34
23 36
23 38
23 39
23 40
23 41
23 42
23 44
23 45
23 46
23 47
23 48
23 49
23 50
23 54
23 55
23 60
23 61
23 63
23 65
23 71
23 72
23 75
23 77
23 80
23 85
23 86
23 87
23 89
23 92
23 93
23 94
23 95
23 96
23 97
23 100
23 103
23 110
23 116
23 118
23 119
23 122
23 124
23 126
23 128
23 130
23 133
23 136
23 137
23 139
23 140
23 144
23 145
23 146
23 147
23 151
23 152
23 153
23 154
23 159
23 161
23 162
23 163
23 164
23 167
23 168
23 169
23 171
23 174
23 175
23 179
24 25
24 26
24 28
24 29
24 31
24 32
24 33
24 34
24 36
24 37
24 39
24 40
24 43
24 45
24 46
24 47
24 50
24 51
24 53
24 54
24 56
24 57
24 58
24 59
24 60
24 62
24 65
24 66
24 68
24 70
24 71
24 73
24 75
24 78
24 79
24 81
24 82
24 83
24 87
24 88
24 89
24 90
24 91
24 94
24 95
24 96
24 99
24 100
24 101
24 102
24 106
24 108
24 109
24 110
24 113
24 114
24 115
24 116
24 118
24 119
24 121
24 125
24 127
24 130
24 131
24 133
24 134
24 137
24 138
24 139
24 140
24 141
24 143
24 144
24 146
24 147
24 148
24 149
24 151
24 154
24 155
24 157
24 159
24 161
24 162
24 163
24 164
24 167
24 169
24 171
24 173
24 175
24 176
24 177
25 26
25 29
25 34
25 38
25 41
25 43
25 44
25 45
25 47
25 48
25 51
25 54
25 56
25 57
25 63
25 64
25 65
25 66
25 67
25 69
25 70
25 71
25 73
25 76
25 77
25 78
25 79
25 80
25 81
25 83
25 84
25 85
25 86
25 87
25 91
25 99
25 100
25 104
25 105
25 106
25 107
25 111
25 114
25 115
25 116
25 118
25 119
25 121
25 125
25 126
25 130
25 132
25 135
25 136
25 137
25 139
25 141
25 142
25 144
25 146
25 147
25 148
25 150
25 151
25 152
25 153
25 154
25 155
25 158
25 159
25 161
25 162
25 163
25 164
25 165
25 170
25 172
25 173
25 177
25 178
26 28
26 31
26 32
26 33
26 36
26 37
26 38
26 39
26 40
26 41
26 42
26 43
26 44
26 46
26 47
26 48
26 52
26 54
26 55
26 58
26 60
26 61
26 62
26 63
26 64
26 65
26 66
26 67
26 70
26 73
26 74
26 75
26 76
26 77
26 84
26 85
26 86
26 88
26 89
26 90
26 91
26 92
26 93
26 94
26 95
26 97
26 98
26 101
26 104
26 105
26 106
26 108
26 109
26 111
26 112
26 113
26 116
26 121
26 122
26 124
26 125
26 128
26 129
26 130
26 131
26 132
26 136
26 137
26 138
26 139
26 141
26 143
26 145
26 147
26 148
26 149
26 150
26 155
26 156
26 159
26 160
26 161
26 162
26 164
26 166
26 167
26 171
26 172
26 173
26 174
26 175
26 176
26 179
27 28
27 30
27 35
27 37
27 38
27 40
27 41
27 43
27 44
27 47
27 48
27 49
27 50
27 51
27 52
27 53
27 54
27 55
27 57
27 63
27 64
27 65
27 66
27 67
27 68
27 69
27 70
27 71
27 75
27 80
27 81
27 82
27 83
27 84
27 88
27 90
27 92
27 93
27 94
27 95
27 96
27 97
27 98
27 99
27 102
27 103
27 105
27 107
27 108
27 109
27 111
27 114
27 115
27 116
27 117
27 121
27 122
27 123
27 128
27 130
27 131
27 134
27 136
27 137
27 138
27 139
27 140
27 142
27 143
27 144
27 147
27 149
27 155
27 157
27 158
27 164
27 167
27 170
27 176
27 177
27 179
28 30
28 31
28 35
28 36
28 38
28 39
28 41
28 42
28 43
28 44
28 45
28 46
28 47
28 48
28 50
28 51
28 52
28 53
28 55
28 56
28 58
28 61
28 64
28 65
28 66
28 71
28 72
28 74
28 75
28 76
28 78
28 79
28 80
28 82
28 83
28 84
28 85
28 86
28 88
28 91
28 93
28 94
28 95
28 96
28 98
28 100
28 101
28 102
28 103
28 104
28 105
28 109
28 115
28 119
28 120
28 123
28 124
28 132
28 133
28 134
28 136
28 140
28 141
28 143
28 144
28 148
28 153
28 154
28 155
28 157
28 159
28 161
28 164
28 165
28 169
28 170
28 171
28 172
28 173
28 174
28 176
28 177
29 32
29 33
29 34
29 35
29 37
29 43
29 44
29 45
29 46
29 47
29 49
29 50
29 52
29 53
29 54
29 57
29 58
29 59
29 60
29 61
29 62
29 66
29 67
29 71
29 73
29 74
29 75
29 77
29 79
29 80
29 81
29 82
29 83
29 85
29 86
29 88
29 89
29 90
29 93
29 95
29 96
29 100
29 101
29 102
29 105
29 107
29 108
29 110
29 112
29 113
29 114
29 116
29 118
29 120
29 121
29 122
29 123
29 125
29 127
29 128
29 130
29 131
29 132
29 135
29 136
29 140
29 141
29 144
29 147
29 148
29 149
29 150
29 151
29 153
29 154
29 157
29 158
29 160
29 161
29 165
29 166
29 171
29 174
29 175
29 176
30 31
30 32
30 33
30 34
30 35
30 36
30 37
30 39
30 42
30 43
30 44
30 45
30 47
30 48
30 49
30 50
30 54
30 59
30 60
30 62
30 65
30 66
30 68
30 69
30 71
30 74
30 75
30 77
30 78
30 79
30 80
30 81
30 82
30 83
30 84
30 86
30 91
30 92
30 94
30 95
30 103
30 105
30 106
30 111
30 112
30 115
30 118
30 120
30 121
30 124
30 126
30 127
30 128
30 129
30 131
30 132
30 134
30 135
30 138
30 140
30 141
30 143
30 144
30 145
30 146
30 148
30 151
30 152
30 155
30 157
30 158
30 159
30 160
30 161
30 165
30 166
30 169
30 170
30 171
30 173
30 176
30 177
30 178
30 179
31 32
31 33
31 36
31 37
31 38
31 39
31 40
31 41
31 43
31 45
31 46
31 47
31 48
31 49
31 52
31 53
31 55
31 57
31 58
31 59
31 61
31 62
31 64
31 66
31 68
31 72
31 74
31 76
31 79
31 82
31 85
31 87
31 89
31 95
31 96
31 99
31 100
31 101
31 103
31 104
31 105
31 106
31 107
31 108
31 110
31 115
31 117
31 119
31 121
31 122
31 123
31 124
31 125
31 126
31 130
31 132
31 135
31 136
31 137
31 142
31 145
31 147
31 149
31 150
31 151
31 154
31 155
31 156
31 157
31 158
31 163
31 166
31 168
31 170
31 172
31 173
31 174
31 176
31 177
32 33
32 34
32 36
32 37
32 38
32 40
32 45
32 46
32 48
32 50
32 54
32 59
32 60
32 61
32 63
32 65
32 67
32 70
32 72
32 73
32 74
32 75
32 81
32 82
32 83
32 84
32 85
32 86
32 87
32 88
32 89
32 90
32 91
32 92
32 95
32 96
32 97
32 99
32 100
32 102
32 103
32 104
32 105
32 107
32 109
32 110
32 113
32 114
32 117
32 118
32 122
32 123
32 125
32 126
32 130
32 131
32 135
32 136
32 137
32 138
32 139
32 143
32 144
32 145
32 146
32 147
32 149
32 150
32 153
32 154
32 155
32 157
32 159
32 163
32 164
32 166
32 167
32 168
32 170
32 176
32 178
32 179
33 34
33 36
33 39
33 40
33 41
33 42
33 43
33 45
33 47
33 48
33 49
33 50
33 52
33 54
33 57
33 58
33 59
33 60
33 61
33 62
33 63
33 64
33 67
33 68
33 69
33 71
33 72
33 73
33 76
33 78
33 82
33 83
33 84
33 85
33 91
33 94
33 95
33 96
33 98
33 101
33 102
33 104
33 106
33 108
33 109
33 110
33 111
33 112
33 113
33 114
33 115
33 116
33 118
33 120
33 121
33 123
33 124
33 127
33 128
33 130
33 132
33 133
33 135
33 136
33 137
33 138
33 141
33 145
33 147
33 148
33 151
33 153
33 158
33 159
33 162
33 165
33 166
33 168
33 169
33 170
33 171
33 172
34 36
34 37
34 38
34 40
34 45
34 47
34 48
34 52
34 53
34 54
34 55
34 58
34 60
34 61
34 62
34 65
34 66
34 67
34 70
34 71
34 72
34 73
34 75
34 77
34 81
34 82
34 83
34 84
34 85
34 86
34 90
34 92
34 94
34 96
34 97
34 100
34 101
34 102
34 104
34 105
34 106
34 109
34 110
34 113
34 114
34 115
34 116
34 118
34 119
34 122
34 125
34 126
34 127
34 129
34 130
34 131
34 133
34 135
34 136
34 138
34 139
34 145
34 146
34 147
34 148
34 150
34 154
34 155
34 156
34 158
34 161
34 162
34 164
34 165
34 166
34 168
34 169
34 170
34 172
34 173
34 176
34 177
34 179
35 36
35 37
35 39
35 40
35 43
35 46
35 50
35 51
35 52
35 54
35 55
35 58
35 60
35 61
35 63
35 64
35 66
35 68
35 69
35 71
35 72
35 74
35 75
35 76
35 78
35 79
35 80
35 81
35 82
35 84
35 85
35 86
35 88
35 90
35 91
35 92
35 93
35 94
35 96
35 97
35 98
35 101
35 102
35 105
35 106
35 112
35 113
35 116
35 117
35 118
35 120
35 121
35 123
35 126
35 127
35 128
35 130
35 136
35 142
35 143
35 144
35 146
35 147
35 149
35 151
35 152
35 155
35 157
35 158
35 159
35 160
35 163
35 164
35 168
35 173
35 174
35 175
35 177
35 179
36 37
36 38
36 41
36 47
36 48
36 50
36 52
36 54
36 57
36 58
36 59
36 60
36 61
36 63
36 66
36 68
36 70
36 71
36 72
36 73
36 74
36 75
36 76
36 79
36 80
36 82
36 85
36 86
36 89
36 91
36 94
36 96
36 99
36 104
36 106
36 107
36 108
36 109
36 110
36 111
36 113
36 114
36 115
36 117
36 123
36 125
36 126
36 127
36 133
36 135
36 139
36 143
36 145
36 147
36 149
36 152
36 153
36 155
36 157
36 158
36 162
36 163
36 164
36 165
36 166
36 168
36 170
36 171
36 172
36 174
36 176
36 177
36 178
36 179
37 39
37 45
37 46
37 47
37 48
37 49
37 51
37 52
37 55
37 56
37 57
37 58
37 59
37 60
37 61
37 62
37 63
37 64
37 65
37 68
37 69
37 70
37 71
37 72
37 75
37 76
37 77
37 78
37 79
37 85
37 86
37 89
37 90
37 91
37 93
37 94
37 97
37 98
37 99
37 105
37 107
37 108
37 112
37 113
37 114
37 115
37 116
37 117
37 118
37 119
37 120
37 123
37 124
37 127
37 129
37 130
37 131
37 132
37 133
37 134
37 135
37 140
37 143
37 144
37 145
37 147
37 149
37 150
37 151
37 152
37 153
37 155
37 157
37 159
37 162
37 163
37 170
37 172
37 173
37 176
37 178
37 179
38 39
38 40
38 41
38 42
38 43
38 44
38 46
38 48
38 49
38 50
38 53
38 59
38 60
38 61
38 62
38 65
38 67
38 68
38 69
38 70
38 71
38 72
38 73
38 76
38 79
38 80
38 81
38 85
38 86
38 87
38 88
38 90
38 91
38 94
38 96
38 98
38 99
38 101
38 102
38 104
38 105
38 106
38 107
38 108
38 110
38 111
38 114
38 117
38 119
38 120
38 121
38 122
38 124
38 126
38 131
38 132
38 135
38 137
38 138
38 139
38 140
38 141
38 142
38 143
38 144
38 146
38 154
38 156
38 158
38 160
38 161
38 164
38 165
38 166
38 168
38 169
38 171
38 172
38 173
38 178
38 179
39 44
39 47
39 48
39 49
39 50
39 51
39 52
39 53
39 56
39 57
39 60
39 61
39 64
39 65
39 69
39 71
39 73
39 76
39 80
39 82
39 83
39 84
39 85
39 88
39 89
39 90
39 92
39 93
39 97
39 98
39 99
39 100
39 102
39 104
39 106
39 108
39 112
39 113
39 115
39 118
39 119
39 121
39 122
39 123
39 126
39 133
39 134
39 135
39 136
39 139
39 140
39 141
39 142
39 143
39 144
39 148
39 152
39 155
39 156
39 158
39 159
39 161
39 162
39 163
39 166
39 167
39 168
39 169
39 170
39 171
39 172
39 173
39 174
39 175
39 176
39 177
39 178
39 179
40 41
40 42
40 44
40 45
40 47
40 48
40 50
40 53
40 54
40 56
40 59
40 60
40 61
40 62
40 63
40 64
40 65
40 67
40 69
40 70
40 72
40 73
40 75
40 77
40 78
40 80
40 81
40 84
40 85
40 86
40 88
40 89
40 93
40 95
40 96
40 98
40 101
40 102
40 106
40 107
40 109
40 110
40 113
40 114
40 116
40 117
40 118
40 119
40 122
40 124
40 125
40 126
40 127
40 128
40 129
40 130
40 131
40 132
40 133
40 134
40 135
40 136
40 138
40 139
40 140
40 141
40 144
40 145
40 146
40 147
40 148
40 149
40 150
40 151
40 153
40 154
40 156
40 158
40 160
40 161
40 164
40 167
40 168
40 169
40 174
40 175
40 176
41 42
41 43
41 44
41 48
41 50
41 53
41 54
41 55
41 59
41 60
41 61
41 62
41 63
41 64
41 65
41 67
41 68
41 70
41 74
41 76
41 77
41 78
41 79
41 80
41 83
41 85
41 86
41 87
41 89
41 91
41 93
41 97
41 98
41 100
41 101
41 102
41 103
41 105
41 107
41 108
41 111
41 116
41 117
41 118
41 120
41 122
41 126
41 127
41 128
41 135
41 138
41 139
41 141
41 142
41 143
41 148
41 151
41 152
41 154
41 156
41 157
41 158
41 160
41 161
41 162
41 163
41 164
41 165
41 166
41 168
41 169
41 170
41 172
41 177
42 43
42 44
42 45
42 47
42 48
42 49
42 52
42 55
42 57
42 58
42 59
42 60
42 61
42 63
42 64
42 66
42 67
42 69
42 72
42 73
42 74
42 76
42 77
42 78
42 79
42 81
42 83
42 84
42 85
42 86
42 87
42 88
42 90
42 93
42 94
42 96
42 99
42 100
42 102
42 104
42 105
42 107
42 110
42 111
42 113
42 114
42 115
42 116
42 118
42 119
42 123
42 124
42 125
42 129
42 130
42 133
42 136
42 137
42 138
42 139
42 141
42 143
42 146
42 147
42 148
42 149
42 150
42 154
42 156
42 157
42 158
42 159
42 161
42 163
42 166
42 168
42 175
43 44
43 45
43 49
43 50
43 52
43 54
43 55
43 57
43 58
43 63
43 64
43 65
43 66
43 67
43 69
43 71
43 72
43 73
43 75
43 76
43 78
43 81
43 83
43 84
43 85
43 91
43 93
43 95
43 98
43 99
43 103
43 104
43 105
43 107
43 108
43 112
43 113
43 116
43 117
43 118
43 120
43 121
43 122
43 124
43 133
43 134
43 135
43 136
43 140
43 142
43 144
43 146
43 147
43 149
43 152
43 156
43 157
43 158
43 159
43 161
43 162
43 166
43 167
43 169
43 173
43 174
43 178
43 179
44 45
44 47
44 48
44 51
44 53
44 54
44 56
44 60
44 62
44 63
44 64
44 66
44 67
44 70
44 71
44 72
44 73
44 75
44 76
44 78
44 80
44 82
44 86
44 89
44 90
44 91
44 92
44 93
44 94
44 95
44 98
44 100
44 102
44 103
44 105
44 106
44 107
44 108
44 110
44 111
44 112
44 115
44 117
44 118
44 120
44 121
44 122
44 123
44 125
44 126
44 127
44 128
44 129
44 130
44 131
44 132
44 138
44 139
44 141
44 144
44 145
44 146
44 149
44 150
44 151
44 152
44 155
44 158
44 159
44 162
44 165
44 167
44 170
44 172
44 176
44 177
44 178
45 46
45 47
45 48
45 51
45 54
45 56
45 58
45 59
45 61
45 64
45 66
45 68
45 69
45 71
45 75
45 77
45 79
45 80
45 83
45 84
45 86
45 88
45 91
45 92
45 94
45 95
45 96
45 97
45 102
45 104
45 105
45 106
45 108
45 109
45 110
45 114
45 115
45 116
45 118
45 119
45 120
45 122
45 124
45 126
45 127
45 130
45 131
45 132
45 134
45 135
45 137
45 140
45 142
45 144
45 146
45 148
45 149
45 151
45 152
45 153
45 155
45 156
45 157
45 158
45 159
45 160
45 163
45 164
45 168
45 171
45 173
46 47
46 49
46 50
46 57
46 59
46 60
46 62
46 63
46 64
46 65
46 66
46 70
46 71
46 72
46 73
46 74
46 76
46 77
46 81
46 82
46 83
46 84
46 85
46 86
46 87
46 89
46 90
46 91
46 96
46 98
46 99
46 100
46 102
46 109
46 111
46 112
46 113
46 117
46 118
46 119
46 120
46 126
46 127
46 128
46 131
46 133
46 134
46 137
46 138
46 140
46 143
46 147
46 150
46 151
46 153
46 154
46 156
46 160
46 165
46 168
46 169
46 171
46 172
46 174
46 175
46 176
46 178
46 179
47 49
47 52
47 55
47 56
47 57
47 63
47 65
47 68
47 72
47 75
47 79
47 80
47 84
47 87
47 88
47 89
47 90
47 91
47 93
47 94
47 95
47 97
47 98
47 100
47 101
47 103
47 105
47 107
47 108
47 111
47 114
47 115
47 118
47 119
47 120
47 122
47 128
47 132
47 134
47 137
47 139
47 142
47 145
47 146
47 147
47 148
47 150
47 152
47 153
47 154
47 160
47 162
47 163
47 165
47 169
47 173
47 174
47 177
48 54
48 56
48 57
48 60
48 63
48 64
48 67
48 69
48 71
48 73
48 75
48 78
48 79
48 81
48 82
48 86
48 87
48 88
48 89
48 90
48 91
48 92
48 93
48 94
48 96
48 97
48 98
48 99
48 101
48 107
48 109
48 110
48 111
48 114
48 117
48 119
48 120
48 122
48 124
48 126
48 127
48 128
48 131
48 134
48 135
48 138
48 140
48 141
48 142
48 144
48 147
48 148
48 149
48 152
48 154
48 155
48 157
48 159
48 160
48 164
48 166
48 167
48 169
48 171
48 174
48 175
48 176
48 177
49 50
49 53
49 55
49 56
49 59
49 60
49 62
49 64
49 65
49 68
49 69
49 70
49 72
49 74
49 76
49 78
49 79
49 80
49 81
49 82
49 86
49 88
49 89
49 90
49 91
49 92
49 95
49 97
49 98
49 99
49 100
49 101
49 113
49 114
49 115
49 117
49 119
49 121
49 122
49 123
49 124
49 125
49 126
49 128
49 129
49 131
49 132
49 133
49 135
49 136
49 138
49 142
49 146
49 147
49 149
49 150
49 153
49 154
49 159
49 160
49 161
49 162
49 164
49 165
49 167
49 172
49 173
49 177
49 178
49 179
50 51
50 52
50 53
50 55
50 59
50 60
50 61
50 62
50 63
50 66
50 67
50 68
50 71
50 72
50 73
50 74
50 75
50 78
50 79
50 81
50 83
50 84
50 86
50 87
50 88
50 92
50 94
50 95
50 96
50 97
50 98
50 99
50 100
50 103
50 106
50 107
50 112
50 113
50 114
50 115
50 116
50 117
50 119
50 122
50 125
50 127
50 129
50 131
50 132
50 133
50 134
50 136
50 137
50 138
50 139
50 140
50 141
50 142
50 143
50 144
50 150
50 152
50 154
50 156
50 157
50 158
50 166
50 167
50 170
50 172
50 173
50 174
50 175
50 176
50 177
51 52
51 53
51 54
51 55
51 57
51 58
51 59
51 60
51 62
51 64
51 65
51 71
51 73
51 74
51 75
51 79
51 81
51 82
51 83
51 84
51 85
51 88
51 89
51 91
51 92
51 93
51 95
51 97
51 99
51 100
51 101
51 103
51 104
51 105
51 106
51 107
51 113
51 115
51 117
51 118
51 121
51 122
51 124
51 125
51 127
51 129
51 131
51 134
51 135
51 136
51 137
51 138
51 139
51 141
51 143
51 146
51 150
51 151
51 154
51 157
51 159
51 162
51 164
51 165
51 167
51 169
51 170
51 173
51 176
51 177
51 178
51 179
52 53
52 54
52 55
52 57
52 58
52 59
52 64
52 65
52 68
52 69
52 71
52 72
52 73
52 74
52 75
52 77
52 80
52 83
52 84
52 87
52 88
52 91
52 95
52 96
52 97
52 99
52 101
52 102
52 103
52 107
52 109
52 111
52 112
52 114
52 115
52 116
52 117
52 118
52 119
52 123
52 125
52 126
52 128
52 129
52 133
52 134
52 136
52 142
52 143
52 144
52 146
52 148
52 150
52 151
52 153
52 154
52 155
52 156
52 159
52 161
52 163
52 167
52 176
52 179
53 56
53 57
53 59
53 65
53 66
53 67
53 70
53 71
53 72
53 73
53 74
53 75
53 78
53 79
53 80
53 82
53 83
53 85
53 86
53 87
53 89
53 90
53 92
53 94
53 95
53 96
53 97
53 99
53 100
53 101
53 102
53 103
53 104
53 107
53 110
53 111
53 112
53 113
53 114
53 119
53 121
53 122
53 124
53 127
53 129
53 132
53 133
53 135
53 138
53 140
53 141
53 142
53 144
53 145
53 148
53 153
53 158
53 165
53 167
53 170
53 171
53 175
53 176
53 177
54 58
54 59
54 61
54 62
54 63
54 64
54 65
54 66
54 67
54 68
54 71
54 74
54 75
54 77
54 78
54 79
54 80
54 82
54 85
54 86
54 88
54 89
54 92
54 93
54 94
54 99
54 101
54 105
54 106
54 107
54 109
54 112
54 113
54 114
54 115
54 118
54 119
54 120
54 127
54 128
54 130
54 132
54 134
54 135
54 137
54 138
54 139
54 140
54 141
54 145
54 147
54 150
54 156
54 159
54 161
54 162
54 164
54 166
54 167
54 173
54 174
54 175
54 176
55 57
55 58
55 59
55 61
55 62
55 63
55 64
55 65
55 66
55 68
55 69
55 70
55 71
55 76
55 80
55 83
55 84
55 89
55 91
55 92
55 93
55 94
55 100
55 102
55 105
55 106
55 108
55 110
55 111
55 112
55 113
55 125
55 126
55 127
55 129
55 130
55 132
55 133
55 138
55 141
55 142
55 143
55 144
55 150
55 151
55 152
55 155
55 156
55 157
55 159
55 161
55 164
55 165
55 167
55 171
55 174
55 175
55 178
56 58
56 59
56 60
56 61
56 62
56 63
56 67
56 68
56 69
56 71
56 72
56 74
56 77
56 79
56 80
56 82
56 84
56 86
56 87
56 88
56 89
56 90
56 91
56 94
56 95
56 98
56 99
56 100
56 101
56 104
56 105
56 106
56 107
56 108
56 110
56 112
56 113
56 117
56 119
56 124
56 125
56 128
56 129
56 130
56 132
56 134
56 138
56 139
56 140
56 142
56 143
56 145
56 146
56 151
56 153
56 157
56 161
56 164
56 165
56 166
56 167
56 168
56 172
56 173
56 174
56 175
56 176
56 178
57 58
57 60
57 62
57 65
57 66
57 69
57 70
57 71
57 74
57 76
57 78
57 80
57 81
57 83
57 84
57 88
57 90
57 91
57 92
57 93
57 94
57 95
57 98
57 100
57 101
57 103
57 106
57 109
57 111
57 112
57 116
57 117
57 118
57 120
57 123
57 124
57 126
57 128
57 129
57 130
57 133
57 138
57 140
57 141
57 142
57 143
57 146
57 149
57 150
57 152
57 155
57 156
57 157
57 158
57 159
57 160
57 163
57 165
57 166
57 172
57 177
57 179
58 59
58 60
58 62
58 63
58 65
58 69
58 70
58 71
58 72
58 73
58 80
58 83
58 84
58 87
58 88
58 89
58 90
58 92
58 94
58 95
58 96
58 99
58 101
58 106
58 107
58 108
58 111
58 112
58 115
58 116
58 117
58 118
58 120
58 121
58 125
58 127
58 129
58 130
58 132
58 138
58 140
58 143
58 145
58 146
58 148
58 149
58 150
58 151
58 152
58 154
58 156
58 160
58 165
58 168
58 171
58 172
58 174
58 175
59 60
59 61
59 62
59 64
59 65
59 66
59 69
59 71
59 73
59 74
59 76
59 77
59 78
59 80
59 81
59 83
59 84
59 86
59 89
59 90
59 93
59 95
59 96
59 100
59 102
59 109
59 111
59 112
59 113
59 114
59 119
59 120
59 121
59 122
59 126
59 129
59 131
59 133
59 135
59 136
59 144
59 145
59 146
59 147
59 151
59 153
59 159
59 161
59 163
59 164
59 165
59 170
59 171
59 172
59 175
59 176
59 178
60 63
60 64
60 65
60 68
60 69
60 70
60 71
60 72
60 73
60 76
60 77
60 78
60 81
60 86
60 87
60 89
60 90
60 93
60 94
60 96
60 97
60 101
60 105
60 107
60 109
60 110
60 116
60 117
60 119
60 122
60 124
60 127
60 128
60 131
60 136
60 137
60 139
60 145
60 147
60 148
60 149
60 155
60 157
60 158
60 159
60 160
60 168
60 169
60 171
60 173
60 174
60 177
60 178
61 62
61 65
61 67
61 69
61 70
61 71
61 73
61 76
61 80
61 86
61 87
61 89
61 92
61 93
61 95
61 99
61 103
61 108
61 109
61 110
61 111
61 113
61 124
61 125
61 126
61 127
61 128
61 129
61 130
61 131
61 133
61 134
61 135
61 138
61 139
61 140
61 141
61 143
61 144
61 145
61 150
61 151
61 154
61 155
61 162
61 163
61 164
61 165
61 167
61 170
61 178
62 63
62 64
62 65
62 68
62 74
62 76
62 77
62 78
62 79
62 82
62 83
62 84
62 89
62 90
62 91
62 94
62 95
62 98
62 99
62 100
62 102
62 103
62 104
62 106
62 107
62 111
62 112
62 114
62 115
62 118
62 120
62 122
62 124
62 127
62 128
62 130
62 132
62 133
62 134
62 135
62 138
62 142
62 143
62 144
62 145
62 156
62 157
62 158
62 159
62 162
62 163
62 165
62 166
62 167
62 168
62 170
62 171
62 172
62 177
63 64
63 65
63 66
63 67
63 69
63 70
63 71
63 73
63 78
63 79
63 82
63 86
63 88
63 89
63 93
63 95
63 97
63 99
63 100
63 102
63 104
63 105
63 107
63 108
63 109
63 110
63 111
63 113
63 114
63 117
63 118
63 120
63 121
63 122
63 124
63 125
63 127
63 131
63 133
63 134
63 139
63 142
63 144
63 146
63 150
63 151
63 152
63 157
63 168
63 170
63 174
63 175
63 176
63 177
63 178
63 179
64 65
64 66
64 69
64 70
64 74
64 75
64 76
64 77
64 78
64 79
64 80
64 82
64 83
64 84
64 86
64 87
64 89
64 90
64 94
64 95
64 98
64 101
64 104
64 105
64 106
64 108
64 110
64 111
64 112
64 115
64 116
64 117
64 118
64 121
64 122
64 123
64 130
64 131
64 136
64 138
64 139
64 140
64 141
64 142
64 145
64 146
64 148
64 149
64 150
64 153
64 155
64 162
64 165
64 166
64 172
64 177
65 67
65 68
65 70
65 71
65 76
65 78
65 79
65 81
65 82
65 85
65 87
65 88
65 90
65 91
65 92
65 93
65 94
65 98
65 102
65 103
65 106
65 108
65 110
65 111
65 113
65 114
65 115
65 117
65 118
65 119
65 120
65 122
65 123
65 124
65 125
65 126
65 128
65 129
65 132
65 139
65 141
65 142
65 149
65 150
65 156
65 159
65 162
65 167
65 169
65 174
65 176
66 68
66 71
66 73
66 74
66 75
66 76
66 77
66 83
66 86
66 88
66 90
66 92
66 93
66 94
66 96
66 99
66 100
66 102
66 103
66 106
66 108
66 109
66 111
66 116
66 117
66 118
66 120
66 122
66 123
66 125
66 128
66 129
66 130
66 132
66 135
66 136
66 137
66 138
66 140
66 141
66 144
66 146
66 148
66 155
66 162
66 163
66 164
66 165
66 166
66 167
66 168
66 174
66 175
67 71
67 72
67 75
67 76
67 81
67 82
67 84
67 85
67 86
67 88
67 91
67 92
67 94
67 100
67 101
67 104
67 105
67 106
67 109
67 111
67 112
67 114
67 115
67 119
67 121
67 125
67 129
67 130
67 131
67 134
67 136
67 138
67 140
67 143
67 144
67 145
67 146
67 148
67 151
67 152
67 156
67 157
67 160
67 161
67 163
67 164
67 165
67 167
67 169
67 170
67 171
67 172
67 173
67 174
67 176
67 177
67 178
68 70
68 75
68 76
68 78
68 81
68 82
68 85
68 88
68 89
68 91
68 93
68 94
68 95
68 97
68 98
68 100
68 110
68 112
68 113
68 115
68 116
68 117
68 118
68 121
68 122
68 123
68 127
68 128
68 130
68 131
68 133
68 134
68 136
68 138
68 139
68 141
68 143
68 144
68 145
68 147
68 149
68 150
68 151
68 152
68 153
68 154
68 156
68 157
68 161
68 162
68 167
68 168
68 173
68 177
68 179
69 70
69 71
69 72
69 73
69 74
69 75
69 77
69 80
69 81
69 84
69 85
69 89
69 94
69 96
69 97
69 99
69 101
69 105
69 106
69 107
69 110
69 115
69 116
69 117
69 119
69 120
69 121
69 122
69 124
69 125
69 127
69 129
69 133
69 136
69 138
69 141
69 143
69 144
69 146
69 149
69 153
69 154
69 157
69 158
69 159
69 161
69 163
69 165
69 166
69 168
69 169
69 170
69 171
69 173
69 175
69 176
69 177
69 178
69 179
70 72
70 73
70 74
70 77
70 79
70 80
70 81
70 82
70 84
70 86
70 87
70 89
70 92
70 93
70 94
70 96
70 99
70 103
70 104
70 105
70 106
70 108
70 109
70 110
70 114
70 115
70 116
70 118
70 120
70 121
70 125
70 126
70 128
70 129
70 131
70 132
70 134
70 135
70 138
70 139
70 140
70 141
70 143
70 145
70 149
70 152
70 153
70 155
70 158
70 161
70 162
70 164
70 167
70 170
70 173
70 174
70 176
70 178
71 77
71 79
71 84
71 86
71 88
71 89
71 90
71 92
71 96
71 99
71 100
71 102
71 107
71 108
71 113
71 116
71 117
71 118
71 121
71 122
71 123
71 127
71 128
71 133
71 134
71 137
71 140
71 141
71 142
71 144
71 145
71 146
71 151
71 152
71 153
71 155
71 158
71 160
71 161
71 163
71 166
71 169
71 171
72 73
72 75
72 77
72 78
72 79
72 83
72 85
72 86
72 87
72 89
72 90
72 92
72 98
72 99
72 100
72 102
72 104
72 107
72 110
72 113
72 114
72 115
72 116
72 118
72 121
72 126
72 127
72 130
72 137
72 140
72 142
72 143
72 147
72 148
72 149
72 151
72 153
72 157
72 158
72 160
72 162
72 163
72 165
72 167
72 169
72 170
72 171
72 174
72 177
73 74
73 75
73 76
73 77
73 79
73 80
73 81
73 82
73 84
73 88
73 91
73 94
73 95
73 96
73 98
73 101
73 106
73 108
73 109
73 110
73 119
73 120
73 121
73 122
73 129
73 134
73 135
73 137
73 139
73 140
73 141
73 142
73 144
73 145
73 151
73 154
73 156
73 158
73 162
73 168
73 170
73 173
73 175
73 177
73 178
73 179
74 82
74 83
74 85
74 86
74 87
74 88
74 90
74 91
74 92
74 93
74 95
74 97
74 101
74 104
74 107
74 108
74 110
74 111
74 112
74 115
74 117
74 118
74 120
74 121
74 126
74 128
74 129
74 134
74 136
74 139
74 140
74 146
74 148
74 149
74 152
74 155
74 158
74 159
74 160
74 161
74 162
74 164
74 166
74 167
74 171
74 173
74 174
74 175
74 176
74 178
74 179
75 76
75 78
75 79
75 81
75 82
75 83
75 85
75 87
75 88
75 90
75 91
75 92
75 93
75 96
75 97
75 98
75 103
75 104
75 105
75 107
75 108
75 109
75 112
75 113
75 114
75 115
75 118
75 119
75 120
75 123
75 126
75 128
75 130
75 132
75 133
75 134
75 136
75 139
75 142
75 145
75 146
75 147
75 150
75 151
75 152
75 153
75 154
75 155
75 157
75 160
75 162
75 169
75 171
75 173
75 175
75 176
75 177
75 179
76 77
76 78
76 80
76 81
76 82
76 83
76 84
76 88
76 89
76 93
76 94
76 95
76 96
76 97
76 98
76 101
76 102
76 103
76 106
76 107
76 109
76 110
76 111
76 113
76 115
76 118
76 120
76 121
76 123
76 126
76 127
76 128
76 131
76 132
76 135
76 136
76 140
76 145
76 146
76 147
76 148
76 150
76 151
76 152
76 153
76 154
76 157
76 158
76 160
76 161
76 165
76 167
76 169
76 170
76 175
76 178
77 80
77 82
77 85
77 86
77 88
77 91
77 92
77 94
77 95
77 97
77 98
77 99
77 102
77 103
77 105
77 107
77 108
77 110
77 114
77 115
77 116
77 118
77 120
77 121
77 126
77 127
77 130
77 131
77 133
77 135
77 136
77 140
77 144
77 145
77 147
77 148
77 149
77 151
77 153
77 155
77 156
77 159
77 160
77 161
77 162
77 164
77 165
77 169
77 171
77 173
77 174
77 176
77 177
77 178
77 179
78 82
78 87
78 88
78 89
78 93
78 95
78 96
78 98
78 99
78 102
78 107
78 108
78 109
78 110
78 111
78 113
78 118
78 119
78 120
78 121
78 124
78 125
78 127
78 128
78 133
78 135
78 145
78 146
78 148
78 152
78 155
78 162
78 163
78 164
78 167
78 168
78 170
78 176
78 177
78 178
79 81
79 82
79 83
79 86
79 87
79 89
79 90
79 92
79 94
79 95
79 97
79 98
79 99
79 100
79 102
79 104
79 108
79 109
79 110
79 115
79 116
79 117
79 120
79 121
79 122
79 123
79 124
79 127
79 128
79 129
79 131
79 134
79 135
79 137
79 138
79 139
79 141
79 144
79 146
79 147
79 151
79 152
79 156
79 160
79 164
79 165
79 166
79 167
79 170
79 171
79 172
79 174
79 175
79 177
80 82
80 83
80 84
80 85
80 88
80 90
80 91
80 96
80 97
80 100
80 101
80 102
80 103
80 104
80 105
80 106
80 107
80 108
80 110
80 111
80 112
80 115
80 118
80 120
80 123
80 125
80 127
80 131
80 132
80 138
80 140
80 142
80 146
80 147
80 149
80 153
80 156
80 157
80 165
80 169
80 176
80 177
80 179
81 83
81 84
81 86
81 90
81 91
81 93
81 94
81 96
81 100
81 101
81 102
81 108
81 111
81 112
81 113
81 115
81 117
81 119
81 120
81 123
81 124
81 125
81 127
81 128
81 136
81 137
81 139
81 143
81 146
81 147
81 148
81 149
81 150
81 157
81 160
81 161
81 162
81 167
81 170
81 171
81 172
81 178
82 83
82 86
82 88
82 91
82 92
82 93
82 100
82 101
82 103
82 104
82 105
82 107
82 108
82 109
82 110
82 114
82 117
82 119
82 120
82 121
82 123
82 124
82 125
82 127
82 132
82 133
82 135
82 137
82 138
82 140
82 142
82 145
82 148
82 151
82 153
82 154
82 156
82 157
82 159
82 160
82 161
82 163
82 164
82 166
82 167
82 171
82 176
82 178
83 84
83 85
83 87
83 89
83 92
83 94
83 96
83 97
83 100
83 101
83 104
83 106
83 107
83 108
83 109
83 112
83 114
83 115
83 117
83 118
83 119
83 121
83 122
83 126
83 129
83 130
83 131
83 132
83 134
83 136
83 137
83 141
83 142
83 143
83 144
83 145
83 146
83 147
83 150
83 151
83 156
83 159
83 166
83 168
83 171
83 174
83 178
84 85
84 90
84 92
84 94
84 101
84 102
84 104
84 105
84 107
84 108
84 110
84 111
84 112
84 116
84 120
84 121
84 122
84 124
84 125
84 127
84 128
84 130
84 135
84 137
84 138
84 140
84 141
84 142
84 144
84 145
84 148
84 151
84 153
84 154
84 155
84 156
84 158
84 159
84 160
84 161
84 162
84 164
84 172
84 173
84 177
84 178
84 179
85 86
85 88
85 89
85 91
85 92
85 94
85 95
85 97
85 98
85 99
85 100
85 105
85 109
85 112
85 115
85 117
85 118
85 119
85 121
85 124
85 128
85 134
85 138
85 141
85 143
85 144
85 145
85 149
85 154
85 155
85 158
85 160
85 162
85 168
85 170
85 171
85 175
85 179
86 90
86 91
86 92
86 93
86 95
86 96
86 97
86 101
86 106
86 109
86 110
86 113
86 114
86 115
86 118
86 122
86 123
86 124
86 126
86 127
86 129
86 130
86 135
86 136
86 137
86 139
86 142
86 143
86 144
86 145
86 146
86 152
86 154
86 156
86 162
86 165
86 167
86 171
86 174
86 175
86 177
86 178
86 179
87 89
87 90
87 92
87 94
87 95
87 97
87 98
87 100
87 101
87 102
87 103
87 104
87 108
87 109
87 111
87 112
87 114
87 115
87 116
87 117
87 118
87 119
87 120
87 122
87 123
87 127
87 128
87 129
87 132
87 134
87 136
87 137
87 138
87 140
87 144
87 145
87 146
87 147
87 148
87 149
87 150
87 151
87 152
87 153
87 155
87 156
87 157
87 158
87 159
87 161
87 162
87 164
87 166
87 168
87 170
87 172
87 175
87 177
87 179
88 89
88 90
88 92
88 98
88 101
88 103
88 106
88 107
88 109
88 111
88 114
88 118
88 119
88 120
88 122
88 123
88 128
88 129
88 131
88 133
88 135
88 136
88 137
88 139
88 141
88 144
88 146
88 150
88 151
88 154
88 158
88 159
88 160
88 164
88 169
88 175
88 179
89 91
89 92
89 94
89 95
89 97
89 98
89 99
89 101
89 102
89 108
89 110
89 113
89 114
89 116
89 119
89 121
89 129
89 130
89 136
89 138
89 140
89 143
89 144
89 147
89 150
89 154
89 155
89 160
89 163
89 166
89 167
89 168
89 173
89 177
89 179
90 92
90 93
90 94
90 95
90 96
90 100
90 101
90 102
90 104
90 106
90 109
90 112
90 114
90 116
90 117
90 119
90 120
90 121
90 123
90 128
90 130
90 131
90 134
90 136
90 137
90 139
90 146
90 148
90 150
90 153
90 155
90 156
90 157
90 158
90 159
90 162
90 163
90 164
90 169
90 176
90 177
90 178
90 179
91 92
91 96
91 97
91 98
91 102
91 104
91 106
91 108
91 109
91 112
91 113
91 115
91 116
91 117
91 118
91 119
91 122
91 123
91 124
91 133
91 138
91 140
91 142
91 143
91 145
91 148
91 149
91 150
91 151
91 153
91 154
91 156
91 157
91 160
91 161
91 163
91 166
91 167
91 169
91 170
91 172
91 173
91 176
91 178
91 179
92 93
92 96
92 98
92 103
92 104
92 105
92 106
92 107
92 109
92 110
92 112
92 113
92 117
92 118
92 119
92 121
92 122
92 125
92 127
92 132
92 134
92 139
92 143
92 145
92 148
92 149
92 150
92 151
92 159
92 160
92 161
92 162
92 163
92 164
92 168
92 170
92 176
92 177
93 94
93 95
93 98
93 99
93 101
93 102
93 104
93 107
93 108
93 109
93 112
93 115
93 117
93 118
93 120
93 123
93 124
93 134
93 135
93 136
93 138
93 139
93 141
93 142
93 143
93 144
93 148
93 151
93 152
93 153
93 154
93 156
93 162
93 167
93 168
93 170
93 171
93 173
93 175
93 176
93 177
94 97
94 99
94 100
94 106
94 109
94 111
94 112
94 116
94 120
94 125
94 128
94 131
94 132
94 133
94 134
94 139
94 143
94 146
94 151
94 152
94 153
94 158
94 163
94 164
94 167
94 168
94 175
94 176
94 179
95 97
95 99
95 100
95 101
95 104
95 105
95 106
95 108
95 109
95 113
95 115
95 116
95 117
95 120
95 121
95 122
95 124
95 125
95 127
95 129
95 132
95 133
95 134
95 135
95 136
95 137
95 138
95 139
95 140
95 141
95 143
95 144
95 145
95 148
95 149
95 150
95 151
95 156
95 159
95 161
95 166
95 170
95 172
95 174
96 98
96 99
96 101
96 102
96 105
96 107
96 108
96 110
96 111
96 116
96 117
96 119
96 120
96 122
96 123
96 124
96 133
96 136
96 137
96 143
96 144
96 146
96 148
96 150
96 151
96 154
96 159
96 160
96 163
96 165
96 166
96 167
96 168
96 169
96 172
96 178
97 99
97 101
97 103
97 105
97 106
97 108
97 109
97 111
97 114
97 116
97 118
97 119
97 122
97 127
97 129
97 133
97 135
97 137
97 140
97 143
97 147
97 149
97 151
97 157
97 158
97 160
97 162
97 163
97 164
97 165
97 167
97 171
97 172
97 173
97 175
97 176
98 102
98 103
98 105
98 109
98 112
98 113
98 115
98 121
98 122
98 124
98 126
98 127
98 128
98 129
98 131
98 132
98 135
98 139
98 140
98 145
98 146
98 147
98 149
98 150
98 155
98 156
98 157
98 159
98 163
98 164
98 165
98 166
98 167
98 168
98 173
98 174
98 175
98 178
99 100
99 101
99 102
99 104
99 106
99 109
99 110
99 111
99 112
99 116
99 119
99 120
99 121
99 124
99 125
99 126
99 128
99 130
99 132
99 134
99 135
99 138
99 140
99 141
99 146
99 147
99 148
99 150
99 155
99 158
99 161
99 162
99 163
99 164
99 165
99 167
99 168
99 169
99 171
99 173
99 178
100 105
100 106
100 108
100 110
100 113
100 114
100 115
100 116
100 118
100 119
100 121
100 122
100 123
100 125
100 130
100 131
100 133
100 134
100 136
100 137
100 139
100 142
100 143
100 145
100 146
100 150
100 154
100 161
100 162
100 170
100 171
100 172
100 173
100 175
100 178
101 104
101 105
101 106
101 108
101 111
101 112
101 114
101 116
101 118
101 121
101 124
101 125
101 126
101 128
101 129
101 130
101 131
101 135
101 137
101 138
101 140
101 141
101 142
101 149
101 150
101 151
101 153
101 154
101 156
101 159
101 160
101 163
101 170
101 171
101 172
101 173
101 175
101 178
102 103
102 104
102 105
102 108
102 112
102 113
102 116
102 118
102 119
102 121
102 123
102 124
102 125
102 127
102 128
102 130
102 132
102 133
102 134
102 137
102 138
102 140
102 141
102 144
102 145
102 147
102 149
102 159
102 160
102 166
102 167
102 169
102 171
102 172
102 174
102 175
102 179
103 104
103 107
103 109
103 110
103 111
103 117
103 119
103 122
103 123
103 125
103 127
103 128
103 129
103 137
103 139
103 141
103 143
103 152
103 154
103 155
103 157
103 158
103 160
103 161
103 162
103 163
103 165
103 166
103 169
103 170
103 175
103 176
103 177
103 178
103 179
104 106
104 108
104 109
104 110
104 112
104 115
104 118
104 121
104 124
104 127
104 128
104 131
104 132
104 134
104 136
104 137
104 138
104 139
104 140
104 142
104 143
104 144
104 146
104 147
104 148
104 149
104 150
104 156
104 161
104 164
104 165
104 168
104 172
105 107
105 109
105 111
105 112
105 114
105 117
105 119
105 123
105 124
105 126
105 127
105 130
105 132
105 134
105 135
105 137
105 139
105 143
105 149
105 150
105 151
105 152
105 155
105 156
105 157
105 158
105 161
105 162
105 169
105 171
105 174
105 179
106 109
106 112
106 114
106 115
106 118
106 119
106 120
106 122
106 125
106 127
106 129
106 130
106 133
106 136
106 137
106 140
106 141
106 142
106 145
106 146
106 148
106 149
106 151
106 154
106 155
106 159
106 165
106 166
106 167
106 170
106 171
106 174
106 178
107 108
107 109
107 112
107 113
107 115
107 116
107 119
107 122
107 124
107 125
107 126
107 128
107 129
107 130
107 133
107 134
107 136
107 138
107 139
107 140
107 142
107 143
107 145
107 146
107 152
107 158
107 160
107 163
107 164
107 166
107 168
107 170
107 173
107 175
107 176
107 178
108 111
108 114
108 120
108 121
108 122
108 123
108 125
108 131
108 135
108 136
108 141
108 144
108 149
108 150
108 152
108 153
108 158
108 159
108 166
108 168
108 169
108 171
108 173
108 174
108 175
108 176
108 178
109 110
109 111
109 112
109 115
109 116
109 123
109 124
109 130
109 132
109 133
109 134
109 135
109 136
109 140
109 142
109 144
109 145
109 147
109 148
109 149
109 151
109 153
109 156
109 159
109 161
109 167
109 169
109 171
109 173
109 176
109 178
109 179
110 111
110 113
110 115
110 116
110 117
110 120
110 121
110 125
110 126
110 127
110 130
110 131
110 132
110 136
110 139
110 140
110 141
110 143
110 146
110 148
110 149
110 150
110 151
110 153
110 155
110 156
110 158
110 160
110 162
110 164
110 168
110 170
110 172
110 179
111 113
111 116
111 121
111 124
111 126
111 127
111 129
111 130
111 132
111 133
111 134
111 135
111 141
111 142
111 143
111 144
111 149
111 152
111 154
111 157
111 160
111 164
111 165
111 168
111 170
111 172
111 174
111 175
111 177
111 179
112 113
112 115
112 116
112 119
112 123
112 125
112 127
112 128
112 131
112 132
112 133
112 135
112 137
112 140
112 143
112 146
112 147
112 149
112 150
112 155
112 156
112 157
112 159
112 162
112 169
112 170
112 174
112 176
112 179
113 114
113 115
113 116
113 117
113 118
113 120
113 121
113 123
113 124
113 126
113 127
113 128
113 129
113 131
113 134
113 136
113 138
113 140
113 142
113 143
113 145
113 147
113 152
113 155
113 158
113 160
113 161
113 168
113 169
113 171
114 115
114 116
114 120
114 124
114 125
114 129
114 130
114 134
114 135
114 137
114 140
114 143
114 144
114 146
114 147
114 148
114 152
114 155
114 156
114 162
114 163
114 164
114 166
114 172
114 174
114 175
114 176
114 177
114 178
114 179
115 116
115 120
115 121
115 122
115 123
115 124
115 125
115 130
115 132
115 133
115 137
115 139
115 141
115 144
115 149
115 151
115 152
115 153
115 154
115 157
115 161
115 165
115 170
115 171
115 174
115 175
115 177
116 117
116 118
116 121
116 124
116 125
116 129
116 130
116 132
116 133
116 135
116 136
116 137
116 138
116 139
116 146
116 147
116 149
116 152
116 153
116 159
116 160
116 161
116 165
116 166
116 168
116 169
116 170
116 171
116 173
116 174
116 179
117 118
117 120
117 122
117 123
117 124
117 125
117 126
117 138
117 147
117 149
117 150
117 151
117 153
117 154
117 157
117 159
117 161
117 162
117 163
117 165
117 167
117 168
117 169
117 170
117 171
117 172
117 173
117 174
117 178
117 179
118 119
118 121
118 125
118 126
118 135
118 139
118 140
118 141
118 142
118 143
118 145
118 146
118 151
118 156
118 157
118 158
118 163
118 165
118 169
118 170
118 174
119 120
119 123
119 124
119 126
119 134
119 135
119 136
119 137
119 138
119 139
119 142
119 143
119 153
119 159
119 165
119 166
119 171
119 172
119 174
119 178
120 122
120 124
120 125
120 127
120 130
120 131
120 137
120 142
120 144
120 145
120 151
120 154
120 156
120 157
120 163
120 164
120 165
120 166
120 168
120 169
120 170
120 172
120 174
120 176
120 177
120 178
120 179
121 129
121 131
121 133
121 134
121 135
121 140
121 141
121 143
121 148
121 153
121 154
121 156
121 157
121 159
121 161
121 169
121 174
122 125
122 126
122 129
122 131
122 133
122 134
122 135
122 136
122 137
122 139
122 142
122 145
122 146
122 155
122 156
122 158
122 163
122 165
122 170
122 171
122 172
122 173
122 174
123 125
123 130
123 131
123 136
123 137
123 139
123 141
123 142
123 143
123 145
123 147
123 154
123 155
123 158
123 161
123 162
123 163
123 164
123 165
123 166
123 167
123 168
123 169
123 172
123 173
123 174
124 125
124 126
124 127
124 128
124 132
124 134
124 138
124 141
124 142
124 145
124 146
124 147
124 150
124 151
124 152
124 154
124 158
124 161
124 164
124 166
124 168
124 169
124 171
124 174
124 177
124 179
125 127
125 128
125 130
125 133
125 135
125 141
125 143
125 146
125 150
125 154
125 157
125 159
125 160
125 163
125 164
125 166
125 168
125 175
126 129
126 131
126 133
126 136
126 137
126 138
126 140
126 146
126 147
126 148
126 150
126 152
126 154
126 155
126 157
126 159
126 165
126 166
126 167
126 168
126 171
126 174
126 177
126 178
127 128
127 130
127 131
127 133
127 134
127 135
127 136
127 138
127 141
127 144
127 145
127 148
127 156
127 158
127 159
127 161
127 162
127 166
127 167
127 170
127 174
128 132
128 133
128 136
128 144
128 145
128 148
128 149
128 151
128 153
128 155
128 157
128 163
128 164
128 165
128 167
128 168
128 169
128 171
128 173
128 176
128 179
129 131
129 134
129 135
129 137
129 139
129 141
129 142
129 144
129 148
129 149
129 150
129 153
129 154
129 156
129 157
129 158
129 159
129 167
129 168
129 169
129 170
129 175
129 177
129 178
129 179
130 131
130 133
130 135
130 137
130 144
130 147
130 149
130 153
130 155
130 156
130 160
130 162
130 164
130 166
130 167
130 170
130 173
130 179
131 132
131 133
131 136
131 138
131 142
131 147
131 148
131 149
131 150
131 152
131 153
131 155
131 162
131 163
131 166
131 172
131 173
131 175
131 177
131 178
132 138
132 139
132 140
132 142
132 145
132 146
132 147
132 148
132 153
132 156
132 158
132 161
132 162
132 164
132 167
132 168
132 169
132 172
132 173
132 174
132 176
132 177
132 178
132 179
133 134
133 135
133 139
133 140
133 141
133 145
133 147
133 148
133 149
133 150
133 152
133 154
133 155
133 160
133 172
133 177
133 179
134 137
134 142
134 144
134 146
134 147
134 149
134 150
134 151
134 152
134 153
134 154
134 155
134 165
134 168
134 170
134 171
134 176
134 178
134 179
135 138
135 139
135 141
135 144
135 147
135 148
135 149
135 150
135 156
135 159
135 160
135 164
135 165
135 179
136 139
136 140
136 141
136 142
136 146
136 149
136 154
136 156
136 157
136 158
136 163
136 168
136 169
136 170
136 171
136 172
136 176
136 178
136 179
137 139
137 141
137 143
137 145
137 147
137 149
137 151
137 154
137 155
137 160
137 163
137 166
137 168
137 170
137 172
137 173
137 174
137 176
138 141
138 144
138 146
138 147
138 148
138 149
138 150
138 155
138 157
138 160
138 161
138 162
138 163
138 166
138 168
138 172
138 175
139 142
139 146
139 147
139 149
139 151
139 155
139 158
139 160
139 170
139 173
139 178
140 141
140 142
140 145
140 148
140 152
140 153
140 155
140 156
140 157
140 160
140 161
140 162
140 163
140 166
140 168
140 169
140 174
140 175
140 178
141 142
141 145
141 148
141 150
141 152
141 153
141 154
141 158
141 160
141 161
141 163
141 166
141 168
141 171
141 172
142 149
142 150
142 151
142 152
142 153
142 159
142 160
142 163
142 166
142 172
142 175
142 177
143 149
143 151
143 155
143 156
143 159
143 162
143 168
143 169
143 170
143 171
143 172
143 179
144 148
144 149
144 150
144 151
144 152
144 155
144 157
144 160
144 165
144 167
144 171
144 175
144 179
145 146
145 148
145 153
145 155
145 157
145 158
145 163
145 165
145 166
145 167
145 169
145 173
146 153
146 158
146 164
146 169
146 170
146 174
146 177
147 149
147 150
147 151
147 153
147 154
147 155
147 159
147 160
147 161
147 163
147 166
147 167
147 172
147 173
148 151
148 152
148 153
148 155
148 158
148 160
148 162
148 163
148 165
148 168
148 173
148 175
148 176
148 177
149 153
149 156
149 158
149 159
149 160
149 161
149 165
149 166
149 167
149 171
149 172
149 176
149 178
150 156
150 157
150 161
150 162
150 166
150 167
150 169
150 172
150 174
150 175
150 177
151 155
151 157
151 160
151 169
151 173
152 153
152 154
152 157
152 158
152 160
152 163
152 164
152 165
152 168
152 169
152 171
152 173
152 174
152 175
152 178
152 179
153 156
153 157
153 164
153 167
153 168
153 169
153 177
153 178
153 179
154 156
154 158
154 159
154 161
154 164
154 165
154 168
154 171
154 176
154 178
155 156
155 161
155 164
155 165
155 167
155 168
155 172
155 179
156 157
156 161
156 162
156 163
156 164
156 169
156 171
156 174
156 175
156 176
156 179
157 162
157 163
157 164
157 167
157 168
157 173
157 174
158 159
158 161
158 164
158 166
158 167
158 168
158 172
158 174
158 175
158 177
159 160
159 162
159 163
159 165
159 178
159 179
160 161
160 162
160 163
160 167
160 168
160 171
160 173
160 177
161 162
161 167
161 168
161 170
161 172
161 173
161 174
161 175
161 177
162 175
162 176
162 177
162 178
162 179
163 164
163 167
163 169
163 170
163 171
163 172
163 173
163 176
163 178
164 169
164 176
164 177
165 167
165 168
165 169
165 170
165 171
165 172
165 175
165 176
166 170
166 171
166 172
166 174
166 175
166 177
167 172
167 173
167 177
167 179
168 169
168 172
168 175
169 174
169 175
169 179
170 172
170 174
170 175
171 172
171 173
171 176
171 177
172 173
172 177
173 174
173 175
173 177
174 175
174 179
175 177
175 179
176 179
177 178
