188
0 1
0 2
0 3
0 4
0 7
0 9
0 10
0 11
0 12
0 13
0 14
0 15
0 17
0 18
0 19
0 20
0 21
0 23
0 24
0 26
0 27
0 28
0 29
0 30
0 32
0 34
0 35
0 37
0 38
0 39
0 40
0 42
0 43
0 45
0 48
0 49
0 50
0 51
0 52
0 53
0 57
0 61
0 62
0 64
0 65
0 66
0 67
0 68
0 69
0 70
0 73
0 75
0 78
0 79
0 80
0 86
0 87
0 89
0 92
0 93
0 95
0 96
0 97
0 98
0 103
0 105
0 106
0 108
0 109
0 111
0 113
0 114
0 115
0 118
0 123
0 126
0 127
0 130
0 132
0 133
0 135
0 136
0 139
0 145
0 147
0 148
0 149
0 150
0 151
0 152
0 153
0 155
0 156
0 159
0 160
0 163
0 166
0 168
0 169
0 170
0 171
0 172
0 173
0 174
0 177
0 178
0 179
0 185
0 186
1 2
1 3
1 4
1 7
1 8
1 9
1 10
1 11
1 12
1 14
1 15
1 16
1 19
1 20
1 23
1 24
1 26
1 27
1 28
1 30
1 31
1 32
1 33
1 34
1 37
1 39
1 40
1 41
1 42
1 45
1 48
1 49
1 50
1 51
1 52
1 54
1 55
1 56
1 57
1 58
1 59
1 60
1 61
1 62
1 63
1 64
1 66
1 67
1 68
1 69
1 70
1 71
1 72
1 73
1 74
1 76
1 77
1 80
1 82
1 85
1 87
1 89
1 90
1 91
1 92
1 93
1 94
1 95
1 96
1 98
1 100
1 101
1 103
1 104
1 105
1 106
1 108
1 110
1 111
1 112
1 114
1 115
1 117
1 119
1 120
1 121
1 122
1 123
1 124
1 126
1 127
1 131
1 132
1 136
1 138
1 139
1 140
1 142
1 143
1 144
1 145
1 148
1 150
1 152
1 154
1 160
1 161
1 162
1 163
1 165
1 169
1 170
1 171
1 173
1 174
1 175
1 176
1 177
1 178
1 182
1 184
1 186
1 187
2 3
2 5
2 6
2 7
2 8
2 10
2 11
2 13
2 14
2 15
2 16
2 17
2 18
2 19
2 20
2 22
2 23
2 24
2 27
2 28
2 29
2 30
2 32
2 34
2 39
2 40
2 43
2 44
2 45
2 46
2 47
2 49
2 50
2 51
2 59
2 60
2 63
2 64
2 67
2 68
2 69
2 71
2 72
2 73
2 74
2 77
2 78
2 79
2 81
2 87
2 88
2 89
2 90
2 91
2 92
2 93
2 94
2 97
2 98
2 99
2 101
2 104
2 107
2 108
2 109
2 110
2 111
2 113
2 114
2 115
2 116
2 119
2 122
2 123
2 124
2 128
2 131
2 132
2 136
2 137
2 138
2 140
2 141
2 142
2 143
2 144
2 145
2 147
2 150
2 151
2 153
2 155
2 156
2 158
2 159
2 162
2 163
2 164
2 165
2 166
2 169
2 171
2 173
2 174
2 175
2 176
2 177
2 178
2 180
2 183
2 185
2 186
3 4
3 6
3 7
3 9
3 10
3 11
3 13
3 15
3 16
3 17
3 18
3 19
3 20
3 21
3 22
3 24
3 25
3 27
3 29
3 30
3 31
3 32
3 33
3 34
3 35
3 36
3 37
3 38
3 39
3 40
3 41
3 44
3 45
3 46
3 51
3 54
3 56
3 57
3 58
3 60
3 61
3 62
3 64
3 65
3 67
3 68
3 73
3 77
3 80
3 81
3 83
3 84
3 86
3 87
3 88
3 89
3 90
3 93
3 94
3 98
3 99
3 100
3 101
3 102
3 103
3 104
3 106
3 107
3 108
3 110
3 111
3 112
3 113
3 115
3 116
3 117
3 118
3 119
3 120
3 121
3 124
3 125
3 128
3 131
3 133
3 134
3 135
3 138
3 139
3 141
3 142
3 143
3 145
3 147
3 150
3 152
3 156
3 160
3 162
3 164
3 165
3 166
3 167
3 168
3 169
3 171
3 173
3 174
3 175
3 178
3 181
3 185
4 5
4 7
4 8
4 12
4 15
4 16
4 18
4 19
4 20
4 21
4 23
4 24
4 25
4 26
4 28
4 30
4 32
4 33
4 34
4 36
4 37
4 40
4 41
4 45
4 47
4 48
4 49
4 50
4 53
4 56
4 57
4 58
4 59
4 61
4 63
4 64
4 65
4 67
4 68
4 69
4 74
4 77
4 78
4 79
4 80
4 81
4 82
4 84
4 85
4 86
4 88
4 89
4 93
4 95
4 96
4 97
4 101
4 102
4 104
4 105
4 106
4 107
4 115
4 116
4 117
4 118
4 120
4 121
4 122
4 123
4 124
4 126
4 127
4 128
4 133
4 135
4 136
4 138
4 142
4 143
4 144
4 145
4 146
4 152
4 154
4 155
4 156
4 158
4 160
4 161
4 163
4 164
4 165
4 167
4 168
4 170
4 172
4 174
4 177
4 178
4 179
4 180
4 181
4 187
5 6
5 7
5 9
5 10
5 12
5 13
5 16
5 19
5 20
5 22
5 23
5 26
5 31
5 33
5 35
5 36
5 38
5 40
5 41
5 42
5 43
5 44
5 45
5 46
5 48
5 49
5 50
5 51
5 52
5 53
5 55
5 56
5 57
5 59
5 60
5 61
5 64
5 65
5 66
5 67
5 68
5 70
5 71
5 73
5 74
5 75
5 76
5 78
5 80
5 81
5 82
5 86
5 87
5 88
5 89
5 90
5 91
5 93
5 96
5 97
5 100
5 101
5 102
5 103
5 104
5 108
5 113
5 114
5 119
5 120
5 121
5 125
5 126
5 127
5 128
5 130
5 134
5 136
5 137
5 138
5 141
5 142
5 144
5 146
5 147
5 149
5 150
5 152
5 153
5 154
5 156
5 158
5 159
5 160
5 161
5 162
5 163
5 165
5 166
5 168
5 171
5 172
5 175
5 177
5 178
5 180
5 182
5 186
5 187
6 7
6 9
6 11
6 12
6 15
6 16
6 18
6 19
6 23
6 24
6 26
6 27
6 28
6 29
6 31
6 32
6 33
6 35
6 36
6 37
6 38
6 39
6 40
6 41
6 42
6 43
6 44
6 45
6 47
6 48
6 49
6 50
6 51
6 53
6 54
6 55
6 56
6 58
6 60
6 61
6 62
6 63
6 64
6 65
6 66
6 68
6 69
6 71
6 73
6 75
6 76
6 80
6 81
6 85
6 89
6 91
6 93
6 96
6 97
6 101
6 102
6 104
6 105
6 108
6 109
6 111
6 112
6 114
6 115
6 117
6 119
6 123
6 124
6 125
6 126
6 127
6 128
6 129
6 130
6 132
6 133
6 138
6 140
6 142
6 143
6 144
6 146
6 147
6 148
6 149
6 153
6 154
6 156
6 161
6 163
6 168
6 169
6 170
6 171
6 172
6 178
6 179
6 182
6 183
6 184
6 186
7 8
7 9
7 10
7 11
7 12
7 13
7 16
7 17
7 18
7 19
7 23
7 24
7 25
7 27
7 29
7 31
7 33
7 34
7 37
7 46
7 47
7 48
7 56
7 57
7 59
7 60
7 63
7 65
7 67
7 68
7 69
7 71
7 75
7 78
7 79
7 81
7 83
7 84
7 85
7 87
7 88
7 89
7 92
7 95
7 96
7 100
7 103
7 105
7 106
7 107
7 108
7 110
7 111
7 112
7 113
7 116
7 118
7 120
7 122
7 123
7 124
7 128
7 129
7 130
7 133
7 134
7 137
7 138
7 139
7 140
7 141
7 143
7 144
7 145
7 147
7 148
7 149
7 153
7 155
7 157
7 160
7 165
7 169
7 170
7 171
7 172
7 174
7 175
7 176
7 185
8 9
8 11
8 12
8 13
8 16
8 17
8 18
8 19
8 20
8 22
8 24
8 25
8 27
8 28
8 29
8 32
8 34
8 35
8 36
8 37
8 38
8 39
8 41
8 43
8 46
8 48
8 49
8 50
8 51
8 52
8 53
8 54
8 56
8 57
8 58
8 61
8 62
8 63
8 64
8 67
8 68
8 69
8 72
8 74
8 75
8 76
8 77
8 78
8 79
8 80
8 81
8 82
8 84
8 86
8 91
8 92
8 93
8 94
8 97
8 98
8 99
8 102
8 103
8 104
8 106
8 108
8 109
8 111
8 112
8 113
8 114
8 115
8 116
8 118
8 119
8 120
8 122
8 129
8 130
8 131
8 134
8 138
8 139
8 140
8 141
8 143
8 144
8 145
8 149
8 150
8 151
8 152
8 153
8 156
8 158
8 160
8 161
8 162
8 164
8 165
8 166
8 168
8 170
8 174
8 175
8 176
8 178
8 179
8 180
8 184
9 13
9 14
9 16
9 17
9 19
9 20
9 21
9 23
9 24
9 26
9 29
9 30
9 32
9 33
9 34
9 36
9 38
9 41
9 42
9 43
9 47
9 48
9 51
9 53
9 55
9 57
9 58
9 61
9 62
9 63
9 65
9 67
9 69
9 70
9 71
9 72
9 73
9 74
9 78
9 79
9 81
9 83
9 85
9 86
9 87
9 89
9 91
9 96
9 97
9 98
9 100
9 101
9 102
9 103
9 104
9 105
9 107
9 109
9 110
9 113
9 117
9 119
9 124
9 128
9 129
9 130
9 131
9 134
9 136
9 138
9 139
9 140
9 144
9 145
9 146
9 150
9 153
9 157
9 163
9 167
9 169
9 176
9 179
9 180
9 182
9 183
9 185
9 186
9 187
10 11
10 13
10 14
10 15
10 16
10 21
10 22
10 23
10 26
10 27
10 32
10 33
10 34
10 35
10 36
10 38
10 39
10 43
10 44
10 47
10 48
10 49
10 50
10 51
10 52
10 53
10 55
10 58
10 59
10 61
10 64
10 65
10 66
10 67
10 68
10 69
10 70
10 72
10 76
10 77
10 78
10 80
10 83
10 84
10 90
10 92
10 93
10 94
10 95
10 98
10 99
10 100
10 107
10 110
10 111
10 112
10 116
10 118
10 119
10 120
10 121
10 123
10 124
10 125
10 126
10 127
10 128
10 129
10 130
10 133
10 134
10 135
10 136
10 137
10 138
10 139
10 140
10 142
10 143
10 144
10 145
10 146
10 147
10 148
10 149
10 150
10 151
10 152
10 153
10 155
10 157
10 158
10 160
10 161
10 163
10 167
10 168
10 171
10 172
10 173
10 175
10 176
10 178
10 179
10 181
10 182
10 183
10 185
10 186
10 187
11 13
11 14
11 16
11 17
11 18
11 20
11 21
11 22
11 26
11 30
11 31
11 34
11 38
11 39
11 41
11 42
11 43
11 47
11 50
11 52
11 53
11 54
11 55
11 57
11 58
11 59
11 60
11 61
11 62
11 63
11 64
11 65
11 66
11 67
11 68
11 69
11 71
11 72
11 73
11 75
11 76
11 77
11 79
11 81
11 83
11 85
11 88
11 89
11 93
11 94
11 95
11 96
11 97
11 98
11 99
11 100
11 102
11 104
11 106
11 108
11 110
11 111
11 113
11 115
11 116
11 117
11 118
11 119
11 120
11 121
11 122
11 123
11 124
11 125
11 126
11 128
11 130
11 131
11 132
11 133
11 134
11 135
11 138
11 143
11 144
11 147
11 149
11 150
11 151
11 152
11 153
11 159
11 161
11 163
11 165
11 167
11 168
11 169
11 173
11 175
11 176
11 177
11 179
11 180
11 185
11 186
11 187
12 13
12 14
12 15
12 17
12 18
12 19
12 21
12 22
12 23
12 24
12 25
12 26
12 27
12 29
12 30
12 34
12 35
12 36
12 37
12 39
12 41
12 43
12 44
12 45
12 49
12 50
12 52
12 54
12 55
12 56
12 57
12 58
12 60
12 62
12 63
12 65
12 67
12 68
12 69
12 70
12 72
12 74
12 78
12 79
12 82
12 85
12 89
12 92
12 93
12 94
12 95
12 97
12 100
12 104
12 105
12 107
12 111
12 112
12 113
12 114
12 115
12 117
12 120
12 121
12 122
12 125
12 128
12 130
12 133
12 135
12 137
12 138
12 140
12 141
12 145
12 146
12 147
12 148
12 149
12 154
12 155
12 156
12 157
12 160
12 161
12 166
12 169
12 171
12 172
12 174
12 177
12 179
12 180
12 182
12 183
12 184
12 187
13 14
13 16
13 17
13 18
13 19
13 20
13 22
13 23
13 27
13 28
13 30
13 31
13 37
13 38
13 41
13 42
13 43
13 44
13 45
13 46
13 47
13 48
13 49
13 51
13 54
13 55
13 56
13 57
13 59
13 60
13 61
13 63
13 66
13 67
13 68
13 71
13 75
13 76
13 78
13 79
13 80
13 81
13 83
13 84
13 85
13 87
13 89
13 90
13 91
13 92
13 93
13 94
13 98
13 99
13 100
13 103
13 105
13 106
13 107
13 108
13 113
13 114
13 115
13 117
13 119
13 120
13 123
13 124
13 127
13 128
13 129
13 130
13 131
13 134
13 136
13 137
13 138
13 139
13 141
13 142
13 145
13 146
13 148
13 149
13 151
13 152
13 154
13 163
13 164
13 165
13 167
13 170
13 175
13 177
13 178
13 180
13 182
13 184
13 185
14 15
14 18
14 20
14 21
14 22
14 24
14 25
14 27
14 28
14 29
14 30
14 31
14 34
14 36
14 38
14 39
14 40
14 41
14 43
14 45
14 47
14 48
14 52
14 53
14 55
14 59
14 60
14 61
14 64
14 65
14 69
14 71
14 73
14 74
14 75
14 76
14 79
14 80
14 83
14 85
14 86
14 87
14 88
14 90
14 91
14 93
14 94
14 96
14 104
14 105
14 111
14 112
14 115
14 116
14 117
14 118
14 119
14 120
14 125
14 127
14 129
14 132
14 136
14 137
14 138
14 139
14 140
14 141
14 145
14 146
14 148
14 149
14 150
14 151
14 153
14 157
14 159
14 160
14 162
14 163
14 167
14 168
14 169
14 170
14 171
14 173
14 174
14 175
14 178
14 179
14 181
14 182
14 184
14 187
15 16
15 18
15 19
15 21
15 22
15 24
15 25
15 26
15 27
15 28
15 29
15 30
15 31
15 32
15 33
15 34
15 35
15 39
15 40
15 41
15 42
15 43
15 44
15 47
15 48
15 50
15 52
15 53
15 54
15 56
15 58
15 60
15 61
15 62
15 64
15 67
15 68
15 69
15 74
15 75
15 77
15 78
15 79
15 80
15 82
15 83
15 84
15 85
15 86
15 87
15 89
15 90
15 91
15 93
15 95
15 99
15 104
15 105
15 106
15 108
15 110
15 111
15 113
15 119
15 127
15 128
15 130
15 131
15 134
15 135
15 137
15 138
15 139
15 142
15 143
15 148
15 149
15 150
15 152
15 154
15 157
15 158
15 160
15 161
15 163
15 165
15 166
15 167
15 168
15 173
15 174
15 176
15 177
15 178
15 183
16 19
16 20
16 22
16 26
16 27
16 29
16 31
16 33
16 34
16 37
16 38
16 39
16 40
16 41
16 42
16 44
16 46
16 47
16 48
16 49
16 50
16 51
16 52
16 53
16 54
16 55
16 56
16 57
16 60
16 63
16 64
16 65
16 67
16 70
16 72
16 73
16 75
16 76
16 77
16 78
16 79
16 80
16 82
16 83
16 85
16 86
16 88
16 91
16 96
16 100
16 102
16 104
16 106
16 107
16 108
16 110
16 111
16 115
16 116
16 117
16 120
16 123
16 124
16 127
16 130
16 131
16 133
16 135
16 136
16 139
16 140
16 146
16 147
16 150
16 151
16 152
16 154
16 156
16 158
16 159
16 160
16 161
16 165
16 166
16 168
16 169
16 170
16 171
16 172
16 173
16 175
16 176
16 178
16 179
16 181
16 182
16 187
17 18
17 19
17 21
17 22
17 23
17 24
17 25
17 26
17 28
17 29
17 32
17 36
17 37
17 39
17 41
17 42
17 43
17 45
17 49
17 51
17 52
17 53
17 56
17 58
17 59
17 61
17 63
17 65
17 66
17 67
17 68
17 69
17 70
17 71
17 74
17 75
17 76
17 77
17 79
17 80
17 81
17 82
17 83
17 87
17 88
17 89
17 90
17 93
17 94
17 95
17 96
17 97
17 102
17 104
17 105
17 106
17 107
17 110
17 111
17 112
17 114
17 116
17 117
17 118
17 119
17 120
17 126
17 127
17 130
17 133
17 134
17 135
17 139
17 140
17 141
17 142
17 143
17 146
17 149
17 151
17 152
17 153
17 155
17 156
17 157
17 158
17 160
17 161
17 162
17 163
17 165
17 170
17 171
17 172
17 174
17 176
17 177
17 183
17 184
17 185
17 186
18 20
18 23
18 24
18 25
18 26
18 27
18 28
18 29
18 30
18 32
18 34
18 35
18 36
18 37
18 38
18 40
18 41
18 42
18 43
18 45
18 46
18 47
18 49
18 50
18 51
18 52
18 57
18 58
18 59
18 61
18 62
18 64
18 68
18 70
18 71
18 72
18 75
18 78
18 79
18 80
18 82
18 83
18 84
18 85
18 87
18 89
18 92
18 93
18 94
18 95
18 97
18 98
18 101
18 103
18 104
18 105
18 106
18 108
18 109
18 110
18 112
18 113
18 114
18 115
18 117
18 118
18 119
18 121
18 122
18 123
18 128
18 131
18 133
18 135
18 139
18 142
18 144
18 145
18 149
18 150
18 152
18 154
18 155
18 156
18 157
18 158
18 159
18 162
18 164
18 171
18 172
18 173
18 175
18 178
18 183
18 184
18 186
19 20
19 21
19 22
19 24
19 26
19 28
19 30
19 31
19 32
19 33
19 36
19 39
19 42
19 43
19 44
19 46
19 49
19 50
19 52
19 53
19 54
19 55
19 58
19 59
19 61
19 63
19 64
19 65
19 66
19 67
19 68
19 71
19 74
19 75
19 77
19 81
19 83
19 87
19 88
19 91
19 93
19 94
19 95
19 99
19 100
19 106
19 107
19 108
19 109
19 111
19 112
19 113
19 114
19 116
19 117
19 118
19 119
19 120
19 124
19 125
19 127
19 128
19 131
19 133
19 134
19 136
19 138
19 139
19 143
19 146
19 147
19 152
19 155
19 157
19 158
19 164
19 168
19 169
19 170
19 171
19 172
19 175
19 176
19 179
19 180
19 181
19 182
19 183
19 185
19 187
20 21
20 23
20 24
20 27
20 28
20 30
20 31
20 32
20 33
20 34
20 35
20 37
20 38
20 39
20 41
20 43
20 44
20 45
20 47
20 49
20 50
20 53
20 55
20 56
20 58
20 59
20 60
20 62
20 65
20 67
20 68
20 71
20 73
20 74
20 75
20 76
20 77
20 79
20 82
20 84
20 85
20 86
20 89
20 91
20 92
20 94
20 96
20 97
20 98
20 101
20 102
20 104
20 109
20 110
20 111
20 112
20 114
20 116
20 119
20 122
20 123
20 125
20 126
20 128
20 132
20 137
20 138
20 141
20 143
20 145
20 146
20 147
20 148
20 149
20 151
20 153
20 156
20 157
20 159
20 160
20 161
20 164
20 166
20 167
20 168
20 169
20 171
20 172
20 173
20 174
20 176
20 177
20 179
20 181
20 184
21 22
21 23
21 24
21 25
21 26
21 28
21 30
21 31
21 32
21 33
21 34
21 35
21 36
21 37
21 38
21 40
21 41
21 43
21 44
21 51
21 53
21 54
21 57
21 59
21 60
21 63
21 64
21 65
21 66
21 67
21 68
21 69
21 71
21 72
21 75
21 76
21 77
21 79
21 83
21 84
21 86
21 87
21 88
21 89
21 90
21 92
21 93
21 94
21 98
21 102
21 103
21 106
21 107
21 108
21 112
21 113
21 115
21 117
21 118
21 119
21 120
21 123
21 124
21 125
21 129
21 130
21 134
21 139
21 140
21 141
21 143
21 148
21 149
21 150
21 153
21 156
21 157
21 158
21 159
21 160
21 162
21 165
21 166
21 167
21 168
21 169
21 170
21 171
21 172
21 174
21 175
21 176
21 178
21 179
21 181
21 182
21 183
21 184
21 185
22 25
22 28
22 29
22 30
22 31
22 32
22 33
22 36
22 41
22 42
22 43
22 44
22 45
22 46
22 47
22 48
22 50
22 55
22 56
22 57
22 61
22 63
22 64
22 66
22 68
22 70
22 71
22 72
22 73
22 75
22 76
22 78
22 79
22 80
22 81
22 83
22 84
22 85
22 87
22 92
22 93
22 94
22 95
22 96
22 97
22 98
22 99
22 104
22 106
22 109
22 110
22 112
22 114
22 116
22 121
22 130
22 131
22 132
22 133
22 134
22 135
22 136
22 137
22 138
22 139
22 141
22 142
22 143
22 144
22 146
22 147
22 148
22 149
22 153
22 161
22 163
22 167
22 169
22 170
22 171
22 173
22 176
22 177
22 181
22 183
23 25
23 26
23 28
23 30
23 31
23 33
23 36
23 37
23 38
23 41
23 44
23 47
23 51
23 52
23 54
23 56
23 57
23 59
23 61
23 63
23 65
23 66
23 71
23 72
23 75
23 77
23 79
23 80
23 81
23 82
23 83
23 84
23 85
23 88
23 90
23 91
23 92
23 94
23 95
23 96
23 98
23 99
23 100
23 102
23 103
23 106
23 108
23 109
23 110
23 112
23 114
23 116
23 117
23 119
23 122
23 123
23 124
23 125
23 126
23 128
23 130
23 134
23 135
23 136
23 139
23 141
23 143
23 144
23 147
23 149
23 152
23 153
23 155
23 156
23 159
23 160
23 164
23 167
23 168
23 169
23 173
23 174
23 175
23 177
23 178
23 179
23 183
23 185
23 186
24 26
24 28
24 30
24 31
24 32
24 37
24 38
24 39
24 40
24 41
24 42
24 44
24 45
24 47
24 48
24 49
24 50
24 51
24 54
24 56
24 57
24 58
24 59
24 62
24 63
24 64
24 66
24 67
24 69
24 71
24 73
24 77
24 81
24 85
24 86
24 88
24 90
24 91
24 92
24 93
24 95
24 96
24 97
24 99
24 100
24 101
24 105
24 106
24 107
24 108
24 109
24 110
24 114
24 120
24 121
24 123
24 126
24 127
24 128
24 129
24 132
24 133
24 134
24 135
24 137
24 138
24 139
24 142
24 144
24 146
24 148
24 150
24 151
24 153
24 154
24 155
24 159
24 161
24 166
24 167
24 168
24 169
24 170
24 175
24 177
24 178
24 182
24 184
24 185
24 186
24 187
25 27
25 29
25 32
25 33
25 37
25 38
25 39
25 40
25 41
25 42
25 43
25 45
25 47
25 48
25 49
25 50
25 52
25 54
25 55
25 56
25 58
25 59
25 60
25 61
25 62
25 63
25 64
25 65
25 66
25 69
25 70
25 71
25 72
25 75
25 76
25 77
25 79
25 81
25 82
25 83
25 85
25 90
25 92
25 93
25 99
25 101
25 102
25 105
25 106
25 109
25 110
25 111
25 113
25 114
25 115
25 124
25 125
25 127
25 128
25 129
25 130
25 131
25 134
25 135
25 136
25 138
25 140
25 142
25 143
25 148
25 149
25 150
25 151
25 152
25 154
25 157
25 158
25 159
25 161
25 163
25 165
25 166
25 170
25 171
25 173
25 174
25 175
25 180
25 182
25 183
25 185
25 186
25 187
26 27
26 28
26 29
26 32
26 33
26 34
26 38
26 39
26 41
26 45
26 46
26 49
26 51
26 53
26 55
26 58
26 60
26 61
26 62
26 63
26 65
26 67
26 68
26 72
26 73
26 74
26 76
26 77
26 78
26 79
26 80
26 81
26 82
26 84
26 85
26 86
26 87
26 90
26 93
26 94
26 95
26 96
26 97
26 99
26 100
26 102
26 103
26 107
26 108
26 111
26 112
26 114
26 115
26 116
26 117
26 121
26 123
26 124
26 125
26 126
26 127
26 128
26 132
26 133
26 134
26 135
26 136
26 137
26 145
26 146
26 149
26 151
26 154
26 158
26 159
26 160
26 161
26 163
26 166
26 167
26 168
26 172
26 174
26 175
26 179
26 182
26 184
26 185
26 187
27 29
27 30
27 32
27 34
27 35
27 36
27 37
27 38
27 41
27 42
27 43
27 44
27 47
27 48
27 49
27 52
27 54
27 55
27 56
27 59
27 60
27 62
27 63
27 65
27 66
27 69
27 70
27 71
27 77
27 78
27 82
27 83
27 84
27 86
27 87
27 88
27 90
27 91
27 92
27 94
27 96
27 101
27 102
27 103
27 104
27 106
27 107
27 109
27 111
27 114
27 117
27 118
27 119
27 121
27 122
27 123
27 124
27 127
27 128
27 129
27 130
27 132
27 136
27 137
27 140
27 141
27 142
27 143
27 144
27 146
27 148
27 149
27 150
27 152
27 155
27 156
27 161
27 164
27 171
27 173
27 176
27 178
27 180
27 182
27 187
28 29
28 30
28 35
28 36
28 37
28 39
28 40
28 41
28 44
28 45
28 49
28 51
28 52
28 53
28 54
28 55
28 56
28 59
28 61
28 62
28 63
28 65
28 67
28 68
28 69
28 70
28 71
28 72
28 79
28 81
28 83
28 84
28 86
28 92
28 93
28 95
28 98
28 99
28 100
28 102
28 104
28 106
28 108
28 109
28 113
28 114
28 116
28 118
28 120
28 121
28 124
28 125
28 126
28 127
28 128
28 129
28 130
28 131
28 132
28 133
28 134
28 138
28 139
28 142
28 143
28 144
28 146
28 148
28 153
28 154
28 159
28 161
28 162
28 165
28 166
28 167
28 169
28 177
28 178
28 179
28 181
28 182
28 184
28 185
28 187
29 31
29 32
29 33
29 35
29 36
29 37
29 38
29 39
29 41
29 42
29 44
29 45
29 46
29 48
29 49
29 52
29 54
29 56
29 58
29 60
29 62
29 63
29 64
29 67
29 72
29 73
29 74
29 76
29 77
29 80
29 81
29 84
29 85
29 89
29 90
29 91
29 92
29 98
29 99
29 100
29 101
29 102
29 106
29 107
29 110
29 111
29 113
29 114
29 117
29 118
29 119
29 121
29 122
29 126
29 127
29 128
29 129
29 130
29 132
29 134
29 136
29 142
29 143
29 149
29 151
29 152
29 155
29 157
29 159
29 161
29 162
29 164
29 167
29 171
29 173
29 176
29 177
29 178
29 179
29 180
29 183
29 186
29 187
30 31
30 32
30 34
30 35
30 39
30 40
30 42
30 43
30 45
30 46
30 47
30 49
30 50
30 52
30 53
30 54
30 55
30 56
30 57
30 59
30 61
30 63
30 65
30 68
30 70
30 73
30 75
30 80
30 81
30 82
30 83
30 84
30 85
30 88
30 89
30 90
30 91
30 92
30 93
30 95
30 96
30 98
30 99
30 100
30 102
30 104
30 105
30 106
30 107
30 108
30 110
30 112
30 113
30 114
30 116
30 119
30 121
30 123
30 125
30 127
30 128
30 129
30 130
30 132
30 133
30 135
30 137
30 138
30 139
30 141
30 148
30 149
30 150
30 154
30 156
30 157
30 158
30 164
30 165
30 166
30 167
30 168
30 169
30 171
30 178
30 179
30 180
30 181
30 182
30 183
30 185
31 32
31 33
31 34
31 35
31 36
31 37
31 38
31 40
31 41
31 43
31 44
31 46
31 48
31 53
31 57
31 58
31 59
31 60
31 62
31 64
31 65
31 66
31 67
31 68
31 69
31 70
31 72
31 73
31 74
31 75
31 76
31 78
31 79
31 80
31 81
31 83
31 85
31 86
31 87
31 88
31 90
31 91
31 92
31 98
31 99
31 101
31 102
31 104
31 106
31 107
31 108
31 111
31 112
31 113
31 114
31 115
31 116
31 117
31 121
31 122
31 124
31 125
31 127
31 129
31 131
31 133
31 136
31 138
31 139
31 143
31 144
31 145
31 147
31 151
31 152
31 153
31 154
31 159
31 160
31 161
31 162
31 163
31 164
31 165
31 166
31 167
31 169
31 173
31 174
31 179
31 180
31 181
31 182
31 184
31 185
31 187
32 33
32 36
32 40
32 41
32 42
32 43
32 44
32 45
32 46
32 47
32 49
32 51
32 52
32 53
32 54
32 55
32 56
32 65
32 66
32 67
32 68
32 69
32 70
32 71
32 72
32 73
32 76
32 77
32 79
32 80
32 81
32 85
32 89
32 92
32 94
32 96
32 97
32 98
32 99
32 100
32 102
32 107
32 115
32 118
32 119
32 121
32 127
32 128
32 132
32 137
32 138
32 140
32 143
32 144
32 145
32 147
32 149
32 151
32 153
32 154
32 156
32 157
32 159
32 160
32 161
32 162
32 165
32 167
32 168
32 170
32 172
32 173
32 178
32 179
32 180
32 181
32 183
32 187
33 34
33 35
33 36
33 38
33 40
33 41
33 42
33 44
33 45
33 47
33 48
33 51
33 52
33 55
33 57
33 58
33 59
33 60
33 61
33 62
33 63
33 64
33 65
33 66
33 67
33 68
33 69
33 71
33 72
33 74
33 75
33 78
33 79
33 80
33 82
33 83
33 84
33 86
33 87
33 88
33 89
33 91
33 93
33 94
33 96
33 99
33 100
33 101
33 103
33 106
33 107
33 108
33 110
33 114
33 117
33 118
33 119
33 120
33 122
33 124
33 126
33 129
33 134
33 138
33 144
33 145
33 146
33 147
33 148
33 149
33 151
33 155
33 156
33 157
33 158
33 162
33 164
33 165
33 167
33 169
33 176
33 177
33 178
33 179
33 180
33 181
33 182
33 184
33 185
34 35
34 37
34 38
34 39
34 41
34 42
34 45
34 46
34 47
34 48
34 49
34 50
34 51
34 53
34 54
34 55
34 57
34 60
34 62
34 64
34 65
34 67
34 68
34 70
34 71
34 72
34 73
34 74
34 75
34 76
34 78
34 80
34 82
34 84
34 85
34 86
34 92
34 94
34 95
34 96
34 97
34 98
34 99
34 101
34 103
34 104
34 105
34 109
34 110
34 113
34 114
34 115
34 116
34 118
34 119
34 120
34 121
34 122
34 125
34 126
34 127
34 128
34 132
34 133
34 134
34 138
34 139
34 140
34 142
34 143
34 144
34 145
34 149
34 150
34 151
34 159
34 160
34 167
34 168
34 172
34 175
34 176
34 177
34 178
34 179
34 180
34 182
34 183
34 187
35 37
35 39
35 40
35 42
35 45
35 47
35 49
35 51
35 53
35 54
35 56
35 58
35 59
35 60
35 61
35 62
35 64
35 67
35 68
35 70
35 73
35 75
35 76
35 78
35 79
35 83
35 84
35 85
35 87
35 88
35 90
35 91
35 95
35 97
35 99
35 100
35 101
35 102
35 103
35 104
35 105
35 107
35 108
35 109
35 112
35 113
35 114
35 115
35 116
35 117
35 118
35 120
35 121
35 122
35 123
35 124
35 130
35 131
35 132
35 133
35 135
35 138
35 140
35 142
35 147
35 148
35 149
35 150
35 155
35 156
35 159
35 161
35 162
35 163
35 166
35 169
35 171
35 172
35 173
35 175
35 179
35 182
35 183
35 185
35 186
35 187
36 38
36 39
36 41
36 42
36 43
36 44
36 45
36 46
36 51
36 52
36 54
36 56
36 57
36 61
36 62
36 63
36 64
36 66
36 67
36 68
36 69
36 71
36 72
36 73
36 75
36 76
36 79
36 80
36 82
36 83
36 84
36 86
36 87
36 92
36 93
36 94
36 95
36 96
36 97
36 98
36 99
36 102
36 105
36 107
36 108
36 109
36 111
36 112
36 113
36 114
36 115
36 116
36 117
36 118
36 120
36 121
36 123
36 125
36 127
36 128
36 131
36 134
36 135
36 137
36 138
36 139
36 141
36 142
36 143
36 146
36 148
36 153
36 157
36 161
36 164
36 165
36 166
36 167
36 168
36 174
36 175
36 176
36 178
36 181
36 182
36 186
37 38
37 40
37 41
37 45
37 47
37 50
37 51
37 52
37 54
37 56
37 58
37 59
37 61
37 62
37 66
37 67
37 69
37 70
37 71
37 72
37 74
37 75
37 80
37 81
37 82
37 83
37 85
37 86
37 90
37 98
37 99
37 101
37 102
37 105
37 106
37 107
37 108
37 110
37 112
37 115
37 116
37 118
37 121
37 122
37 123
37 128
37 129
37 130
37 131
37 132
37 136
37 140
37 142
37 145
37 146
37 147
37 148
37 150
37 151
37 155
37 160
37 163
37 164
37 168
37 169
37 170
37 172
37 173
37 174
37 175
37 177
37 178
37 182
37 183
37 187
38 39
38 40
38 42
38 44
38 45
38 47
38 49
38 50
38 51
38 53
38 54
38 55
38 56
38 58
38 59
38 61
38 62
38 63
38 64
38 65
38 66
38 70
38 71
38 72
38 73
38 75
38 76
38 77
38 78
38 81
38 82
38 85
38 87
38 90
38 92
38 94
38 95
38 97
38 99
38 100
38 101
38 103
38 105
38 106
38 109
38 110
38 112
38 115
38 116
38 118
38 119
38 125
38 126
38 127
38 129
38 130
38 135
38 136
38 138
38 140
38 144
38 146
38 148
38 150
38 151
38 152
38 155
38 156
38 157
38 159
38 160
38 161
38 162
38 164
38 166
38 167
38 169
38 171
38 177
38 180
39 40
39 41
39 43
39 45
39 49
39 53
39 54
39 55
39 56
39 58
39 59
39 62
39 64
39 65
39 66
39 67
39 70
39 71
39 72
39 73
39 76
39 77
39 78
39 79
39 80
39 81
39 82
39 84
39 88
39 90
39 94
39 97
39 98
39 99
39 101
39 104
39 105
39 106
39 107
39 110
39 111
39 112
39 113
39 118
39 119
39 124
39 125
39 126
39 137
39 138
39 139
39 141
39 143
39 144
39 149
39 150
39 151
39 154
39 157
39 160
39 161
39 163
39 164
39 165
39 166
39 167
39 168
39 169
39 171
39 172
39 183
39 184
40 41
40 42
40 44
40 45
40 46
40 47
40 48
40 49
40 50
40 56
40 59
40 60
40 61
40 62
40 63
40 65
40 66
40 67
40 70
40 72
40 73
40 75
40 76
40 77
40 79
40 80
40 81
40 82
40 83
40 84
40 85
40 86
40 87
40 89
40 90
40 93
40 96
40 98
40 104
40 107
40 116
40 120
40 123
40 124
40 126
40 127
40 129
40 131
40 134
40 135
40 136
40 138
40 139
40 141
40 142
40 143
40 144
40 146
40 147
40 151
40 156
40 160
40 161
40 166
40 168
40 170
40 172
40 173
40 174
40 180
40 181
40 182
40 183
40 184
40 185
41 42
41 43
41 44
41 46
41 48
41 49
41 51
41 55
41 64
41 65
41 66
41 67
41 68
41 69
41 70
41 71
41 74
41 75
41 76
41 77
41 78
41 82
41 84
41 86
41 87
41 89
41 94
41 97
41 98
41 100
41 101
41 102
41 104
41 105
41 106
41 107
41 109
41 110
41 111
41 115
41 116
41 117
41 118
41 122
41 123
41 125
41 127
41 128
41 129
41 131
41 132
41 134
41 136
41 138
41 140
41 141
41 144
41 146
41 148
41 150
41 151
41 155
41 156
41 157
41 160
41 161
41 162
41 163
41 164
41 165
41 166
41 167
41 170
41 171
41 172
41 173
41 174
41 176
41 177
41 180
41 182
41 187
42 46
42 47
42 48
42 51
42 52
42 54
42 55
42 56
42 57
42 58
42 62
42 63
42 64
42 65
42 67
42 68
42 72
42 73
42 74
42 75
42 77
42 83
42 86
42 88
42 89
42 90
42 91
42 96
42 98
42 100
42 103
42 105
42 106
42 107
42 108
42 110
42 114
42 115
42 116
42 120
42 122
42 125
42 127
42 130
42 131
42 132
42 135
42 136
42 137
42 139
42 144
42 145
42 146
42 147
42 150
42 151
42 153
42 155
42 156
42 157
42 158
42 160
42 162
42 163
42 164
42 165
42 166
42 168
42 170
42 174
42 176
42 179
42 180
42 181
42 183
42 186
43 44
43 49
43 50
43 52
43 53
43 54
43 55
43 56
43 57
43 59
43 60
43 62
43 63
43 64
43 65
43 66
43 76
43 78
43 79
43 81
43 82
43 84
43 85
43 88
43 89
43 90
43 91
43 92
43 95
43 96
43 97
43 98
43 99
43 101
43 102
43 103
43 105
43 106
43 109
43 112
43 113
43 114
43 116
43 120
43 121
43 122
43 123
43 125
43 126
43 127
43 128
43 129
43 131
43 140
43 141
43 142
43 143
43 144
43 145
43 146
43 149
43 150
43 154
43 155
43 156
43 158
43 159
43 163
43 165
43 166
43 167
43 173
43 175
43 179
43 181
43 182
43 186
44 46
44 51
44 52
44 54
44 56
44 60
44 61
44 63
44 66
44 73
44 74
44 75
44 76
44 77
44 79
44 80
44 81
44 82
44 83
44 84
44 88
44 89
44 92
44 93
44 94
44 95
44 97
44 98
44 99
44 102
44 103
44 104
44 105
44 106
44 107
44 110
44 111
44 113
44 115
44 118
44 119
44 120
44 121
44 124
44 127
44 128
44 131
44 134
44 135
44 140
44 141
44 145
44 146
44 147
44 148
44 150
44 151
44 155
44 156
44 157
44 159
44 160
44 161
44 163
44 164
44 165
44 166
44 167
44 168
44 169
44 170
44 175
44 180
44 181
44 184
44 185
44 187
45 47
45 48
45 50
45 51
45 52
45 53
45 56
45 58
45 59
45 60
45 65
45 67
45 68
45 69
45 73
45 74
45 75
45 77
45 78
45 79
45 81
45 82
45 86
45 87
45 88
45 91
45 94
45 99
45 102
45 103
45 105
45 106
45 108
45 113
45 118
45 119
45 120
45 121
45 122
45 123
45 124
45 125
45 126
45 127
45 128
45 130
45 133
45 134
45 138
45 139
45 141
45 142
45 144
45 145
45 146
45 149
45 150
45 151
45 152
45 155
45 158
45 159
45 170
45 171
45 173
45 174
45 176
45 180
45 181
45 184
45 186
45 187
46 50
46 51
46 52
46 54
46 55
46 56
46 57
46 59
46 60
46 63
46 64
46 65
46 66
46 68
46 69
46 70
46 71
46 73
46 74
46 76
46 78
46 81
46 84
46 88
46 93
46 95
46 97
46 98
46 99
46 100
46 101
46 102
46 105
46 106
46 108
46 109
46 111
46 112
46 113
46 114
46 117
46 118
46 121
46 122
46 123
46 124
46 128
46 135
46 136
46 137
46 138
46 141
46 144
46 145
46 147
46 150
46 153
46 154
46 155
46 156
46 157
46 159
46 161
46 165
46 167
46 169
46 170
46 172
46 174
46 178
46 180
46 181
46 182
46 186
46 187
47 48
47 49
47 51
47 52
47 53
47 56
47 57
47 58
47 59
47 60
47 61
47 65
47 68
47 70
47 71
47 72
47 73
47 74
47 77
47 79
47 81
47 82
47 83
47 84
47 85
47 86
47 87
47 89
47 90
47 91
47 92
47 93
47 95
47 96
47 97
47 104
47 105
47 106
47 111
47 112
47 113
47 114
47 115
47 116
47 118
47 120
47 126
47 127
47 129
47 130
47 131
47 132
47 134
47 140
47 141
47 142
47 145
47 147
47 148
47 149
47 151
47 154
47 155
47 160
47 161
47 162
47 164
47 167
47 171
47 176
47 177
47 179
47 180
47 181
47 183
47 184
47 185
47 186
48 50
48 54
48 58
48 59
48 60
48 62
48 64
48 67
48 71
48 72
48 74
48 76
48 78
48 80
48 82
48 84
48 85
48 86
48 88
48 89
48 90
48 91
48 97
48 98
48 99
48 104
48 105
48 107
48 108
48 109
48 110
48 111
48 118
48 119
48 121
48 122
48 123
48 124
48 125
48 127
48 128
48 131
48 132
48 135
48 137
48 138
48 140
48 142
48 144
48 145
48 148
48 149
48 150
48 151
48 152
48 154
48 157
48 160
48 162
48 164
48 165
48 166
48 167
48 168
48 169
48 177
48 178
48 179
48 180
48 181
48 183
48 186
48 187
49 50
49 51
49 52
49 53
49 55
49 56
49 57
49 60
49 61
49 63
49 64
49 65
49 66
49 69
49 71
49 74
49 75
49 76
49 78
49 81
49 82
49 83
49 84
49 86
49 87
49 89
49 92
49 96
49 97
49 98
49 99
49 102
49 103
49 105
49 108
49 110
49 111
49 113
49 118
49 120
49 121
49 122
49 125
49 126
49 127
49 131
49 132
49 134
49 135
49 137
49 138
49 140
49 141
49 144
49 145
49 147
49 148
49 149
49 150
49 151
49 152
49 154
49 155
49 159
49 160
49 165
49 168
49 169
49 170
49 171
49 176
49 177
49 178
49 179
49 180
49 181
49 183
49 187
50 51
50 52
50 53
50 54
50 56
50 57
50 60
50 61
50 62
50 64
50 65
50 66
50 67
50 71
50 74
50 75
50 77
50 82
50 85
50 87
50 89
50 91
50 92
50 94
50 97
50 98
50 103
50 105
50 107
50 108
50 109
50 111
50 113
50 116
50 118
50 123
50 125
50 130
50 132
50 137
50 139
50 140
50 141
50 142
50 143
50 145
50 146
50 147
50 148
50 149
50 150
50 151
50 153
50 154
50 156
50 159
50 161
50 163
50 164
50 165
50 167
50 170
50 176
50 179
50 181
50 182
50 183
50 184
50 185
50 187
51 53
51 54
51 55
51 57
51 58
51 59
51 60
51 62
51 64
51 65
51 68
51 69
51 70
51 71
51 74
51 78
51 80
51 81
51 82
51 85
51 86
51 92
51 94
51 96
51 99
51 100
51 101
51 102
51 104
51 106
51 107
51 110
51 114
51 116
51 118
51 120
51 121
51 124
51 125
51 126
51 132
51 133
51 137
51 138
51 140
51 141
51 142
51 146
51 147
51 148
51 153
51 154
51 155
51 156
51 157
51 160
51 161
51 162
51 168
51 170
51 173
51 175
51 177
51 178
51 181
52 54
52 55
52 56
52 57
52 58
52 59
52 60
52 61
52 62
52 63
52 66
52 67
52 68
52 69
52 72
52 73
52 74
52 75
52 77
52 79
52 80
52 84
52 86
52 87
52 91
52 93
52 95
52 96
52 97
52 98
52 102
52 103
52 107
52 109
52 111
52 112
52 115
52 118
52 121
52 123
52 130
52 133
52 135
52 136
52 137
52 138
52 142
52 144
52 145
52 147
52 151
52 154
52 157
52 159
52 160
52 161
52 162
52 163
52 168
52 171
52 172
52 173
52 179
52 180
52 181
52 185
52 186
53 56
53 58
53 61
53 63
53 64
53 65
53 67
53 68
53 69
53 73
53 74
53 76
53 77
53 78
53 79
53 80
53 81
53 84
53 86
53 87
53 88
53 92
53 93
53 95
53 97
53 99
53 101
53 103
53 104
53 109
53 110
53 111
53 113
53 115
53 116
53 118
53 119
53 120
53 121
53 125
53 126
53 129
53 134
53 135
53 136
53 141
53 142
53 143
53 144
53 146
53 147
53 148
53 149
53 152
53 154
53 155
53 158
53 161
53 165
53 171
53 172
53 173
53 174
53 176
53 180
53 181
53 182
53 184
53 186
54 58
54 60
54 61
54 62
54 63
54 64
54 65
54 66
54 69
54 70
54 71
54 72
54 76
54 82
54 83
54 85
54 86
54 87
54 89
54 90
54 91
54 92
54 93
54 95
54 97
54 100
54 101
54 104
54 106
54 107
54 108
54 111
54 112
54 113
54 114
54 115
54 118
54 122
54 124
54 127
54 130
54 132
54 136
54 142
54 143
54 146
54 151
54 154
54 155
54 156
54 157
54 169
54 170
54 175
54 176
54 177
54 180
54 181
54 183
54 184
55 56
55 57
55 58
55 59
55 60
55 61
55 62
55 63
55 64
55 65
55 71
55 74
55 78
55 80
55 81
55 84
55 85
55 86
55 87
55 88
55 89
55 91
55 95
55 96
55 97
55 98
55 100
55 101
55 102
55 104
55 105
55 106
55 113
55 114
55 115
55 116
55 117
55 123
55 124
55 125
55 126
55 127
55 129
55 132
55 133
55 134
55 135
55 136
55 137
55 142
55 148
55 152
55 153
55 154
55 155
55 157
55 159
55 160
55 164
55 169
55 170
55 172
55 173
55 176
55 177
55 178
55 181
55 182
55 183
55 185
56 58
56 59
56 60
56 62
56 63
56 65
56 67
56 69
56 73
56 74
56 78
56 82
56 84
56 85
56 86
56 87
56 88
56 91
56 94
56 96
56 97
56 100
56 102
56 103
56 105
56 106
56 108
56 109
56 112
56 113
56 114
56 117
56 118
56 121
56 122
56 124
56 125
56 128
56 131
56 133
56 134
56 135
56 141
56 142
56 144
56 149
56 154
56 155
56 156
56 161
56 162
56 163
56 164
56 165
56 168
56 172
56 173
56 183
56 186
56 187
57 58
57 67
57 68
57 69
57 70
57 72
57 73
57 79
57 84
57 86
57 88
57 90
57 91
57 92
57 93
57 97
57 99
57 100
57 101
57 102
57 103
57 104
57 105
57 106
57 107
57 113
57 115
57 116
57 117
57 121
57 123
57 125
57 128
57 131
57 132
57 133
57 137
57 139
57 140
57 141
57 142
57 143
57 148
57 150
57 151
57 153
57 155
57 156
57 157
57 161
57 163
57 164
57 167
57 168
57 170
57 171
57 175
57 177
57 178
57 183
57 185
57 187
58 59
58 61
58 62
58 64
58 66
58 67
58 68
58 69
58 70
58 72
58 73
58 74
58 75
58 77
58 80
58 82
58 83
58 85
58 88
58 89
58 92
58 97
58 98
58 100
58 103
58 105
58 106
58 107
58 112
58 113
58 116
58 117
58 118
58 120
58 121
58 122
58 123
58 124
58 125
58 126
58 127
58 130
58 131
58 134
58 137
58 139
58 140
58 141
58 142
58 148
58 150
58 153
58 154
58 155
58 158
58 159
58 160
58 161
58 166
58 168
58 169
58 172
58 173
58 174
58 177
58 180
58 182
58 184
58 186
59 60
59 61
59 63
59 64
59 67
59 69
59 70
59 72
59 76
59 79
59 82
59 83
59 84
59 92
59 97
59 99
59 102
59 104
59 105
59 108
59 109
59 111
59 113
59 114
59 115
59 119
59 120
59 122
59 123
59 125
59 129
59 130
59 133
59 136
59 137
59 138
59 139
59 142
59 143
59 144
59 145
59 147
59 148
59 156
59 157
59 158
59 159
59 163
59 164
59 170
59 172
59 173
59 175
59 176
59 178
59 180
59 181
59 182
59 185
59 186
59 187
60 61
60 62
60 63
60 64
60 65
60 66
60 68
60 69
60 72
60 73
60 77
60 78
60 81
60 82
60 85
60 86
60 87
60 88
60 89
60 92
60 94
60 98
60 99
60 100
60 101
60 102
60 104
60 105
60 108
60 109
60 111
60 112
60 114
60 117
60 118
60 119
60 120
60 121
60 122
60 124
60 125
60 126
60 127
60 129
60 130
60 132
60 134
60 135
60 137
60 139
60 140
60 143
60 145
60 151
60 153
60 155
60 156
60 157
60 158
60 162
60 163
60 164
60 165
60 167
60 169
60 174
60 175
60 176
60 177
60 178
60 179
60 183
60 185
60 186
61 62
61 66
61 68
61 74
61 76
61 78
61 79
61 81
61 86
61 87
61 90
61 92
61 93
61 96
61 101
61 103
61 104
61 105
61 107
61 110
61 112
61 113
61 116
61 117
61 120
61 122
61 123
61 125
61 126
61 128
61 129
61 130
61 131
61 134
61 135
61 137
61 139
61 141
61 142
61 147
61 150
61 154
61 155
61 159
61 161
61 162
61 163
61 165
61 166
61 167
61 168
61 170
61 172
61 173
61 174
61 175
61 176
61 177
61 179
61 180
61 181
61 184
61 185
61 187
62 65
62 68
62 69
62 72
62 73
62 74
62 76
62 77
62 79
62 82
62 89
62 90
62 91
62 92
62 93
62 94
62 96
62 97
62 98
62 101
62 102
62 103
62 104
62 106
62 107
62 108
62 110
62 112
62 114
62 115
62 121
62 126
62 129
62 131
62 134
62 135
62 137
62 145
62 146
62 147
62 148
62 150
62 151
62 152
62 153
62 155
62 156
62 157
62 158
62 159
62 161
62 165
62 167
62 169
62 170
62 172
62 173
62 175
62 178
62 179
62 182
62 183
62 184
62 186
63 64
63 66
63 70
63 72
63 77
63 78
63 83
63 84
63 85
63 86
63 87
63 90
63 91
63 93
63 95
63 96
63 97
63 98
63 99
63 100
63 101
63 102
63 104
63 108
63 110
63 112
63 114
63 115
63 116
63 117
63 118
63 122
63 123
63 124
63 125
63 126
63 129
63 131
63 136
63 137
63 143
63 149
63 151
63 154
63 160
63 162
63 163
63 164
63 165
63 167
63 168
63 169
63 170
63 171
63 173
63 177
63 179
63 182
63 185
64 66
64 67
64 68
64 69
64 70
64 71
64 72
64 73
64 75
64 77
64 79
64 80
64 82
64 86
64 90
64 93
64 94
64 98
64 101
64 102
64 107
64 112
64 113
64 114
64 117
64 119
64 120
64 121
64 126
64 131
64 135
64 136
64 141
64 144
64 148
64 150
64 153
64 154
64 157
64 158
64 160
64 161
64 162
64 164
64 165
64 167
64 169
64 171
64 174
64 178
64 179
64 180
64 184
64 185
64 186
64 187
65 66
65 67
65 70
65 71
65 72
65 74
65 75
65 80
65 83
65 85
65 86
65 87
65 88
65 91
65 92
65 93
65 94
65 95
65 96
65 101
65 104
65 111
65 117
65 119
65 121
65 123
65 124
65 127
65 132
65 133
65 139
65 142
65 145
65 146
65 147
65 148
65 152
65 154
65 159
65 163
65 165
65 172
65 173
65 181
65 182
65 184
65 186
65 187
66 67
66 69
66 71
66 73
66 74
66 76
66 77
66 78
66 79
66 82
66 85
66 88
66 89
66 92
66 94
66 95
66 96
66 98
66 100
66 101
66 102
66 104
66 111
66 112
66 115
66 116
66 118
66 120
66 122
66 124
66 125
66 126
66 129
66 131
66 132
66 133
66 136
66 141
66 144
66 145
66 146
66 149
66 151
66 156
66 157
66 158
66 159
66 161
66 164
66 166
66 167
66 168
66 169
66 171
66 173
66 176
66 178
66 179
66 180
66 182
66 183
66 184
66 187
67 69
67 70
67 71
67 77
67 79
67 84
67 86
67 87
67 93
67 94
67 96
67 97
67 98
67 99
67 102
67 103
67 106
67 109
67 113
67 114
67 116
67 119
67 124
67 125
67 126
67 130
67 139
67 140
67 141
67 142
67 143
67 148
67 150
67 151
67 155
67 158
67 159
67 161
67 162
67 164
67 167
67 168
67 169
67 172
67 174
67 175
67 181
67 185
67 186
68 69
68 70
68 71
68 72
68 73
68 74
68 75
68 77
68 78
68 80
68 81
68 82
68 83
68 84
68 85
68 87
68 89
68 91
68 92
68 99
68 102
68 103
68 104
68 107
68 111
68 113
68 114
68 115
68 116
68 118
68 119
68 120
68 122
68 130
68 131
68 132
68 133
68 134
68 140
68 141
68 142
68 143
68 148
68 151
68 155
68 156
68 158
68 162
68 166
68 167
68 172
68 173
68 175
68 179
68 184
68 187
69 70
69 75
69 77
69 78
69 81
69 82
69 83
69 84
69 87
69 88
69 89
69 90
69 91
69 92
69 95
69 97
69 99
69 100
69 102
69 104
69 106
69 107
69 108
69 110
69 112
69 113
69 114
69 115
69 117
69 120
69 121
69 123
69 124
69 126
69 128
69 129
69 132
69 135
69 137
69 143
69 150
69 151
69 153
69 156
69 157
69 158
69 159
69 162
69 168
69 170
69 172
69 173
69 176
69 177
69 181
69 187
70 73
70 74
70 75
70 76
70 77
70 78
70 80
70 82
70 84
70 85
70 87
70 88
70 89
70 90
70 91
70 92
70 95
70 97
70 100
70 101
70 102
70 104
70 106
70 107
70 109
70 111
70 118
70 119
70 120
70 121
70 122
70 123
70 124
70 125
70 126
70 128
70 130
70 131
70 138
70 140
70 141
70 143
70 145
70 148
70 149
70 150
70 151
70 154
70 155
70 156
70 158
70 161
70 162
70 164
70 166
70 167
70 169
70 173
70 177
70 179
70 183
70 184
70 185
70 186
71 72
71 73
71 75
71 77
71 79
71 80
71 81
71 83
71 86
71 87
71 88
71 91
71 94
71 96
71 100
71 101
71 102
71 103
71 104
71 106
71 108
71 110
71 111
71 116
71 117
71 118
71 120
71 121
71 123
71 128
71 129
71 133
71 134
71 137
71 138
71 139
71 141
71 144
71 146
71 147
71 149
71 155
71 156
71 157
71 158
71 160
71 162
71 163
71 164
71 170
71 173
71 174
71 176
71 177
71 181
71 182
71 183
71 184
72 73
72 74
72 77
72 78
72 79
72 80
72 81
72 86
72 88
72 91
72 92
72 94
72 98
72 100
72 107
72 108
72 110
72 111
72 113
72 114
72 117
72 121
72 125
72 127
72 128
72 129
72 130
72 131
72 132
72 134
72 135
72 136
72 137
72 138
72 140
72 143
72 144
72 145
72 146
72 147
72 149
72 150
72 153
72 155
72 162
72 165
72 166
72 169
72 172
72 173
72 177
72 179
72 180
72 181
72 182
72 185
72 186
72 187
73 74
73 75
73 76
73 77
73 79
73 81
73 82
73 83
73 84
73 85
73 87
73 88
73 89
73 90
73 92
73 94
73 98
73 99
73 103
73 104
73 105
73 106
73 107
73 110
73 114
73 115
73 116
73 117
73 118
73 119
73 120
73 124
73 130
73 140
73 141
73 144
73 145
73 147
73 148
73 152
73 153
73 156
73 158
73 161
73 162
73 163
73 165
73 168
73 169
73 170
73 171
73 174
73 175
73 176
73 177
73 181
73 182
73 183
73 184
73 185
73 186
73 187
74 75
74 77
74 78
74 79
74 80
74 82
74 83
74 84
74 87
74 91
74 95
74 96
74 99
74 100
74 102
74 103
74 107
74 109
74 115
74 116
74 117
74 118
74 122
74 125
74 127
74 129
74 130
74 132
74 133
74 135
74 137
74 139
74 140
74 147
74 149
74 156
74 159
74 160
74 161
74 164
74 168
74 170
74 174
74 175
74 176
74 177
74 180
74 183
74 184
74 185
74 186
74 187
75 77
75 78
75 79
75 80
75 82
75 83
75 84
75 85
75 87
75 89
75 90
75 91
75 93
75 95
75 96
75 97
75 98
75 99
75 101
75 102
75 103
75 104
75 105
75 107
75 110
75 113
75 116
75 121
75 122
75 124
75 126
75 129
75 130
75 132
75 135
75 136
75 137
75 142
75 143
75 144
75 145
75 147
75 149
75 151
75 152
75 153
75 155
75 158
75 159
75 160
75 164
75 166
75 167
75 170
75 172
75 173
75 177
75 180
75 182
75 184
76 80
76 81
76 85
76 87
76 88
76 89
76 90
76 91
76 92
76 95
76 99
76 100
76 101
76 102
76 103
76 105
76 106
76 111
76 113
76 114
76 115
76 116
76 117
76 119
76 120
76 121
76 123
76 125
76 127
76 128
76 129
76 130
76 131
76 132
76 134
76 135
76 136
76 137
76 138
76 145
76 147
76 150
76 152
76 157
76 160
76 165
76 166
76 167
76 169
76 176
76 178
76 180
76 181
76 182
76 183
76 185
76 186
77 80
77 83
77 84
77 85
77 86
77 90
77 93
77 94
77 96
77 97
77 98
77 99
77 102
77 104
77 105
77 109
77 111
77 119
77 120
77 121
77 122
77 125
77 130
77 131
77 132
77 135
77 137
77 139
77 140
77 145
77 146
77 148
77 151
77 152
77 156
77 158
77 159
77 160
77 162
77 164
77 167
77 168
77 172
77 175
77 176
77 177
77 178
77 184
77 185
77 187
78 79
78 81
78 82
78 83
78 85
78 86
78 87
78 92
78 93
78 94
78 96
78 97
78 98
78 99
78 101
78 102
78 107
78 110
78 113
78 115
78 117
78 119
78 122
78 124
78 125
78 129
78 130
78 132
78 133
78 138
78 139
78 145
78 146
78 147
78 149
78 155
78 156
78 158
78 163
78 164
78 166
78 167
78 170
78 171
78 172
78 174
78 175
78 180
78 186
78 187
79 85
79 86
79 87
79 89
79 91
79 95
79 98
79 100
79 106
79 114
79 117
79 118
79 119
79 124
79 127
79 128
79 132
79 134
79 135
79 141
79 143
79 147
79 149
79 150
79 155
79 156
79 157
79 158
79 159
79 160
79 161
79 162
79 166
79 167
79 170
79 171
79 173
79 174
79 175
79 176
79 178
79 179
79 181
79 184
80 81
80 84
80 86
80 89
80 91
80 92
80 96
80 99
80 100
80 101
80 102
80 105
80 107
80 108
80 112
80 113
80 114
80 115
80 116
80 117
80 118
80 120
80 125
80 130
80 131
80 133
80 134
80 135
80 137
80 140
80 141
80 144
80 145
80 148
80 149
80 151
80 153
80 155
80 158
80 162
80 163
80 164
80 165
80 166
80 167
80 168
80 170
80 172
80 173
80 174
80 176
80 179
80 184
81 85
81 86
81 88
81 93
81 95
81 96
81 98
81 99
81 101
81 104
81 105
81 109
81 110
81 111
81 112
81 116
81 118
81 120
81 122
81 123
81 125
81 126
81 127
81 130
81 131
81 132
81 134
81 135
81 139
81 145
81 147
81 148
81 149
81 151
81 152
81 154
81 156
81 158
81 160
81 163
81 164
81 166
81 172
81 177
81 178
81 179
81 181
81 182
81 183
81 185
82 86
82 87
82 88
82 89
82 90
82 93
82 95
82 96
82 97
82 99
82 100
82 101
82 102
82 104
82 105
82 109
82 111
82 113
82 114
82 115
82 117
82 118
82 122
82 123
82 125
82 128
82 129
82 131
82 132
82 137
82 142
82 147
82 149
82 150
82 151
82 152
82 153
82 155
82 161
82 164
82 165
82 170
82 171
82 175
82 178
82 179
82 183
82 184
82 185
82 186
83 85
83 87
83 88
83 90
83 91
83 103
83 104
83 106
83 107
83 108
83 109
83 110
83 111
83 113
83 114
83 115
83 116
83 118
83 119
83 121
83 123
83 125
83 127
83 128
83 131
83 135
83 138
83 141
83 143
83 147
83 148
83 152
83 153
83 155
83 156
83 160
83 161
83 163
83 164
83 165
83 166
83 171
83 172
83 175
83 179
83 182
83 185
83 187
84 89
84 90
84 91
84 92
84 95
84 97
84 98
84 100
84 102
84 103
84 108
84 109
84 111
84 112
84 114
84 117
84 119
84 125
84 128
84 129
84 130
84 131
84 132
84 134
84 139
84 140
84 141
84 142
84 143
84 144
84 145
84 146
84 147
84 148
84 150
84 151
84 154
84 156
84 157
84 159
84 161
84 163
84 166
84 168
84 172
84 173
84 174
84 176
84 182
84 183
84 184
84 186
85 86
85 87
85 88
85 89
85 90
85 93
85 95
85 96
85 99
85 100
85 103
85 104
85 107
85 108
85 114
85 118
85 119
85 120
85 121
85 123
85 124
85 126
85 127
85 130
85 132
85 135
85 136
85 137
85 138
85 139
85 142
85 143
85 144
85 145
85 148
85 149
85 153
85 155
85 157
85 159
85 160
85 165
85 166
85 168
85 169
85 170
85 171
85 180
85 182
85 186
86 87
86 91
86 93
86 95
86 96
86 97
86 100
86 103
86 107
86 109
86 110
86 111
86 112
86 116
86 119
86 121
86 124
86 125
86 130
86 131
86 132
86 136
86 143
86 150
86 152
86 153
86 156
86 157
86 158
86 162
86 165
86 167
86 168
86 170
86 172
86 173
86 174
86 177
86 178
86 180
86 181
86 182
86 183
86 184
86 187
87 90
87 91
87 97
87 104
87 105
87 108
87 109
87 111
87 112
87 113
87 114
87 117
87 118
87 119
87 127
87 130
87 132
87 133
87 134
87 136
87 139
87 144
87 145
87 146
87 147
87 148
87 149
87 153
87 154
87 161
87 166
87 169
87 174
87 176
87 178
87 179
87 181
87 182
87 183
87 184
88 89
88 94
88 96
88 97
88 98
88 99
88 101
88 102
88 103
88 104
88 106
88 108
88 111
88 113
88 114
88 117
88 118
88 119
88 122
88 123
88 124
88 126
88 129
88 133
88 135
88 139
88 141
88 142
88 143
88 145
88 147
88 148
88 152
88 154
88 159
88 161
88 163
88 165
88 166
88 167
88 168
88 169
88 172
88 175
88 179
88 182
88 183
88 185
88 187
89 93
89 95
89 96
89 97
89 99
89 102
89 103
89 104
89 105
89 107
89 109
89 112
89 113
89 115
89 116
89 117
89 122
89 123
89 124
89 125
89 126
89 127
89 129
89 133
89 135
89 140
89 147
89 150
89 151
89 153
89 157
89 160
89 161
89 162
89 163
89 167
89 173
89 176
89 181
89 182
89 185
89 187
90 92
90 95
90 96
90 97
90 98
90 99
90 102
90 103
90 104
90 112
90 113
90 115
90 119
90 121
90 128
90 129
90 131
90 133
90 134
90 135
90 137
90 138
90 139
90 140
90 141
90 143
90 146
90 149
90 150
90 151
90 153
90 155
90 157
90 158
90 159
90 160
90 161
90 163
90 165
90 168
90 169
90 170
90 173
90 177
90 178
90 179
90 180
90 181
90 183
90 184
90 186
91 95
91 98
91 100
91 101
91 103
91 107
91 108
91 111
91 112
91 119
91 120
91 121
91 122
91 128
91 131
91 133
91 135
91 138
91 139
91 140
91 141
91 145
91 148
91 149
91 151
91 152
91 157
91 159
91 165
91 166
91 167
91 171
91 172
91 173
91 175
91 177
91 180
91 183
91 184
91 185
91 186
92 93
92 95
92 98
92 101
92 103
92 104
92 105
92 108
92 109
92 112
92 113
92 114
92 116
92 117
92 118
92 125
92 128
92 129
92 130
92 131
92 132
92 133
92 137
92 138
92 139
92 140
92 143
92 145
92 146
92 156
92 161
92 163
92 164
92 173
92 175
92 178
92 179
92 181
92 185
92 186
92 187
93 94
93 96
93 97
93 98
93 99
93 100
93 101
93 104
93 106
93 107
93 108
93 109
93 110
93 111
93 112
93 113
93 115
93 117
93 123
93 125
93 127
93 128
93 132
93 134
93 135
93 136
93 137
93 138
93 141
93 146
93 147
93 148
93 150
93 153
93 157
93 160
93 164
93 165
93 168
93 170
93 172
93 175
93 177
93 180
93 181
93 183
93 184
94 95
94 97
94 99
94 103
94 104
94 105
94 109
94 110
94 112
94 113
94 116
94 119
94 120
94 121
94 122
94 124
94 125
94 126
94 129
94 131
94 133
94 136
94 137
94 138
94 140
94 141
94 144
94 145
94 146
94 147
94 150
94 152
94 153
94 155
94 157
94 158
94 159
94 160
94 161
94 163
94 164
94 167
94 168
94 169
94 171
94 172
94 173
94 175
94 178
94 179
94 180
94 182
94 183
94 184
94 186
94 187
95 96
95 97
95 99
95 100
95 101
95 104
95 105
95 107
95 109
95 111
95 117
95 118
95 121
95 122
95 130
95 132
95 135
95 136
95 139
95 140
95 142
95 143
95 146
95 148
95 149
95 151
95 152
95 153
95 154
95 158
95 160
95 162
95 163
95 164
95 165
95 168
95 170
95 173
95 175
95 176
95 177
95 179
95 184
95 187
96 97
96 101
96 105
96 107
96 109
96 114
96 115
96 116
96 120
96 121
96 122
96 126
96 131
96 133
96 134
96 137
96 138
96 141
96 146
96 148
96 149
96 150
96 153
96 154
96 155
96 160
96 163
96 164
96 167
96 177
96 178
96 179
96 180
96 181
96 183
97 98
97 99
97 101
97 105
97 107
97 109
97 110
97 112
97 115
97 117
97 124
97 126
97 127
97 128
97 131
97 132
97 134
97 135
97 138
97 139
97 140
97 141
97 144
97 146
97 149
97 150
97 151
97 152
97 153
97 157
97 161
97 166
97 167
97 172
97 182
97 183
97 184
97 186
98 100
98 101
98 106
98 112
98 115
98 119
98 120
98 121
98 124
98 126
98 127
98 128
98 129
98 131
98 133
98 135
98 136
98 137
98 142
98 145
98 146
98 147
98 149
98 152
98 156
98 159
98 160
98 162
98 163
98 170
98 171
98 172
98 174
98 175
98 185
99 100
99 101
99 104
99 106
99 108
99 109
99 116
99 117
99 119
99 120
99 122
99 123
99 127
99 128
99 130
99 133
99 135
99 137
99 141
99 144
99 147
99 149
99 160
99 161
99 166
99 169
99 170
99 175
99 177
99 182
99 184
99 187
100 101
100 103
100 104
100 105
100 110
100 112
100 114
100 117
100 122
100 123
100 124
100 127
100 128
100 129
100 130
100 138
100 140
100 146
100 150
100 151
100 152
100 153
100 154
100 158
100 159
100 160
100 161
100 162
100 169
100 173
100 174
100 175
100 176
100 178
100 180
100 182
100 183
100 187
101 103
101 108
101 109
101 110
101 112
101 118
101 119
101 122
101 125
101 129
101 130
101 133
101 136
101 137
101 138
101 141
101 143
101 145
101 147
101 149
101 150
101 151
101 152
101 154
101 159
101 160
101 161
101 167
101 170
101 175
101 178
101 179
101 180
101 183
101 185
102 103
102 104
102 105
102 107
102 110
102 112
102 114
102 118
102 120
102 123
102 126
102 129
102 130
102 131
102 132
102 133
102 135
102 136
102 138
102 140
102 141
102 145
102 147
102 151
102 152
102 153
102 157
102 158
102 162
102 163
102 164
102 169
102 170
102 172
102 181
102 182
102 183
102 186
103 105
103 106
103 110
103 112
103 116
103 117
103 118
103 119
103 122
103 123
103 124
103 125
103 126
103 127
103 128
103 129
103 131
103 133
103 134
103 138
103 140
103 146
103 150
103 151
103 152
103 154
103 158
103 159
103 162
103 165
103 166
103 169
103 171
103 174
103 176
103 179
103 180
104 106
104 109
104 111
104 112
104 113
104 114
104 115
104 121
104 127
104 128
104 130
104 132
104 135
104 137
104 139
104 140
104 145
104 146
104 147
104 149
104 151
104 154
104 157
104 162
104 163
104 165
104 175
104 177
104 178
104 184
104 185
104 186
104 187
105 106
105 107
105 110
105 111
105 115
105 117
105 118
105 120
105 123
105 126
105 132
105 133
105 134
105 136
105 141
105 142
105 144
105 146
105 147
105 149
105 152
105 153
105 154
105 155
105 156
105 157
105 158
105 159
105 160
105 161
105 162
105 163
105 167
105 170
105 171
105 173
105 174
105 177
105 180
105 183
105 184
106 108
106 110
106 111
106 114
106 118
106 120
106 121
106 122
106 123
106 126
106 127
106 130
106 131
106 132
106 134
106 136
106 138
106 140
106 145
106 149
106 150
106 152
106 153
106 157
106 158
106 160
106 161
106 163
106 164
106 168
106 172
106 175
106 177
106 182
106 184
107 108
107 114
107 117
107 125
107 130
107 135
107 136
107 140
107 141
107 143
107 145
107 148
107 151
107 152
107 153
107 154
107 159
107 160
107 163
107 166
107 168
107 171
107 173
107 175
107 180
107 181
107 182
107 183
107 187
108 110
108 112
108 113
108 115
108 116
108 119
108 121
108 122
108 124
108 127
108 130
108 134
108 137
108 139
108 142
108 145
108 150
108 151
108 154
108 155
108 156
108 157
108 160
108 161
108 163
108 164
108 165
108 166
108 167
108 168
108 169
108 170
108 171
108 174
108 175
108 176
108 177
108 181
108 182
108 184
108 185
109 110
109 111
109 112
109 114
109 117
109 124
109 126
109 128
109 129
109 131
109 134
109 137
109 139
109 146
109 148
109 152
109 153
109 154
109 155
109 156
109 159
109 160
109 164
109 166
109 167
109 170
109 171
109 172
109 178
109 180
109 181
109 182
109 183
109 187
110 111
110 112
110 114
110 116
110 117
110 119
110 121
110 123
110 126
110 129
110 134
110 139
110 140
110 142
110 144
110 146
110 147
110 152
110 153
110 155
110 156
110 157
110 158
110 159
110 164
110 167
110 169
110 170
110 172
110 174
110 176
110 177
110 178
110 181
110 187
111 120
111 121
111 122
111 124
111 126
111 128
111 129
111 130
111 132
111 140
111 141
111 143
111 144
111 145
111 148
111 151
111 152
111 154
111 156
111 162
111 163
111 164
111 165
111 168
111 170
111 172
111 173
111 177
111 178
111 180
111 181
112 116
112 117
112 122
112 123
112 124
112 126
112 128
112 129
112 132
112 133
112 136
112 139
112 140
112 142
112 146
112 147
112 150
112 152
112 157
112 158
112 160
112 164
112 167
112 169
112 173
112 175
112 178
113 115
113 116
113 118
113 119
113 120
113 121
113 122
113 124
113 126
113 127
113 128
113 129
113 130
113 133
113 136
113 137
113 139
113 141
113 143
113 144
113 145
113 149
113 152
113 153
113 155
113 159
113 164
113 168
113 172
113 174
113 179
113 182
113 185
113 186
114 117
114 120
114 123
114 124
114 126
114 127
114 130
114 131
114 136
114 138
114 139
114 140
114 142
114 143
114 144
114 146
114 155
114 158
114 160
114 162
114 163
114 164
114 169
114 170
114 171
114 172
114 175
114 177
114 187
115 123
115 126
115 129
115 133
115 135
115 136
115 139
115 142
115 143
115 146
115 148
115 149
115 150
115 152
115 153
115 154
115 157
115 158
115 159
115 160
115 165
115 168
115 169
115 170
115 173
115 176
115 186
115 187
116 117
116 118
116 119
116 120
116 121
116 122
116 123
116 125
116 131
116 132
116 135
116 137
116 145
116 148
116 153
116 154
116 156
116 160
116 162
116 163
116 168
116 169
116 170
116 171
116 173
116 180
116 181
116 185
116 186
116 187
117 119
117 122
117 123
117 126
117 127
117 130
117 132
117 134
117 136
117 137
117 138
117 140
117 143
117 145
117 146
117 148
117 149
117 151
117 152
117 155
117 157
117 162
117 163
117 167
117 169
117 170
117 172
117 173
117 174
117 177
118 119
118 125
118 126
118 127
118 129
118 135
118 136
118 141
118 143
118 144
118 145
118 146
118 147
118 148
118 149
118 152
118 153
118 155
118 157
118 158
118 163
118 164
118 166
118 168
118 169
118 173
118 175
118 176
118 177
118 178
118 181
118 184
118 186
119 122
119 123
119 125
119 127
119 128
119 131
119 132
119 133
119 134
119 137
119 139
119 140
119 147
119 151
119 154
119 155
119 164
119 165
119 167
119 168
119 172
119 173
119 174
119 176
119 180
119 181
120 122
120 124
120 126
120 127
120 129
120 134
120 135
120 137
120 138
120 142
120 143
120 144
120 146
120 148
120 151
120 152
120 153
120 154
120 156
120 157
120 160
120 161
120 164
120 166
120 169
120 170
120 171
120 173
120 174
120 177
120 185
121 123
121 126
121 127
121 128
121 130
121 131
121 132
121 133
121 135
121 136
121 138
121 139
121 140
121 143
121 145
121 146
121 147
121 148
121 151
121 156
121 157
121 158
121 159
121 162
121 163
121 165
121 166
121 167
121 168
121 170
121 171
121 172
121 175
121 186
122 126
122 127
122 131
122 133
122 134
122 135
122 137
122 139
122 140
122 141
122 142
122 143
122 146
122 147
122 148
122 152
122 154
122 156
122 158
122 165
122 166
122 168
122 174
122 175
122 176
122 180
123 124
123 125
123 126
123 127
123 128
123 130
123 133
123 134
123 136
123 138
123 139
123 140
123 141
123 142
123 148
123 150
123 151
123 152
123 156
123 157
123 162
123 164
123 166
123 167
123 170
123 171
123 174
123 175
123 179
123 184
124 125
124 127
124 133
124 134
124 139
124 141
124 142
124 143
124 146
124 148
124 149
124 154
124 157
124 158
124 161
124 164
124 167
124 168
124 169
124 171
124 174
124 178
124 179
124 180
124 183
124 187
125 127
125 134
125 135
125 137
125 138
125 143
125 144
125 147
125 148
125 155
125 157
125 159
125 161
125 162
125 167
125 174
125 179
125 180
125 181
125 182
125 183
125 184
125 185
126 129
126 133
126 136
126 140
126 142
126 143
126 145
126 146
126 147
126 150
126 154
126 155
126 158
126 159
126 160
126 161
126 162
126 166
126 170
126 171
126 176
126 177
126 179
126 181
127 128
127 132
127 134
127 135
127 136
127 138
127 139
127 140
127 142
127 143
127 146
127 157
127 160
127 167
127 180
127 185
127 186
127 187
128 133
128 135
128 137
128 140
128 141
128 143
128 144
128 149
128 150
128 153
128 155
128 159
128 162
128 171
128 172
128 175
128 176
128 178
128 179
128 180
128 182
128 183
128 185
128 186
129 132
129 136
129 139
129 143
129 144
129 146
129 151
129 154
129 156
129 157
129 159
129 160
129 163
129 165
129 166
129 167
129 169
129 171
129 174
129 175
129 176
129 180
129 183
129 185
130 131
130 134
130 136
130 143
130 147
130 150
130 158
130 160
130 162
130 163
130 168
130 169
130 170
130 171
130 172
130 178
130 179
130 180
130 183
130 184
131 133
131 135
131 136
131 140
131 141
131 145
131 147
131 150
131 151
131 152
131 153
131 154
131 155
131 157
131 158
131 159
131 160
131 161
131 162
131 164
131 167
131 168
131 171
131 174
131 176
132 138
132 142
132 145
132 147
132 150
132 152
132 155
132 157
132 159
132 161
132 162
132 164
132 165
132 166
132 168
132 170
132 171
132 172
132 173
132 174
132 175
132 176
132 178
132 179
132 181
132 182
132 185
132 187
133 134
133 136
133 139
133 142
133 143
133 144
133 145
133 147
133 148
133 149
133 155
133 156
133 160
133 162
133 163
133 164
133 165
133 167
133 169
133 172
133 181
133 184
133 185
133 186
134 135
134 137
134 142
134 143
134 144
134 147
134 148
134 149
134 154
134 162
134 167
134 168
134 172
134 179
134 180
134 183
134 184
134 185
134 187
135 136
135 139
135 141
135 142
135 144
135 147
135 148
135 149
135 150
135 151
135 152
135 155
135 157
135 161
135 163
135 164
135 165
135 171
135 172
135 173
135 174
135 183
135 185
135 187
136 145
136 146
136 147
136 152
136 154
136 155
136 158
136 161
136 162
136 165
136 168
136 170
136 171
136 176
136 178
136 179
136 180
136 182
136 185
136 186
137 139
137 140
137 142
137 146
137 148
137 149
137 150
137 151
137 156
137 158
137 161
137 163
137 165
137 168
137 170
137 172
137 173
137 174
137 178
137 179
137 182
137 187
138 140
138 142
138 144
138 146
138 147
138 149
138 153
138 157
138 159
138 162
138 165
138 168
138 174
138 175
138 176
138 180
138 184
138 185
138 186
138 187
139 142
139 143
139 144
139 145
139 149
139 151
139 153
139 158
139 164
139 167
139 168
139 170
139 171
139 174
139 176
139 177
139 179
139 180
139 183
140 141
140 142
140 145
140 148
140 150
140 152
140 153
140 156
140 157
140 161
140 163
140 170
140 174
140 179
140 182
141 144
141 148
141 150
141 153
141 156
141 160
141 162
141 163
141 165
141 168
141 172
141 173
141 174
141 176
141 177
141 178
141 179
141 181
141 183
141 184
141 185
142 144
142 146
142 150
142 151
142 152
142 155
142 158
142 159
142 160
142 162
142 166
142 170
142 176
142 178
142 186
143 144
143 145
143 148
143 152
143 153
143 154
143 156
143 162
143 164
143 166
143 167
143 174
143 175
143 178
143 182
144 145
144 146
144 149
144 151
144 154
144 155
144 156
144 157
144 158
144 159
144 162
144 164
144 165
144 166
144 169
144 172
144 174
144 177
144 181
144 185
145 151
145 152
145 153
145 154
145 158
145 162
145 164
145 166
145 168
145 176
145 180
145 182
145 187
146 150
146 153
146 154
146 155
146 156
146 158
146 159
146 160
146 161
146 165
146 166
146 168
146 169
146 171
146 174
146 176
146 177
146 181
147 149
147 154
147 155
147 156
147 157
147 159
147 163
147 164
147 171
147 174
147 178
147 182
147 185
147 186
148 149
148 153
148 155
148 159
148 160
148 165
148 166
148 170
148 175
148 177
148 178
148 183
148 186
148 187
149 153
149 154
149 155
149 165
149 170
149 171
149 176
149 181
149 185
150 154
150 161
150 162
150 169
150 171
150 172
150 174
150 175
150 178
150 181
150 186
150 187
151 153
151 159
151 161
151 164
151 165
151 172
151 173
151 178
151 180
151 186
152 153
152 154
152 157
152 158
152 161
152 163
152 167
152 171
152 173
152 174
152 175
152 177
152 183
152 184
152 186
152 187
153 160
153 162
153 167
153 171
153 172
153 173
153 177
153 181
153 184
154 155
154 156
154 161
154 165
154 166
154 167
154 169
154 170
154 171
154 174
154 176
154 177
154 178
154 180
154 183
154 184
155 157
155 158
155 159
155 165
155 173
155 174
155 177
155 179
155 184
155 187
156 157
156 158
156 163
156 164
156 165
156 166
156 168
156 175
156 176
156 177
156 178
156 183
156 184
156 187
157 158
157 162
157 163
157 165
157 166
157 174
157 175
157 176
157 177
157 179
157 180
157 181
157 183
157 184
158 159
158 164
158 170
158 171
158 175
158 178
158 181
158 182
158 183
159 167
159 168
159 169
159 170
159 176
159 177
159 184
160 162
160 163
160 164
160 165
160 171
160 172
160 176
160 179
160 182
160 185
161 173
161 175
161 179
161 181
161 184
161 185
161 187
162 163
162 166
162 168
162 172
162 173
162 174
162 175
162 176
162 178
162 184
162 185
162 186
163 166
163 169
163 172
163 173
163 177
163 178
163 179
163 180
163 183
163 184
164 183
164 184
164 186
165 167
165 173
165 177
165 181
165 182
165 185
166 169
166 171
166 172
166 173
166 177
166 178
166 180
166 182
166 185
166 187
167 171
167 180
168 169
168 179
168 181
168 183
168 186
168 187
169 170
169 171
169 173
169 174
169 179
169 181
169 183
169 185
170 174
170 183
171 172
171 176
171 177
171 178
171 181
171 182
171 186
172 174
172 177
172 180
172 182
173 175
173 185
173 186
174 176
174 178
174 181
174 183
174 186
175 176
175 177
175 180
175 182
175 183
175 184
176 177
176 179
176 180
176 186
177 179
177 181
177 184
178 182
178 183
178 185
178 186
179 180
179 182
180 184
180 186
181 186
181 187
182 184
182 187
183 186
184 185
184 187
186 187
