180
0 1
0 2
0 3
0 4
0 5
0 7
0 9
0 10
0 11
0 12
0 13
0 15
0 18
0 20
0 21
0 22
0 25
0 26
0 27
0 29
0 30
0 31
0 32
0 33
0 36
0 37
0 41
0 44
0 45
0 46
0 48
0 49
0 50
0 52
0 54
0 55
0 56
0 57
0 58
0 60
0 61
0 62
0 63
0 64
0 69
0 70
0 76
0 80
0 82
0 84
0 86
0 88
0 89
0 90
0 91
0 92
0 94
0 95
0 96
0 98
0 99
0 100
0 101
0 102
0 103
0 105
0 106
0 111
0 114
0 115
0 118
0 121
0 122
0 123
0 126
0 127
0 128
0 131
0 132
0 133
0 134
0 135
0 136
0 137
0 139
0 142
0 143
0 145
0 147
0 149
0 150
0 151
0 152
0 153
0 154
0 155
0 156
0 158
0 159
0 161
0 162
0 165
0 166
0 171
0 177
1 2
1 4
1 5
1 7
1 8
1 10
1 11
1 12
1 13
1 18
1 19
1 20
1 22
1 23
1 25
1 27
1 28
1 29
1 32
1 33
1 34
1 36
1 39
1 40
1 41
1 42
1 44
1 45
1 46
1 47
1 49
1 51
1 53
1 54
1 58
1 61
1 62
1 63
1 65
1 66
1 68
1 69
1 71
1 73
1 74
1 75
1 77
1 80
1 81
1 82
1 83
1 84
1 86
1 87
1 88
1 90
1 91
1 92
1 94
1 95
1 97
1 98
1 100
1 101
1 102
1 105
1 106
1 107
1 108
1 109
1 110
1 113
1 114
1 115
1 117
1 118
1 121
1 128
1 129
1 130
1 131
1 132
1 133
1 136
1 140
1 142
1 144
1 146
1 147
1 150
1 152
1 153
1 159
1 160
1 163
1 165
1 167
1 168
1 171
1 172
1 176
2 5
2 6
2 10
2 11
2 12
2 14
2 16
2 17
2 18
2 21
2 22
2 24
2 25
2 27
2 28
2 29
2 33
2 35
2 36
2 37
2 41
2 43
2 44
2 45
2 46
2 49
2 50
2 52
2 53
2 54
2 55
2 57
2 58
2 59
2 60
2 61
2 62
2 65
2 67
2 69
2 70
2 71
2 72
2 73
2 74
2 77
2 79
2 81
2 82
2 83
2 85
2 86
2 96
2 99
2 101
2 102
2 104
2 106
2 112
2 114
2 116
2 117
2 120
2 121
2 123
2 124
2 125
2 126
2 128
2 129
2 130
2 131
2 133
2 134
2 135
2 136
2 137
2 138
2 143
2 144
2 146
2 150
2 155
2 156
2 159
2 160
2 163
2 164
2 166
2 167
2 168
2 169
2 170
2 172
2 179
3 5
3 6
3 7
3 8
3 10
3 11
3 13
3 14
3 15
3 16
3 18
3 20
3 21
3 22
3 23
3 25
3 26
3 29
3 34
3 35
3 36
3 37
3 38
3 41
3 42
3 43
3 47
3 49
3 50
3 51
3 52
3 53
3 54
3 56
3 57
3 59
3 60
3 61
3 62
3 63
3 65
3 66
3 67
3 68
3 69
3 70
3 71
3 72
3 73
3 74
3 76
3 77
3 78
3 80
3 81
3 87
3 89
3 90
3 91
3 92
3 96
3 98
3 99
3 100
3 103
3 104
3 105
3 108
3 109
3 112
3 114
3 115
3 117
3 118
3 121
3 123
3 124
3 125
3 126
3 127
3 129
3 132
3 135
3 138
3 140
3 141
3 142
3 143
3 144
3 145
3 146
3 147
3 148
3 150
3 156
3 160
3 161
3 164
3 165
3 167
3 170
3 171
3 174
3 176
3 178
3 179
4 8
4 9
4 10
4 13
4 16
4 18
4 19
4 20
4 21
4 22
4 23
4 25
4 26
4 28
4 30
4 31
4 33
4 35
4 38
4 39
4 40
4 41
4 44
4 45
4 47
4 48
4 50
4 54
4 55
4 56
4 59
4 64
4 66
4 67
4 69
4 70
4 71
4 73
4 75
4 76
4 77
4 78
4 79
4 80
4 81
4 82
4 83
4 84
4 85
4 88
4 89
4 90
4 91
4 92
4 93
4 94
4 95
4 97
4 98
4 101
4 103
4 105
4 107
4 108
4 109
4 110
4 111
4 112
4 114
4 115
4 116
4 117
4 118
4 119
4 120
4 122
4 124
4 125
4 126
4 128
4 129
4 130
4 133
4 134
4 137
4 140
4 141
4 142
4 143
4 144
4 145
4 147
4 149
4 151
4 152
4 154
4 157
4 164
4 165
4 168
4 173
4 177
4 178
4 179
5 6
5 7
5 8
5 9
5 10
5 11
5 12
5 13
5 15
5 16
5 18
5 19
5 20
5 22
5 23
5 24
5 29
5 30
5 32
5 33
5 34
5 35
5 36
5 38
5 39
5 41
5 45
5 46
5 49
5 50
5 52
5 53
5 54
5 56
5 58
5 59
5 60
5 61
5 64
5 65
5 67
5 68
5 69
5 70
5 71
5 72
5 73
5 75
5 77
5 79
5 81
5 88
5 89
5 91
5 92
5 98
5 100
5 101
5 106
5 107
5 108
5 109
5 110
5 112
5 113
5 114
5 117
5 119
5 120
5 121
5 122
5 123
5 127
5 130
5 131
5 133
5 136
5 137
5 138
5 139
5 140
5 142
5 143
5 144
5 146
5 147
5 148
5 150
5 151
5 152
5 153
5 156
5 157
5 158
5 159
5 160
5 163
5 164
5 165
5 168
5 169
5 171
5 172
5 174
5 175
5 176
5 177
6 8
6 9
6 11
6 12
6 15
6 17
6 19
6 21
6 23
6 29
6 30
6 33
6 34
6 35
6 38
6 40
6 42
6 43
6 44
6 48
6 50
6 51
6 52
6 53
6 55
6 57
6 61
6 62
6 63
6 66
6 67
6 68
6 69
6 70
6 72
6 73
6 74
6 77
6 78
6 79
6 80
6 81
6 85
6 86
6 91
6 93
6 95
6 96
6 97
6 98
6 99
6 101
6 103
6 107
6 109
6 111
6 112
6 113
6 114
6 116
6 117
6 120
6 123
6 124
6 126
6 127
6 128
6 129
6 131
6 132
6 133
6 134
6 136
6 137
6 139
6 140
6 141
6 145
6 148
6 151
6 152
6 153
6 154
6 155
6 156
6 157
6 160
6 161
6 162
6 163
6 166
6 167
6 170
6 171
6 172
6 173
6 174
6 176
6 177
6 179
7 8
7 9
7 10
7 11
7 12
7 14
7 15
7 16
7 17
7 18
7 19
7 27
7 28
7 29
7 30
7 32
7 33
7 34
7 36
7 38
7 40
7 42
7 43
7 45
7 46
7 48
7 50
7 51
7 52
7 53
7 54
7 55
7 56
7 57
7 58
7 59
7 60
7 65
7 66
7 67
7 69
7 70
7 71
7 74
7 77
7 78
7 79
7 80
7 81
7 83
7 84
7 85
7 86
7 89
7 90
7 91
7 92
7 93
7 96
7 98
7 100
7 101
7 106
7 109
7 110
7 111
7 112
7 114
7 115
7 117
7 119
7 120
7 121
7 122
7 123
7 125
7 126
7 128
7 129
7 130
7 131
7 132
7 133
7 134
7 135
7 136
7 140
7 142
7 143
7 145
7 146
7 147
7 149
7 151
7 152
7 154
7 156
7 157
7 159
7 165
7 167
7 169
7 172
7 173
7 174
7 178
8 9
8 10
8 11
8 12
8 15
8 16
8 17
8 18
8 19
8 20
8 21
8 23
8 24
8 26
8 27
8 28
8 29
8 30
8 31
8 32
8 34
8 35
8 36
8 37
8 38
8 40
8 41
8 42
8 43
8 45
8 46
8 47
8 48
8 50
8 52
8 54
8 56
8 58
8 60
8 61
8 63
8 64
8 66
8 67
8 69
8 70
8 71
8 75
8 77
8 78
8 80
8 82
8 83
8 85
8 88
8 89
8 92
8 93
8 95
8 96
8 98
8 99
8 102
8 103
8 104
8 106
8 107
8 108
8 109
8 110
8 111
8 112
8 113
8 114
8 117
8 119
8 120
8 121
8 122
8 123
8 125
8 126
8 129
8 131
8 134
8 135
8 136
8 139
8 141
8 142
8 146
8 147
8 148
8 155
8 161
8 164
8 168
8 170
8 172
8 175
9 10
9 13
9 14
9 17
9 18
9 19
9 20
9 21
9 22
9 23
9 24
9 26
9 29
9 30
9 31
9 32
9 34
9 36
9 38
9 40
9 41
9 42
9 43
9 44
9 45
9 46
9 48
9 49
9 50
9 51
9 52
9 53
9 54
9 56
9 57
9 58
9 59
9 60
9 61
9 63
9 65
9 66
9 68
9 71
9 72
9 73
9 74
9 76
9 79
9 80
9 81
9 82
9 84
9 85
9 87
9 89
9 90
9 92
9 93
9 95
9 96
9 100
9 101
9 103
9 105
9 106
9 109
9 111
9 112
9 113
9 114
9 117
9 119
9 123
9 124
9 125
9 126
9 128
9 131
9 132
9 133
9 135
9 137
9 138
9 139
9 140
9 141
9 142
9 144
9 147
9 148
9 150
9 151
9 153
9 154
9 157
9 158
9 162
9 163
9 165
9 166
9 168
9 169
9 171
9 174
9 175
9 178
9 179
10 11
10 13
10 14
10 15
10 17
10 18
10 19
10 21
10 22
10 23
10 24
10 25
10 26
10 28
10 29
10 30
10 31
10 32
10 33
10 34
10 36
10 37
10 38
10 39
10 40
10 45
10 48
10 50
10 52
10 53
10 57
10 58
10 59
10 63
10 65
10 66
10 67
10 68
10 69
10 71
10 74
10 75
10 76
10 77
10 78
10 80
10 83
10 84
10 85
10 86
10 87
10 89
10 92
10 93
10 95
10 98
10 101
10 102
10 106
10 107
10 108
10 109
10 111
10 113
10 114
10 115
10 117
10 120
10 123
10 124
10 125
10 128
10 132
10 136
10 141
10 142
10 143
10 146
10 147
10 148
10 150
10 151
10 152
10 153
10 154
10 156
10 158
10 159
10 161
10 162
10 163
10 165
10 166
10 168
10 172
10 176
10 177
10 178
11 12
11 13
11 14
11 16
11 17
11 18
11 19
11 20
11 21
11 22
11 23
11 24
11 28
11 29
11 32
11 33
11 36
11 37
11 40
11 42
11 43
11 44
11 47
11 48
11 51
11 52
11 53
11 54
11 57
11 58
11 60
11 61
11 62
11 63
11 64
11 65
11 72
11 74
11 75
11 76
11 78
11 81
11 87
11 88
11 89
11 90
11 91
11 92
11 93
11 95
11 98
11 100
11 104
11 106
11 108
11 109
11 112
11 113
11 114
11 115
11 116
11 117
11 119
11 120
11 122
11 123
11 127
11 129
11 131
11 132
11 133
11 134
11 135
11 137
11 139
11 140
11 141
11 143
11 144
11 148
11 149
11 152
11 155
11 157
11 158
11 162
11 163
11 165
11 166
11 168
11 173
11 176
11 179
12 14
12 15
12 17
12 18
12 19
12 20
12 22
12 23
12 25
12 27
12 28
12 29
12 30
12 33
12 34
12 35
12 36
12 37
12 40
12 41
12 45
12 46
12 47
12 48
12 49
12 50
12 53
12 57
12 58
12 59
12 60
12 62
12 64
12 65
12 67
12 69
12 72
12 78
12 79
12 81
12 83
12 84
12 86
12 87
12 88
12 90
12 91
12 92
12 95
12 98
12 101
12 102
12 103
12 107
12 108
12 111
12 114
12 115
12 118
12 123
12 126
12 130
12 131
12 132
12 133
12 134
12 137
12 138
12 139
12 140
12 141
12 143
12 145
12 146
12 147
12 148
12 152
12 154
12 155
12 156
12 158
12 159
12 161
12 163
12 164
12 165
12 167
12 170
12 171
12 173
12 174
12 176
12 179
13 15
13 16
13 17
13 18
13 19
13 20
13 23
13 24
13 26
13 27
13 28
13 29
13 30
13 33
13 34
13 35
13 37
13 38
13 39
13 40
13 44
13 45
13 46
13 47
13 48
13 50
13 51
13 52
13 54
13 55
13 59
13 60
13 61
13 62
13 63
13 64
13 67
13 68
13 71
13 72
13 74
13 75
13 76
13 77
13 79
13 80
13 82
13 84
13 85
13 88
13 89
13 90
13 91
13 92
13 93
13 94
13 95
13 97
13 98
13 99
13 100
13 101
13 102
13 103
13 104
13 106
13 107
13 108
13 110
13 111
13 112
13 113
13 114
13 116
13 117
13 118
13 120
13 121
13 124
13 128
13 131
13 132
13 134
13 135
13 136
13 137
13 138
13 143
13 144
13 145
13 148
13 151
13 152
13 155
13 156
13 157
13 159
13 161
13 165
13 168
13 169
13 173
13 174
13 175
13 176
13 177
13 179
14 16
14 17
14 19
14 21
14 23
14 25
14 26
14 29
14 30
14 31
14 33
14 34
14 35
14 36
14 37
14 38
14 39
14 40
14 42
14 43
14 45
14 47
14 48
14 50
14 51
14 52
14 53
14 55
14 57
14 58
14 63
14 64
14 65
14 66
14 68
14 69
14 71
14 73
14 74
14 76
14 80
14 81
14 82
14 85
14 86
14 88
14 89
14 90
14 91
14 96
14 97
14 99
14 100
14 102
14 107
14 108
14 109
14 110
14 113
14 114
14 117
14 118
14 120
14 121
14 122
14 123
14 124
14 125
14 128
14 129
14 130
14 131
14 134
14 135
14 138
14 142
14 144
14 146
14 147
14 149
14 150
14 151
14 152
14 153
14 154
14 155
14 156
14 157
14 158
14 159
14 160
14 163
14 167
14 168
14 171
14 173
14 175
14 178
14 179
15 16
15 17
15 18
15 20
15 22
15 23
15 25
15 29
15 30
15 32
15 33
15 34
15 35
15 38
15 39
15 40
15 42
15 43
15 44
15 45
15 47
15 48
15 49
15 52
15 54
15 55
15 56
15 57
15 58
15 59
15 60
15 62
15 63
15 64
15 66
15 68
15 71
15 73
15 74
15 75
15 78
15 79
15 80
15 81
15 83
15 84
15 85
15 86
15 90
15 93
15 94
15 98
15 99
15 100
15 103
15 104
15 106
15 108
15 109
15 110
15 111
15 114
15 118
15 121
15 123
15 127
15 130
15 131
15 132
15 133
15 135
15 137
15 138
15 141
15 144
15 146
15 147
15 148
15 150
15 153
15 154
15 155
15 156
15 157
15 158
15 161
15 163
15 164
15 168
15 170
15 172
15 173
15 175
15 176
15 177
16 17
16 18
16 19
16 20
16 21
16 25
16 30
16 31
16 32
16 33
16 35
16 36
16 38
16 40
16 42
16 44
16 45
16 46
16 47
16 50
16 53
16 57
16 58
16 59
16 60
16 61
16 62
16 66
16 69
16 70
16 71
16 73
16 74
16 75
16 77
16 78
16 81
16 84
16 87
16 88
16 89
16 90
16 91
16 93
16 94
16 95
16 96
16 98
16 101
16 103
16 104
16 105
16 106
16 111
16 112
16 113
16 115
16 116
16 117
16 118
16 121
16 122
16 125
16 126
16 127
16 132
16 136
16 137
16 138
16 139
16 144
16 146
16 150
16 151
16 152
16 155
16 156
16 157
16 158
16 159
16 161
16 162
16 163
16 164
16 167
16 169
16 171
16 172
16 174
16 176
16 177
16 178
17 19
17 21
17 22
17 23
17 24
17 26
17 27
17 32
17 33
17 34
17 39
17 40
17 41
17 43
17 44
17 45
17 48
17 49
17 55
17 58
17 60
17 63
17 65
17 66
17 67
17 68
17 69
17 70
17 71
17 72
17 73
17 75
17 76
17 77
17 79
17 81
17 82
17 83
17 84
17 85
17 86
17 87
17 88
17 89
17 90
17 93
17 94
17 97
17 98
17 100
17 101
17 102
17 103
17 105
17 107
17 109
17 112
17 115
17 116
17 117
17 118
17 121
17 122
17 124
17 136
17 138
17 140
17 141
17 143
17 145
17 146
17 147
17 152
17 153
17 156
17 161
17 163
17 164
17 166
17 169
17 170
17 171
17 172
17 173
17 174
17 175
17 177
17 178
18 19
18 21
18 22
18 23
18 24
18 25
18 27
18 32
18 33
18 34
18 35
18 36
18 37
18 39
18 41
18 42
18 44
18 46
18 49
18 51
18 53
18 54
18 57
18 65
18 66
18 67
18 68
18 72
18 75
18 79
18 80
18 81
18 82
18 85
18 86
18 89
18 90
18 91
18 93
18 94
18 95
18 97
18 99
18 101
18 102
18 103
18 104
18 105
18 107
18 114
18 115
18 119
18 120
18 121
18 123
18 126
18 128
18 131
18 132
18 135
18 141
18 144
18 147
18 148
18 149
18 157
18 158
18 159
18 160
18 161
18 162
18 163
18 165
18 166
18 169
18 171
18 172
18 173
18 175
18 177
18 179
19 21
19 22
19 23
19 25
19 26
19 27
19 28
19 29
19 30
19 32
19 33
19 35
19 36
19 37
19 38
19 41
19 42
19 44
19 46
19 47
19 48
19 49
19 50
19 52
19 54
19 58
19 61
19 62
19 64
19 65
19 66
19 68
19 69
19 70
19 72
19 73
19 74
19 76
19 78
19 79
19 80
19 81
19 82
19 83
19 84
19 86
19 87
19 88
19 90
19 95
19 99
19 100
19 101
19 102
19 103
19 105
19 107
19 108
19 109
19 111
19 114
19 116
19 118
19 120
19 121
19 122
19 123
19 124
19 126
19 127
19 129
19 132
19 133
19 134
19 137
19 142
19 143
19 144
19 148
19 150
19 153
19 157
19 158
19 159
19 160
19 161
19 162
19 163
19 168
19 173
19 176
19 178
20 21
20 22
20 23
20 25
20 27
20 28
20 29
20 31
20 34
20 37
20 38
20 39
20 40
20 41
20 42
20 44
20 46
20 47
20 48
20 50
20 53
20 54
20 57
20 58
20 62
20 65
20 66
20 68
20 69
20 70
20 71
20 73
20 74
20 77
20 79
20 80
20 81
20 83
20 85
20 86
20 87
20 89
20 90
20 92
20 93
20 95
20 97
20 100
20 101
20 102
20 103
20 104
20 105
20 106
20 107
20 108
20 109
20 112
20 113
20 114
20 118
20 119
20 121
20 122
20 123
20 128
20 129
20 131
20 132
20 138
20 139
20 141
20 142
20 143
20 148
20 151
20 154
20 159
20 160
20 161
20 163
20 165
20 166
20 169
20 172
20 173
20 174
20 175
20 176
20 178
21 22
21 23
21 25
21 26
21 27
21 29
21 30
21 32
21 34
21 35
21 37
21 38
21 39
21 40
21 41
21 43
21 44
21 45
21 47
21 48
21 51
21 52
21 53
21 54
21 55
21 56
21 57
21 60
21 62
21 63
21 65
21 67
21 70
21 71
21 72
21 73
21 78
21 79
21 82
21 83
21 85
21 86
21 87
21 88
21 92
21 95
21 97
21 99
21 102
21 103
21 107
21 112
21 114
21 118
21 119
21 120
21 121
21 122
21 123
21 126
21 127
21 128
21 130
21 132
21 133
21 134
21 138
21 142
21 143
21 145
21 146
21 148
21 149
21 151
21 153
21 155
21 156
21 159
21 160
21 162
21 163
21 165
21 166
21 167
21 168
21 172
21 175
22 25
22 26
22 29
22 30
22 31
22 32
22 33
22 34
22 35
22 36
22 39
22 40
22 41
22 42
22 43
22 45
22 46
22 50
22 52
22 53
22 56
22 57
22 59
22 60
22 62
22 63
22 64
22 65
22 67
22 72
22 76
22 82
22 84
22 85
22 88
22 94
22 96
22 98
22 99
22 100
22 101
22 103
22 106
22 108
22 110
22 113
22 117
22 118
22 120
22 121
22 124
22 127
22 128
22 129
22 130
22 131
22 133
22 134
22 136
22 138
22 141
22 143
22 144
22 145
22 146
22 147
22 149
22 150
22 151
22 153
22 157
22 158
22 159
22 161
22 164
22 166
22 167
22 168
22 170
22 177
23 24
23 26
23 27
23 28
23 29
23 30
23 31
23 32
23 34
23 35
23 37
23 38
23 41
23 43
23 44
23 45
23 46
23 48
23 49
23 50
23 51
23 53
23 54
23 55
23 57
23 58
23 62
23 65
23 66
23 67
23 68
23 70
23 72
23 73
23 74
23 80
23 81
23 82
23 84
23 87
23 90
23 91
23 92
23 96
23 99
23 100
23 103
23 104
23 105
23 107
23 110
23 111
23 112
23 113
23 115
23 119
23 120
23 121
23 122
23 123
23 125
23 127
23 129
23 132
23 135
23 136
23 140
23 141
23 146
23 151
23 153
23 156
23 158
23 159
23 160
23 164
23 165
23 166
23 167
23 168
23 169
23 172
23 174
23 175
23 177
23 179
24 25
24 26
24 27
24 28
24 29
24 30
24 31
24 32
24 33
24 34
24 35
24 36
24 37
24 39
24 40
24 41
24 45
24 46
24 47
24 50
24 51
24 53
24 56
24 57
24 58
24 59
24 62
24 64
24 65
24 66
24 67
24 69
24 70
24 72
24 73
24 74
24 75
24 77
24 78
24 79
24 80
24 82
24 83
24 84
24 86
24 88
24 89
24 92
24 93
24 94
24 96
24 101
24 102
24 104
24 105
24 107
24 109
24 110
24 117
24 118
24 119
24 121
24 123
24 126
24 128
24 129
24 131
24 132
24 133
24 134
24 137
24 138
24 139
24 141
24 146
24 149
24 151
24 152
24 153
24 154
24 155
24 161
24 162
24 163
24 165
24 166
24 167
24 168
24 169
24 170
24 171
24 173
24 174
24 175
24 176
24 177
25 27
25 28
25 31
25 33
25 34
25 35
25 36
25 38
25 39
25 40
25 41
25 43
25 44
25 46
25 48
25 50
25 51
25 52
25 53
25 54
25 55
25 56
25 57
25 59
25 61
25 65
25 66
25 67
25 70
25 71
25 72
25 75
25 76
25 78
25 79
25 81
25 82
25 83
25 85
25 86
25 88
25 91
25 92
25 95
25 99
25 101
25 102
25 103
25 104
25 112
25 114
25 115
25 116
25 117
25 118
25 119
25 121
25 122
25 124
25 125
25 126
25 128
25 129
25 134
25 135
25 137
25 140
25 142
25 147
25 148
25 149
25 152
25 153
25 154
25 156
25 158
25 160
25 161
25 164
25 165
25 166
25 167
25 169
25 173
25 175
25 178
25 179
26 28
26 30
26 31
26 32
26 34
26 38
26 39
26 41
26 43
26 44
26 45
26 47
26 48
26 54
26 55
26 56
26 57
26 59
26 62
26 64
26 65
26 67
26 68
26 70
26 72
26 73
26 75
26 76
26 77
26 80
26 82
26 84
26 86
26 87
26 88
26 89
26 90
26 91
26 92
26 93
26 94
26 95
26 96
26 98
26 99
26 100
26 102
26 103
26 104
26 105
26 108
26 109
26 110
26 111
26 112
26 113
26 114
26 119
26 120
26 121
26 123
26 127
26 128
26 132
26 135
26 137
26 138
26 139
26 140
26 143
26 145
26 146
26 147
26 150
26 151
26 154
26 156
26 157
26 159
26 162
26 164
26 165
26 167
26 168
26 171
26 175
26 176
26 178
26 179
27 29
27 30
27 31
27 33
27 34
27 37
27 38
27 39
27 40
27 41
27 42
27 44
27 46
27 47
27 49
27 51
27 52
27 53
27 55
27 56
27 57
27 58
27 59
27 61
27 63
27 64
27 66
27 68
27 69
27 70
27 73
27 74
27 76
27 78
27 80
27 81
27 82
27 87
27 88
27 89
27 91
27 92
27 93
27 95
27 96
27 98
27 100
27 102
27 107
27 108
27 110
27 111
27 112
27 116
27 117
27 118
27 119
27 120
27 122
27 123
27 124
27 126
27 127
27 130
27 134
27 136
27 137
27 142
27 144
27 145
27 149
27 152
27 154
27 156
27 158
27 159
27 164
27 166
27 167
27 168
27 169
27 170
27 171
27 173
27 174
27 178
27 179
28 32
28 33
28 34
28 38
28 39
28 40
28 44
28 45
28 47
28 48
28 49
28 51
28 53
28 54
28 55
28 56
28 57
28 59
28 60
28 61
28 62
28 64
28 65
28 68
28 69
28 70
28 74
28 76
28 77
28 79
28 81
28 83
28 85
28 86
28 87
28 90
28 91
28 92
28 94
28 96
28 97
28 98
28 99
28 100
28 101
28 102
28 103
28 104
28 105
28 106
28 108
28 113
28 115
28 116
28 117
28 119
28 120
28 127
28 128
28 129
28 132
28 134
28 137
28 138
28 139
28 141
28 142
28 143
28 144
28 145
28 146
28 147
28 150
28 151
28 153
28 155
28 156
28 157
28 158
28 159
28 160
28 162
28 163
28 164
28 165
28 166
28 168
28 170
28 176
29 30
29 32
29 34
29 37
29 38
29 40
29 41
29 42
29 43
29 45
29 48
29 50
29 52
29 54
29 55
29 56
29 58
29 61
29 62
29 63
29 65
29 66
29 69
29 71
29 72
29 76
29 79
29 81
29 82
29 84
29 85
29 89
29 90
29 92
29 93
29 95
29 99
29 100
29 102
29 104
29 106
29 113
29 114
29 117
29 118
29 122
29 123
29 125
29 127
29 128
29 129
29 133
29 136
29 142
29 143
29 144
29 146
29 147
29 150
29 151
29 154
29 155
29 156
29 157
29 158
29 159
29 160
29 161
29 163
29 166
29 167
29 168
29 169
29 172
29 173
29 176
29 178
30 32
30 33
30 35
30 37
30 38
30 39
30 41
30 42
30 44
30 45
30 46
30 47
30 48
30 51
30 53
30 54
30 55
30 60
30 61
30 62
30 63
30 65
30 66
30 68
30 69
30 70
30 73
30 75
30 76
30 78
30 79
30 80
30 87
30 89
30 92
30 93
30 94
30 95
30 96
30 97
30 100
30 101
30 102
30 103
30 107
30 109
30 113
30 118
30 120
30 124
30 127
30 129
30 130
30 132
30 133
30 135
30 136
30 137
30 138
30 139
30 140
30 142
30 143
30 144
30 147
30 148
30 149
30 150
30 151
30 152
30 153
30 154
30 155
30 156
30 157
30 159
30 160
30 162
30 163
30 164
30 166
30 167
30 171
30 172
30 175
30 177
30 178
31 32
31 33
31 34
31 35
31 36
31 40
31 42
31 45
31 46
31 47
31 49
31 50
31 53
31 54
31 55
31 59
31 60
31 62
31 63
31 64
31 66
31 67
31 68
31 69
31 74
31 75
31 76
31 77
31 78
31 79
31 81
31 82
31 83
31 85
31 86
31 87
31 88
31 90
31 91
31 92
31 94
31 98
31 100
31 102
31 103
31 105
31 106
31 107
31 108
31 109
31 113
31 114
31 116
31 118
31 120
31 121
31 122
31 123
31 124
31 125
31 128
31 131
31 133
31 135
31 139
31 140
31 141
31 142
31 145
31 146
31 147
31 148
31 149
31 151
31 152
31 155
31 156
31 157
31 159
31 160
31 161
31 163
31 165
31 168
31 171
31 173
31 175
31 177
31 179
32 33
32 34
32 35
32 36
32 37
32 39
32 43
32 44
32 45
32 47
32 51
32 54
32 57
32 58
32 60
32 61
32 62
32 66
32 67
32 68
32 69
32 71
32 73
32 74
32 75
32 76
32 77
32 78
32 79
32 80
32 82
32 83
32 84
32 85
32 87
32 89
32 91
32 93
32 95
32 97
32 98
32 99
32 101
32 102
32 103
32 104
32 106
32 108
32 110
32 111
32 114
32 116
32 117
32 119
32 123
32 127
32 128
32 129
32 131
32 133
32 135
32 137
32 138
32 139
32 142
32 145
32 146
32 150
32 158
32 164
32 166
32 171
32 172
32 174
32 175
32 176
32 177
32 178
33 35
33 39
33 43
33 44
33 46
33 47
33 49
33 50
33 53
33 54
33 55
33 57
33 58
33 63
33 65
33 67
33 68
33 69
33 71
33 72
33 73
33 75
33 79
33 81
33 84
33 85
33 86
33 87
33 89
33 92
33 93
33 96
33 100
33 101
33 102
33 104
33 106
33 108
33 111
33 112
33 114
33 116
33 118
33 121
33 122
33 124
33 125
33 127
33 128
33 130
33 132
33 134
33 135
33 136
33 141
33 142
33 145
33 149
33 150
33 153
33 157
33 159
33 160
33 161
33 163
33 164
33 167
33 169
33 174
33 175
33 177
33 179
34 38
34 40
34 41
34 45
34 47
34 48
34 49
34 51
34 53
34 54
34 55
34 58
34 59
34 62
34 63
34 65
34 66
34 67
34 70
34 72
34 73
34 74
34 75
34 76
34 80
34 82
34 83
34 85
34 87
34 90
34 91
34 92
34 93
34 94
34 96
34 97
34 98
34 100
34 105
34 107
34 108
34 109
34 110
34 111
34 112
34 115
34 116
34 119
34 120
34 121
34 123
34 125
34 126
34 128
34 130
34 131
34 132
34 133
34 135
34 139
34 142
34 144
34 145
34 146
34 154
34 156
34 160
34 162
34 163
34 166
34 169
34 170
34 172
34 174
34 176
34 177
35 39
35 40
35 42
35 43
35 44
35 45
35 46
35 49
35 50
35 51
35 52
35 54
35 55
35 58
35 61
35 63
35 64
35 66
35 68
35 70
35 71
35 72
35 73
35 75
35 76
35 77
35 79
35 80
35 82
35 83
35 84
35 85
35 86
35 87
35 88
35 90
35 91
35 92
35 94
35 98
35 99
35 101
35 103
35 106
35 107
35 109
35 110
35 111
35 112
35 114
35 115
35 116
35 118
35 119
35 120
35 121
35 124
35 125
35 130
35 131
35 132
35 133
35 134
35 136
35 137
35 138
35 139
35 142
35 143
35 145
35 149
35 152
35 155
35 158
35 159
35 161
35 165
35 166
35 169
35 171
35 172
35 177
36 37
36 41
36 42
36 43
36 44
36 45
36 46
36 47
36 48
36 49
36 52
36 53
36 56
36 57
36 62
36 64
36 65
36 67
36 69
36 70
36 71
36 72
36 73
36 74
36 75
36 77
36 78
36 80
36 82
36 83
36 88
36 89
36 91
36 93
36 95
36 97
36 98
36 99
36 102
36 103
36 106
36 107
36 108
36 109
36 110
36 111
36 112
36 113
36 114
36 115
36 116
36 119
36 120
36 122
36 123
36 125
36 129
36 135
36 140
36 141
36 142
36 143
36 145
36 147
36 148
36 151
36 152
36 153
36 154
36 156
36 158
36 160
36 164
36 166
36 169
36 172
36 173
36 175
36 176
36 177
36 178
36 179
37 38
37 39
37 42
37 44
37 45
37 46
37 47
37 48
37 50
37 51
37 53
37 55
37 56
37 57
37 58
37 60
37 61
37 63
37 65
37 68
37 70
37 71
37 72
37 73
37 75
37 76
37 77
37 78
37 79
37 80
37 85
37 87
37 88
37 92
37 95
37 98
37 99
37 100
37 102
37 104
37 109
37 111
37 113
37 114
37 115
37 116
37 117
37 118
37 119
37 121
37 122
37 127
37 128
37 129
37 130
37 132
37 135
37 136
37 137
37 138
37 139
37 140
37 141
37 143
37 145
37 148
37 150
37 151
37 155
37 156
37 160
37 162
37 163
37 165
37 168
37 170
37 173
37 174
37 175
37 176
38 40
38 42
38 43
38 45
38 48
38 49
38 50
38 51
38 52
38 55
38 56
38 57
38 58
38 59
38 61
38 62
38 63
38 66
38 67
38 72
38 73
38 74
38 76
38 77
38 81
38 85
38 87
38 91
38 92
38 94
38 96
38 97
38 98
38 100
38 101
38 102
38 104
38 106
38 107
38 110
38 112
38 113
38 115
38 116
38 117
38 119
38 120
38 123
38 124
38 125
38 127
38 130
38 132
38 133
38 135
38 136
38 138
38 140
38 141
38 147
38 149
38 150
38 151
38 152
38 154
38 155
38 157
38 158
38 160
38 163
38 166
38 168
38 172
38 173
38 175
38 178
38 179
39 40
39 41
39 42
39 43
39 47
39 48
39 50
39 51
39 52
39 54
39 57
39 58
39 60
39 63
39 65
39 66
39 69
39 70
39 71
39 75
39 78
39 80
39 81
39 83
39 84
39 86
39 87
39 89
39 90
39 92
39 94
39 95
39 96
39 97
39 99
39 100
39 103
39 104
39 105
39 107
39 109
39 110
39 112
39 118
39 120
39 121
39 126
39 128
39 130
39 131
39 134
39 136
39 137
39 140
39 141
39 142
39 143
39 144
39 145
39 146
39 147
39 149
39 150
39 152
39 153
39 154
39 155
39 157
39 158
39 159
39 160
39 161
39 162
39 163
39 166
39 167
39 174
39 176
39 177
39 178
39 179
40 41
40 42
40 43
40 45
40 47
40 49
40 51
40 52
40 53
40 54
40 56
40 57
40 59
40 60
40 61
40 65
40 66
40 68
40 69
40 70
40 71
40 75
40 76
40 81
40 82
40 85
40 87
40 89
40 91
40 92
40 93
40 94
40 95
40 96
40 99
40 100
40 105
40 109
40 110
40 111
40 112
40 113
40 115
40 116
40 118
40 120
40 126
40 127
40 129
40 132
40 134
40 137
40 139
40 140
40 141
40 144
40 145
40 148
40 155
40 156
40 158
40 160
40 162
40 165
40 167
40 169
40 171
40 172
40 177
40 178
40 179
41 43
41 44
41 46
41 49
41 50
41 52
41 53
41 54
41 56
41 57
41 60
41 62
41 65
41 66
41 68
41 72
41 73
41 74
41 75
41 76
41 78
41 80
41 84
41 85
41 87
41 89
41 90
41 91
41 94
41 98
41 99
41 100
41 101
41 103
41 104
41 105
41 107
41 108
41 110
41 111
41 112
41 113
41 115
41 117
41 118
41 120
41 126
41 128
41 129
41 133
41 135
41 138
41 140
41 141
41 147
41 148
41 152
41 154
41 161
41 163
41 169
41 170
41 171
41 173
41 174
41 175
41 177
42 43
42 45
42 47
42 49
42 50
42 51
42 52
42 53
42 54
42 56
42 58
42 62
42 63
42 69
42 70
42 72
42 75
42 76
42 77
42 78
42 81
42 83
42 84
42 85
42 86
42 87
42 88
42 89
42 90
42 96
42 97
42 98
42 104
42 106
42 107
42 111
42 113
42 114
42 115
42 116
42 117
42 118
42 126
42 127
42 130
42 131
42 133
42 135
42 139
42 143
42 144
42 145
42 146
42 151
42 152
42 153
42 154
42 155
42 157
42 158
42 160
42 162
42 163
42 164
42 166
42 167
42 169
42 171
42 172
42 174
42 175
42 176
42 179
43 45
43 47
43 49
43 50
43 53
43 54
43 55
43 59
43 60
43 62
43 64
43 65
43 68
43 70
43 72
43 75
43 80
43 81
43 82
43 84
43 89
43 91
43 93
43 96
43 97
43 98
43 99
43 100
43 101
43 102
43 103
43 105
43 107
43 108
43 109
43 110
43 111
43 112
43 114
43 116
43 118
43 119
43 122
43 124
43 125
43 130
43 132
43 134
43 136
43 137
43 138
43 139
43 140
43 141
43 142
43 143
43 145
43 147
43 149
43 152
43 153
43 154
43 155
43 157
43 160
43 161
43 162
43 164
43 165
43 167
43 168
43 169
43 172
43 174
44 45
44 46
44 47
44 48
44 49
44 51
44 53
44 54
44 56
44 57
44 58
44 59
44 60
44 61
44 65
44 66
44 68
44 71
44 73
44 75
44 76
44 78
44 82
44 83
44 85
44 87
44 88
44 89
44 90
44 91
44 93
44 94
44 103
44 105
44 107
44 108
44 110
44 111
44 113
44 114
44 115
44 116
44 117
44 118
44 120
44 123
44 124
44 125
44 127
44 129
44 132
44 134
44 135
44 137
44 138
44 139
44 140
44 143
44 146
44 148
44 150
44 152
44 154
44 155
44 156
44 161
44 162
44 163
44 164
44 165
44 169
44 171
44 178
45 46
45 47
45 49
45 51
45 52
45 53
45 55
45 56
45 57
45 58
45 61
45 62
45 63
45 65
45 68
45 69
45 70
45 77
45 78
45 81
45 82
45 84
45 89
45 90
45 91
45 95
45 100
45 102
45 103
45 104
45 105
45 107
45 108
45 109
45 111
45 112
45 113
45 114
45 115
45 116
45 119
45 121
45 122
45 123
45 124
45 129
45 130
45 133
45 134
45 139
45 143
45 147
45 148
45 153
45 158
45 161
45 162
45 163
45 164
45 165
45 166
45 169
45 170
45 173
45 178
46 47
46 49
46 53
46 56
46 58
46 60
46 63
46 65
46 67
46 68
46 69
46 72
46 77
46 78
46 79
46 80
46 82
46 84
46 85
46 88
46 89
46 91
46 92
46 94
46 96
46 97
46 99
46 101
46 103
46 104
46 106
46 107
46 108
46 109
46 110
46 111
46 115
46 117
46 119
46 121
46 123
46 124
46 126
46 127
46 129
46 130
46 131
46 133
46 135
46 136
46 138
46 141
46 144
46 145
46 146
46 147
46 148
46 150
46 153
46 155
46 160
46 161
46 162
46 165
46 166
46 172
46 174
46 175
47 49
47 50
47 51
47 53
47 56
47 59
47 61
47 62
47 63
47 64
47 66
47 67
47 69
47 70
47 72
47 73
47 77
47 79
47 80
47 81
47 82
47 83
47 84
47 86
47 88
47 90
47 91
47 94
47 99
47 101
47 104
47 105
47 107
47 108
47 112
47 116
47 120
47 124
47 125
47 127
47 128
47 129
47 130
47 133
47 135
47 137
47 138
47 143
47 147
47 149
47 150
47 151
47 156
47 158
47 159
47 160
47 162
47 164
47 166
47 170
47 171
47 172
47 173
47 177
47 179
48 49
48 50
48 51
48 52
48 53
48 54
48 55
48 58
48 59
48 60
48 61
48 62
48 64
48 67
48 68
48 69
48 70
48 74
48 76
48 77
48 78
48 79
48 80
48 81
48 83
48 85
48 87
48 88
48 94
48 96
48 100
48 102
48 103
48 106
48 107
48 108
48 109
48 110
48 111
48 114
48 115
48 118
48 120
48 121
48 123
48 125
48 127
48 128
48 132
48 136
48 138
48 139
48 140
48 141
48 146
48 147
48 148
48 150
48 151
48 152
48 154
48 158
48 162
48 163
48 164
48 166
48 169
48 172
48 174
48 175
48 179
49 50
49 54
49 57
49 58
49 59
49 60
49 64
49 69
49 71
49 73
49 74
49 75
49 77
49 79
49 80
49 81
49 82
49 84
49 85
49 89
49 90
49 92
49 94
49 96
49 97
49 99
49 101
49 104
49 105
49 107
49 109
49 111
49 112
49 113
49 115
49 116
49 117
49 118
49 121
49 124
49 126
49 127
49 128
49 129
49 130
49 131
49 133
49 134
49 135
49 136
49 137
49 138
49 139
49 140
49 141
49 144
49 145
49 149
49 153
49 156
49 157
49 160
49 164
49 165
49 167
49 168
49 170
49 173
49 178
49 179
50 51
50 52
50 53
50 54
50 56
50 58
50 59
50 61
50 62
50 63
50 64
50 65
50 67
50 79
50 80
50 82
50 83
50 84
50 85
50 86
50 87
50 90
50 92
50 93
50 94
50 95
50 99
50 101
50 105
50 106
50 108
50 110
50 112
50 113
50 114
50 115
50 116
50 119
50 122
50 127
50 128
50 132
50 133
50 136
50 137
50 141
50 145
50 148
50 149
50 150
50 152
50 154
50 162
50 165
50 166
50 169
50 171
50 174
50 176
50 179
51 52
51 53
51 54
51 55
51 57
51 58
51 61
51 66
51 67
51 68
51 69
51 71
51 72
51 74
51 75
51 76
51 78
51 80
51 81
51 83
51 86
51 87
51 88
51 90
51 93
51 94
51 95
51 97
51 98
51 100
51 101
51 104
51 105
51 106
51 108
51 109
51 110
51 112
51 116
51 117
51 120
51 121
51 123
51 129
51 131
51 136
51 142
51 143
51 145
51 147
51 148
51 149
51 150
51 151
51 152
51 156
51 157
51 159
51 161
51 163
51 169
51 171
51 172
51 174
51 175
51 176
51 177
51 179
52 56
52 57
52 59
52 60
52 61
52 62
52 65
52 66
52 67
52 71
52 74
52 75
52 76
52 77
52 80
52 81
52 82
52 83
52 85
52 86
52 87
52 88
52 89
52 91
52 93
52 95
52 96
52 97
52 98
52 101
52 103
52 104
52 105
52 106
52 107
52 109
52 110
52 111
52 112
52 113
52 117
52 126
52 128
52 129
52 130
52 133
52 134
52 137
52 139
52 141
52 142
52 148
52 149
52 151
52 152
52 157
52 159
52 166
52 168
52 169
52 170
52 174
52 175
52 178
52 179
53 58
53 62
53 63
53 64
53 67
53 70
53 71
53 72
53 73
53 74
53 75
53 77
53 78
53 79
53 80
53 81
53 82
53 84
53 85
53 87
53 88
53 90
53 92
53 93
53 96
53 97
53 100
53 101
53 102
53 104
53 105
53 106
53 109
53 111
53 112
53 114
53 115
53 116
53 118
53 119
53 120
53 121
53 123
53 125
53 130
53 134
53 137
53 139
53 145
53 146
53 151
53 152
53 153
53 155
53 160
53 162
53 163
53 164
53 165
53 166
53 170
53 172
53 173
53 174
53 175
53 176
54 56
54 59
54 62
54 63
54 64
54 66
54 69
54 70
54 71
54 72
54 74
54 77
54 80
54 83
54 84
54 85
54 86
54 87
54 89
54 93
54 97
54 100
54 101
54 102
54 103
54 106
54 107
54 109
54 110
54 111
54 112
54 113
54 117
54 121
54 123
54 124
54 125
54 126
54 129
54 130
54 132
54 134
54 135
54 137
54 138
54 139
54 140
54 144
54 145
54 149
54 150
54 153
54 154
54 155
54 156
54 159
54 161
54 162
54 164
54 166
54 167
54 171
54 173
54 176
55 58
55 59
55 60
55 61
55 62
55 63
55 65
55 70
55 73
55 74
55 75
55 76
55 77
55 79
55 80
55 82
55 83
55 84
55 86
55 88
55 89
55 93
55 94
55 96
55 98
55 99
55 103
55 106
55 107
55 108
55 111
55 113
55 115
55 117
55 118
55 119
55 120
55 121
55 123
55 124
55 125
55 128
55 129
55 131
55 132
55 133
55 135
55 136
55 137
55 140
55 143
55 144
55 145
55 146
55 149
55 150
55 151
55 153
55 154
55 156
55 159
55 161
55 169
55 171
55 172
55 173
55 174
55 175
55 176
55 179
56 61
56 62
56 66
56 69
56 71
56 73
56 74
56 75
56 78
56 81
56 84
56 85
56 86
56 87
56 88
56 90
56 91
56 93
56 94
56 97
56 98
56 99
56 100
56 101
56 102
56 104
56 105
56 107
56 109
56 113
56 114
56 116
56 120
56 121
56 122
56 125
56 126
56 129
56 131
56 132
56 133
56 136
56 141
56 143
56 144
56 145
56 146
56 148
56 149
56 150
56 152
56 154
56 155
56 157
56 159
56 162
56 164
56 166
56 167
56 170
56 172
56 173
56 178
56 179
57 59
57 60
57 61
57 64
57 67
57 69
57 71
57 72
57 74
57 76
57 77
57 78
57 81
57 86
57 89
57 90
57 93
57 94
57 96
57 97
57 98
57 99
57 100
57 101
57 103
57 105
57 106
57 111
57 112
57 113
57 115
57 119
57 122
57 124
57 125
57 126
57 128
57 130
57 131
57 133
57 134
57 135
57 137
57 139
57 141
57 144
57 146
57 148
57 149
57 150
57 151
57 153
57 154
57 155
57 156
57 159
57 161
57 164
57 167
57 172
57 177
57 178
57 179
58 60
58 62
58 63
58 64
58 65
58 66
58 67
58 68
58 69
58 70
58 71
58 73
58 74
58 76
58 77
58 84
58 85
58 87
58 89
58 97
58 98
58 99
58 101
58 103
58 104
58 105
58 109
58 110
58 119
58 120
58 121
58 130
58 131
58 132
58 134
58 135
58 136
58 137
58 139
58 143
58 145
58 147
58 149
58 152
58 159
58 160
58 161
58 163
58 164
58 165
58 166
58 168
58 169
58 176
58 177
58 178
58 179
59 60
59 61
59 63
59 64
59 67
59 70
59 71
59 75
59 76
59 77
59 79
59 82
59 83
59 84
59 86
59 87
59 88
59 89
59 95
59 98
59 99
59 100
59 101
59 102
59 104
59 106
59 107
59 108
59 112
59 114
59 115
59 117
59 122
59 123
59 125
59 127
59 129
59 130
59 135
59 139
59 140
59 141
59 142
59 143
59 144
59 146
59 147
59 148
59 150
59 151
59 156
59 158
59 160
59 161
59 163
59 164
59 165
59 170
59 172
59 173
59 174
59 177
60 63
60 64
60 65
60 66
60 67
60 68
60 69
60 71
60 73
60 74
60 75
60 76
60 77
60 79
60 80
60 81
60 82
60 83
60 84
60 87
60 91
60 93
60 95
60 97
60 99
60 100
60 106
60 107
60 109
60 110
60 111
60 112
60 114
60 115
60 116
60 119
60 120
60 122
60 124
60 125
60 127
60 128
60 130
60 131
60 133
60 134
60 135
60 140
60 142
60 143
60 145
60 146
60 147
60 148
60 149
60 152
60 153
60 154
60 155
60 157
60 158
60 162
60 164
60 170
60 173
60 175
60 176
60 177
60 178
61 62
61 63
61 64
61 65
61 66
61 67
61 68
61 71
61 72
61 74
61 80
61 83
61 89
61 90
61 96
61 97
61 98
61 102
61 103
61 105
61 106
61 107
61 109
61 111
61 112
61 114
61 115
61 116
61 120
61 122
61 124
61 125
61 126
61 127
61 129
61 131
61 132
61 135
61 137
61 139
61 142
61 143
61 144
61 145
61 147
61 148
61 149
61 150
61 153
61 154
61 155
61 156
61 157
61 158
61 161
61 162
61 163
61 166
61 171
62 63
62 64
62 68
62 70
62 71
62 73
62 75
62 76
62 77
62 79
62 80
62 82
62 83
62 84
62 85
62 87
62 88
62 89
62 90
62 93
62 94
62 98
62 102
62 103
62 104
62 105
62 106
62 108
62 109
62 110
62 112
62 114
62 115
62 118
62 121
62 123
62 124
62 125
62 126
62 128
62 130
62 131
62 132
62 135
62 136
62 140
62 141
62 142
62 145
62 147
62 151
62 154
62 156
62 160
62 162
62 163
62 166
62 167
62 170
62 174
62 175
62 176
62 177
62 178
63 64
63 65
63 66
63 67
63 68
63 73
63 74
63 75
63 76
63 78
63 79
63 81
63 84
63 85
63 86
63 90
63 91
63 92
63 95
63 98
63 104
63 105
63 106
63 107
63 110
63 111
63 113
63 119
63 120
63 121
63 125
63 126
63 128
63 132
63 135
63 138
63 139
63 140
63 142
63 143
63 146
63 151
63 152
63 154
63 156
63 159
63 161
63 162
63 164
63 174
63 176
63 178
64 68
64 69
64 70
64 71
64 73
64 74
64 77
64 79
64 80
64 82
64 83
64 84
64 85
64 87
64 89
64 91
64 93
64 97
64 98
64 100
64 101
64 102
64 104
64 105
64 108
64 110
64 112
64 115
64 117
64 118
64 119
64 121
64 122
64 126
64 128
64 129
64 130
64 131
64 137
64 139
64 140
64 141
64 142
64 144
64 145
64 146
64 147
64 148
64 149
64 152
64 153
64 154
64 157
64 160
64 163
64 167
64 171
64 172
64 173
64 174
64 175
64 177
65 73
65 75
65 76
65 78
65 79
65 80
65 82
65 83
65 87
65 89
65 90
65 92
65 94
65 96
65 97
65 99
65 101
65 104
65 106
65 108
65 109
65 111
65 112
65 114
65 117
65 120
65 122
65 123
65 124
65 127
65 130
65 131
65 132
65 138
65 139
65 140
65 142
65 144
65 148
65 149
65 150
65 157
65 159
65 160
65 162
65 163
65 167
65 171
65 173
65 175
65 177
66 67
66 69
66 70
66 71
66 73
66 75
66 77
66 81
66 83
66 85
66 87
66 88
66 91
66 92
66 95
66 100
66 102
66 104
66 106
66 108
66 110
66 112
66 113
66 123
66 124
66 127
66 132
66 133
66 134
66 136
66 138
66 143
66 144
66 145
66 146
66 150
66 154
66 156
66 159
66 162
66 163
66 165
66 167
66 170
66 171
66 173
66 174
66 175
66 178
67 69
67 70
67 72
67 75
67 77
67 78
67 81
67 82
67 83
67 84
67 90
67 91
67 92
67 93
67 94
67 95
67 96
67 98
67 100
67 102
67 103
67 104
67 108
67 110
67 111
67 112
67 114
67 115
67 116
67 118
67 119
67 120
67 122
67 123
67 124
67 125
67 127
67 132
67 137
67 138
67 139
67 141
67 142
67 146
67 148
67 149
67 151
67 153
67 155
67 158
67 159
67 164
67 166
67 167
67 168
67 171
67 173
67 175
67 177
68 70
68 73
68 74
68 76
68 77
68 79
68 81
68 83
68 84
68 88
68 89
68 90
68 91
68 92
68 95
68 96
68 97
68 98
68 99
68 100
68 101
68 104
68 105
68 107
68 109
68 110
68 113
68 114
68 115
68 116
68 117
68 119
68 122
68 124
68 125
68 127
68 128
68 129
68 131
68 132
68 134
68 139
68 142
68 144
68 148
68 149
68 151
68 153
68 155
68 156
68 161
68 168
68 170
68 175
68 179
69 71
69 73
69 76
69 77
69 78
69 79
69 81
69 83
69 84
69 85
69 86
69 87
69 88
69 89
69 91
69 92
69 95
69 98
69 101
69 102
69 108
69 109
69 110
69 111
69 112
69 114
69 115
69 119
69 121
69 122
69 124
69 125
69 126
69 128
69 129
69 130
69 136
69 139
69 141
69 143
69 145
69 147
69 148
69 150
69 153
69 157
69 158
69 159
69 160
69 162
69 164
69 166
69 167
69 168
69 169
69 172
69 173
69 174
69 175
69 176
70 71
70 72
70 73
70 74
70 76
70 77
70 78
70 80
70 83
70 84
70 87
70 93
70 96
70 98
70 100
70 102
70 103
70 104
70 105
70 108
70 111
70 112
70 115
70 118
70 119
70 122
70 127
70 128
70 134
70 136
70 142
70 143
70 147
70 149
70 151
70 155
70 157
70 158
70 160
70 161
70 163
70 164
70 165
70 169
70 171
70 172
70 174
70 175
70 177
70 179
71 72
71 77
71 78
71 82
71 85
71 86
71 89
71 90
71 92
71 94
71 96
71 97
71 100
71 103
71 104
71 105
71 106
71 107
71 108
71 110
71 113
71 122
71 123
71 124
71 126
71 129
71 130
71 132
71 135
71 136
71 138
71 139
71 140
71 141
71 146
71 148
71 149
71 150
71 152
71 154
71 155
71 156
71 157
71 158
71 162
71 165
71 166
71 167
71 169
71 171
71 172
71 174
71 177
71 179
72 73
72 74
72 75
72 76
72 77
72 78
72 79
72 80
72 84
72 85
72 86
72 87
72 88
72 92
72 93
72 94
72 97
72 99
72 100
72 108
72 111
72 113
72 114
72 116
72 119
72 121
72 122
72 123
72 125
72 127
72 128
72 130
72 131
72 132
72 133
72 134
72 138
72 141
72 143
72 150
72 151
72 152
72 153
72 156
72 158
72 160
72 162
72 163
72 164
72 165
72 168
72 169
72 171
72 172
72 173
72 174
72 176
73 74
73 78
73 79
73 81
73 82
73 83
73 86
73 87
73 88
73 90
73 94
73 95
73 98
73 99
73 102
73 104
73 105
73 107
73 108
73 109
73 110
73 113
73 116
73 118
73 122
73 124
73 127
73 128
73 129
73 131
73 138
73 140
73 152
73 153
73 155
73 156
73 160
73 164
73 168
73 172
73 175
73 177
73 178
73 179
74 75
74 76
74 77
74 79
74 80
74 83
74 85
74 87
74 89
74 90
74 91
74 94
74 95
74 97
74 99
74 104
74 105
74 110
74 114
74 116
74 118
74 122
74 124
74 125
74 126
74 128
74 129
74 132
74 133
74 134
74 136
74 137
74 139
74 140
74 143
74 144
74 145
74 146
74 148
74 149
74 150
74 151
74 152
74 155
74 156
74 157
74 163
74 165
74 166
74 167
74 170
74 172
74 174
74 175
74 177
74 178
74 179
75 77
75 82
75 83
75 84
75 89
75 90
75 95
75 98
75 100
75 102
75 103
75 106
75 107
75 110
75 113
75 114
75 115
75 116
75 117
75 119
75 126
75 127
75 130
75 131
75 132
75 135
75 138
75 142
75 143
75 146
75 147
75 148
75 150
75 151
75 152
75 155
75 157
75 158
75 160
75 162
75 163
75 164
75 168
75 169
75 171
75 175
75 176
75 179
76 77
76 79
76 81
76 82
76 83
76 85
76 87
76 88
76 90
76 92
76 93
76 94
76 98
76 99
76 100
76 101
76 102
76 104
76 109
76 111
76 112
76 113
76 115
76 116
76 119
76 121
76 122
76 124
76 125
76 126
76 127
76 131
76 132
76 133
76 134
76 137
76 142
76 143
76 145
76 148
76 152
76 154
76 155
76 156
76 157
76 160
76 161
76 164
76 165
76 170
76 173
77 81
77 83
77 84
77 85
77 88
77 89
77 90
77 93
77 94
77 95
77 96
77 97
77 99
77 101
77 102
77 105
77 107
77 108
77 109
77 110
77 112
77 113
77 115
77 116
77 117
77 119
77 122
77 124
77 125
77 126
77 128
77 131
77 132
77 134
77 137
77 138
77 140
77 146
77 147
77 150
77 152
77 154
77 156
77 157
77 164
77 165
77 166
77 169
77 174
77 175
77 179
78 79
78 80
78 82
78 83
78 86
78 87
78 92
78 93
78 94
78 96
78 97
78 98
78 101
78 103
78 104
78 105
78 106
78 110
78 112
78 115
78 119
78 120
78 126
78 128
78 131
78 132
78 138
78 140
78 142
78 145
78 148
78 151
78 152
78 153
78 154
78 155
78 156
78 158
78 162
78 164
78 166
78 167
78 170
78 177
78 178
79 80
79 84
79 85
79 88
79 90
79 92
79 93
79 96
79 99
79 100
79 101
79 102
79 103
79 105
79 108
79 110
79 111
79 112
79 114
79 115
79 117
79 118
79 119
79 126
79 128
79 130
79 132
79 133
79 134
79 135
79 136
79 140
79 141
79 145
79 148
79 149
79 156
79 159
79 160
79 161
79 165
79 167
79 168
79 169
79 172
79 173
79 178
80 81
80 83
80 84
80 86
80 88
80 89
80 91
80 92
80 95
80 97
80 98
80 99
80 100
80 101
80 102
80 104
80 116
80 117
80 118
80 119
80 121
80 126
80 127
80 128
80 129
80 130
80 132
80 133
80 134
80 139
80 141
80 146
80 148
80 149
80 151
80 154
80 157
80 159
80 164
80 166
80 167
80 172
80 174
80 175
80 177
80 178
81 84
81 86
81 87
81 88
81 89
81 91
81 94
81 96
81 97
81 100
81 101
81 103
81 104
81 105
81 107
81 109
81 111
81 112
81 114
81 115
81 116
81 118
81 125
81 126
81 128
81 131
81 134
81 142
81 150
81 151
81 155
81 158
81 159
81 160
81 162
81 165
81 166
81 168
81 170
81 171
81 173
81 175
81 177
81 178
82 87
82 90
82 91
82 96
82 98
82 99
82 100
82 102
82 103
82 104
82 105
82 112
82 117
82 122
82 123
82 124
82 125
82 128
82 130
82 134
82 138
82 142
82 145
82 146
82 147
82 149
82 151
82 152
82 154
82 155
82 158
82 159
82 160
82 162
82 165
82 167
82 169
82 170
82 172
82 173
82 174
82 178
83 84
83 85
83 86
83 88
83 89
83 94
83 96
83 102
83 107
83 108
83 111
83 112
83 113
83 114
83 115
83 116
83 117
83 118
83 119
83 121
83 125
83 131
83 133
83 134
83 136
83 139
83 140
83 141
83 142
83 143
83 145
83 147
83 148
83 150
83 153
83 158
83 164
83 165
83 166
83 169
83 170
83 172
83 174
83 178
84 85
84 86
84 87
84 90
84 91
84 93
84 94
84 96
84 99
84 100
84 103
84 106
84 107
84 110
84 111
84 112
84 113
84 114
84 115
84 116
84 117
84 118
84 119
84 122
84 125
84 126
84 129
84 133
84 135
84 136
84 137
84 139
84 149
84 150
84 154
84 155
84 157
84 158
84 159
84 160
84 167
84 172
84 173
84 176
84 179
85 86
85 90
85 93
85 95
85 97
85 98
85 99
85 101
85 106
85 109
85 112
85 113
85 114
85 115
85 116
85 118
85 120
85 123
85 124
85 125
85 129
85 130
85 131
85 132
85 135
85 138
85 139
85 140
85 141
85 144
85 151
85 154
85 156
85 157
85 161
85 163
85 164
85 169
85 170
85 173
86 87
86 91
86 94
86 95
86 96
86 100
86 106
86 107
86 108
86 109
86 111
86 112
86 113
86 118
86 120
86 121
86 122
86 123
86 131
86 133
86 134
86 136
86 139
86 140
86 141
86 143
86 144
86 146
86 148
86 149
86 150
86 151
86 153
86 156
86 158
86 160
86 161
86 162
86 165
86 167
86 168
86 170
86 171
86 172
86 173
86 174
86 176
86 178
87 89
87 91
87 92
87 93
87 95
87 97
87 98
87 100
87 101
87 103
87 105
87 106
87 107
87 109
87 115
87 117
87 118
87 119
87 122
87 123
87 126
87 130
87 134
87 135
87 136
87 137
87 138
87 139
87 140
87 143
87 144
87 145
87 147
87 148
87 149
87 150
87 155
87 156
87 165
87 166
87 168
87 169
87 175
88 90
88 92
88 95
88 97
88 101
88 102
88 104
88 105
88 106
88 107
88 108
88 113
88 115
88 116
88 118
88 121
88 122
88 124
88 125
88 126
88 128
88 130
88 133
88 138
88 139
88 143
88 144
88 145
88 146
88 150
88 151
88 153
88 154
88 155
88 160
88 162
88 164
88 166
88 170
88 171
88 172
88 174
88 176
89 93
89 96
89 98
89 104
89 105
89 108
89 113
89 115
89 121
89 124
89 126
89 127
89 131
89 133
89 134
89 136
89 137
89 138
89 141
89 143
89 144
89 145
89 147
89 148
89 150
89 153
89 155
89 157
89 158
89 159
89 160
89 162
89 167
89 168
89 169
89 170
89 176
89 178
90 92
90 95
90 96
90 99
90 101
90 106
90 110
90 111
90 112
90 113
90 116
90 118
90 122
90 127
90 128
90 130
90 132
90 133
90 134
90 136
90 140
90 141
90 147
90 148
90 150
90 156
90 157
90 161
90 162
90 163
90 164
90 171
90 172
90 173
90 174
90 177
90 179
91 94
91 99
91 102
91 104
91 105
91 107
91 108
91 109
91 110
91 112
91 113
91 114
91 117
91 120
91 121
91 123
91 124
91 126
91 127
91 128
91 130
91 131
91 135
91 139
91 140
91 142
91 145
91 146
91 151
91 152
91 153
91 154
91 160
91 161
91 163
91 172
91 174
91 177
92 94
92 97
92 101
92 103
92 104
92 105
92 107
92 109
92 114
92 115
92 117
92 118
92 119
92 120
92 121
92 124
92 128
92 129
92 130
92 131
92 133
92 137
92 139
92 140
92 142
92 145
92 151
92 153
92 156
92 157
92 161
92 163
92 164
92 168
92 169
92 173
92 174
92 176
92 178
92 179
93 95
93 100
93 101
93 102
93 103
93 106
93 107
93 108
93 109
93 115
93 120
93 123
93 124
93 125
93 126
93 128
93 129
93 130
93 132
93 134
93 141
93 143
93 144
93 145
93 147
93 148
93 150
93 155
93 157
93 161
93 163
93 164
93 165
93 167
93 170
93 173
93 177
93 178
94 97
94 98
94 99
94 101
94 103
94 104
94 107
94 109
94 110
94 111
94 116
94 118
94 120
94 122
94 132
94 133
94 134
94 135
94 137
94 138
94 140
94 141
94 143
94 144
94 146
94 149
94 150
94 151
94 155
94 159
94 161
94 164
94 165
94 166
94 167
94 172
94 173
94 174
94 176
94 177
95 97
95 98
95 103
95 105
95 109
95 111
95 114
95 115
95 116
95 117
95 118
95 122
95 123
95 125
95 128
95 130
95 131
95 133
95 135
95 136
95 137
95 138
95 142
95 146
95 147
95 149
95 150
95 154
95 157
95 158
95 159
95 161
95 162
95 163
95 165
95 167
95 168
95 169
95 170
95 171
95 175
95 178
95 179
96 99
96 102
96 107
96 108
96 109
96 111
96 112
96 113
96 114
96 115
96 116
96 118
96 119
96 121
96 123
96 124
96 125
96 126
96 129
96 130
96 135
96 136
96 137
96 138
96 141
96 144
96 145
96 147
96 149
96 150
96 153
96 154
96 155
96 156
96 159
96 161
96 166
96 167
96 170
96 171
96 172
96 175
96 176
96 178
96 179
97 99
97 101
97 102
97 108
97 109
97 110
97 112
97 114
97 116
97 118
97 119
97 121
97 122
97 123
97 124
97 127
97 128
97 129
97 130
97 131
97 134
97 136
97 140
97 141
97 142
97 143
97 146
97 147
97 150
97 151
97 152
97 153
97 154
97 155
97 156
97 165
97 166
97 167
97 170
97 174
97 175
97 177
98 101
98 102
98 105
98 106
98 115
98 117
98 118
98 121
98 125
98 129
98 130
98 131
98 132
98 134
98 136
98 137
98 141
98 143
98 144
98 146
98 149
98 150
98 152
98 153
98 157
98 160
98 161
98 164
98 169
98 170
98 172
98 173
98 179
99 102
99 103
99 104
99 109
99 110
99 113
99 116
99 117
99 122
99 123
99 125
99 126
99 127
99 128
99 129
99 130
99 132
99 133
99 135
99 137
99 138
99 140
99 141
99 144
99 145
99 147
99 148
99 151
99 153
99 154
99 157
99 171
99 173
99 174
99 175
99 178
99 179
100 103
100 107
100 109
100 110
100 112
100 113
100 114
100 116
100 117
100 120
100 121
100 124
100 127
100 128
100 129
100 130
100 135
100 138
100 144
100 146
100 147
100 150
100 152
100 153
100 154
100 155
100 156
100 158
100 161
100 164
100 167
100 168
100 171
100 172
100 176
101 102
101 103
101 104
101 105
101 108
101 111
101 113
101 116
101 117
101 119
101 121
101 124
101 127
101 133
101 135
101 137
101 138
101 146
101 153
101 155
101 157
101 158
101 159
101 160
101 162
101 164
101 165
101 166
101 168
101 169
101 170
101 171
101 173
101 175
101 176
101 178
102 105
102 108
102 110
102 112
102 119
102 120
102 121
102 125
102 127
102 131
102 132
102 133
102 135
102 139
102 141
102 146
102 147
102 148
102 150
102 152
102 155
102 160
102 161
102 163
102 166
102 168
102 169
102 171
102 172
102 173
102 175
102 176
103 104
103 105
103 107
103 108
103 109
103 111
103 112
103 115
103 116
103 118
103 120
103 122
103 123
103 125
103 127
103 129
103 130
103 132
103 133
103 134
103 136
103 137
103 139
103 143
103 146
103 147
103 155
103 156
103 157
103 160
103 162
103 164
103 165
103 166
103 167
103 172
103 177
103 178
103 179
104 105
104 106
104 109
104 112
104 113
104 115
104 116
104 117
104 120
104 121
104 125
104 126
104 128
104 129
104 131
104 135
104 136
104 137
104 140
104 152
104 158
104 159
104 163
104 168
104 169
104 171
104 175
105 106
105 108
105 111
105 113
105 114
105 115
105 117
105 121
105 123
105 124
105 126
105 128
105 129
105 132
105 135
105 137
105 138
105 139
105 145
105 152
105 155
105 156
105 162
105 165
105 166
105 167
105 168
105 170
105 172
105 173
105 175
105 178
106 109
106 111
106 115
106 116
106 117
106 122
106 123
106 125
106 127
106 133
106 134
106 135
106 138
106 140
106 142
106 147
106 148
106 149
106 151
106 152
106 153
106 154
106 155
106 157
106 158
106 168
106 169
106 170
106 171
106 173
106 174
106 175
106 176
106 179
107 110
107 111
107 119
107 121
107 122
107 123
107 124
107 126
107 128
107 131
107 132
107 133
107 135
107 136
107 138
107 140
107 143
107 146
107 147
107 148
107 149
107 151
107 152
107 153
107 157
107 161
107 162
107 164
107 165
107 173
107 174
107 179
108 111
108 112
108 114
108 116
108 117
108 121
108 124
108 126
108 132
108 133
108 134
108 136
108 138
108 145
108 148
108 149
108 151
108 152
108 156
108 160
108 166
108 167
108 168
108 170
108 175
108 176
108 178
109 112
109 114
109 115
109 119
109 126
109 127
109 129
109 130
109 131
109 133
109 134
109 137
109 142
109 144
109 146
109 147
109 148
109 150
109 151
109 152
109 153
109 154
109 158
109 162
109 170
109 172
109 174
109 177
110 113
110 114
110 119
110 120
110 124
110 125
110 126
110 127
110 130
110 135
110 136
110 138
110 139
110 140
110 141
110 142
110 145
110 147
110 149
110 153
110 162
110 163
110 170
110 171
110 173
110 176
110 177
110 178
110 179
111 113
111 115
111 118
111 120
111 122
111 123
111 124
111 125
111 126
111 129
111 130
111 131
111 135
111 140
111 142
111 144
111 146
111 150
111 151
111 154
111 156
111 158
111 163
111 165
111 168
111 169
111 171
111 174
111 176
111 177
111 178
112 114
112 115
112 119
112 121
112 123
112 125
112 127
112 128
112 129
112 132
112 134
112 138
112 142
112 144
112 145
112 146
112 147
112 150
112 156
112 158
112 160
112 163
112 168
112 171
112 174
112 179
113 114
113 117
113 118
113 119
113 120
113 122
113 123
113 124
113 125
113 127
113 128
113 132
113 133
113 134
113 136
113 137
113 138
113 139
113 142
113 143
113 144
113 151
113 153
113 154
113 158
113 161
113 163
113 164
113 168
113 170
113 171
113 172
113 175
113 179
114 115
114 119
114 123
114 127
114 130
114 132
114 139
114 141
114 143
114 144
114 146
114 151
114 152
114 154
114 158
114 166
114 168
114 169
114 171
114 173
114 174
114 176
114 177
114 178
114 179
115 116
115 118
115 120
115 121
115 125
115 126
115 130
115 133
115 135
115 137
115 140
115 141
115 142
115 143
115 147
115 148
115 149
115 150
115 154
115 159
115 162
115 167
115 170
115 178
115 179
116 119
116 122
116 123
116 127
116 132
116 134
116 135
116 136
116 137
116 140
116 141
116 145
116 147
116 149
116 154
116 155
116 157
116 163
116 169
116 172
116 176
116 178
116 179
117 118
117 120
117 121
117 123
117 125
117 126
117 128
117 130
117 133
117 135
117 138
117 139
117 145
117 146
117 148
117 157
117 160
117 161
117 164
117 167
117 168
117 169
117 170
117 173
117 175
117 177
117 179
118 120
118 122
118 125
118 132
118 134
118 136
118 137
118 140
118 141
118 142
118 143
118 146
118 149
118 151
118 152
118 153
118 154
118 156
118 158
118 165
118 171
118 174
118 175
119 122
119 123
119 124
119 126
119 127
119 131
119 133
119 137
119 140
119 141
119 142
119 143
119 146
119 149
119 152
119 153
119 155
119 156
119 158
119 159
119 160
119 161
119 163
119 164
119 166
119 168
119 178
119 179
120 121
120 122
120 125
120 126
120 127
120 133
120 136
120 138
120 139
120 140
120 141
120 142
120 144
120 147
120 149
120 155
120 159
120 160
120 162
120 164
120 171
120 172
120 173
120 174
120 176
120 177
120 178
120 179
121 122
121 124
121 128
121 132
121 140
121 142
121 143
121 147
121 148
121 150
121 153
121 155
121 158
121 159
121 161
121 163
121 164
121 165
121 166
121 167
121 171
121 177
121 178
122 124
122 125
122 126
122 127
122 128
122 134
122 135
122 140
122 144
122 148
122 149
122 156
122 159
122 160
122 161
122 163
122 165
122 166
122 168
122 171
122 175
122 176
122 177
122 179
123 126
123 133
123 134
123 136
123 137
123 138
123 139
123 141
123 142
123 144
123 146
123 148
123 161
123 163
123 167
123 168
123 169
123 171
123 172
123 173
123 175
123 176
123 179
124 125
124 129
124 131
124 133
124 134
124 135
124 141
124 143
124 144
124 146
124 147
124 150
124 151
124 153
124 157
124 159
124 161
124 163
124 166
124 169
124 170
124 173
124 174
124 177
125 126
125 127
125 128
125 130
125 131
125 132
125 137
125 140
125 145
125 150
125 153
125 154
125 155
125 159
125 162
125 165
125 167
125 169
125 170
125 173
125 176
125 179
126 128
126 130
126 133
126 134
126 137
126 139
126 143
126 144
126 147
126 149
126 153
126 154
126 160
126 165
126 167
126 169
126 170
126 171
126 176
126 177
127 130
127 131
127 136
127 137
127 138
127 139
127 141
127 142
127 143
127 144
127 146
127 149
127 153
127 154
127 155
127 157
127 168
127 170
127 172
127 173
127 178
128 129
128 130
128 137
128 141
128 142
128 143
128 144
128 145
128 146
128 147
128 149
128 150
128 152
128 153
128 157
128 160
128 161
128 168
128 170
128 171
128 176
129 130
129 131
129 132
129 133
129 135
129 137
129 138
129 149
129 151
129 153
129 157
129 161
129 162
129 164
129 167
129 168
129 169
129 171
129 172
129 176
129 177
130 135
130 137
130 138
130 143
130 144
130 148
130 151
130 152
130 154
130 155
130 157
130 159
130 161
130 169
130 172
130 174
130 175
130 176
130 177
131 132
131 134
131 135
131 137
131 138
131 144
131 146
131 147
131 149
131 155
131 158
131 162
131 163
131 164
131 167
131 168
131 169
131 174
131 177
132 134
132 146
132 148
132 151
132 156
132 157
132 158
132 159
132 167
132 170
132 172
132 173
133 135
133 136
133 139
133 140
133 149
133 152
133 153
133 154
133 159
133 162
133 163
133 167
133 170
133 179
134 135
134 136
134 137
134 138
134 139
134 143
134 145
134 146
134 149
134 153
134 157
134 158
134 160
134 162
134 167
134 168
134 173
134 177
134 179
135 138
135 143
135 145
135 147
135 152
135 154
135 157
135 160
135 162
135 165
135 167
135 168
135 170
135 171
135 175
135 176
135 178
136 139
136 140
136 145
136 148
136 150
136 152
136 158
136 159
136 160
136 164
136 166
136 167
136 168
136 169
136 174
136 175
136 177
136 178
136 179
137 141
137 142
137 144
137 145
137 148
137 149
137 151
137 153
137 155
137 158
137 159
137 164
137 165
137 168
137 169
137 170
137 171
137 172
137 179
138 139
138 140
138 141
138 142
138 146
138 148
138 150
138 152
138 154
138 155
138 158
138 161
138 164
138 171
138 174
139 140
139 142
139 143
139 144
139 145
139 146
139 148
139 153
139 157
139 164
139 165
139 167
139 169
139 171
139 173
139 174
139 178
139 179
140 141
140 142
140 143
140 147
140 148
140 151
140 159
140 161
140 163
140 164
140 167
140 169
140 170
140 172
140 176
140 177
141 142
141 143
141 147
141 148
141 151
141 153
141 156
141 158
141 161
141 162
141 167
141 168
142 144
142 149
142 151
142 152
142 154
142 159
142 161
142 163
142 166
142 168
142 170
142 171
142 173
142 174
142 176
142 177
142 178
143 144
143 145
143 151
143 152
143 154
143 155
143 156
143 157
143 164
143 167
143 168
143 171
143 174
144 146
144 147
144 148
144 150
144 155
144 158
144 164
144 167
144 168
144 170
144 173
144 174
144 175
144 176
144 177
144 179
145 147
145 151
145 154
145 160
145 162
145 165
145 166
145 168
145 169
145 170
145 173
145 177
145 178
146 149
146 150
146 158
146 163
146 169
146 176
146 177
146 178
146 179
147 149
147 153
147 154
147 159
147 162
147 164
147 165
147 167
147 169
147 178
148 149
148 151
148 152
148 155
148 164
148 166
148 167
148 169
148 178
149 150
149 151
149 153
149 158
149 160
149 161
149 162
149 165
149 172
149 175
149 177
150 152
150 157
150 160
150 162
150 168
150 169
150 172
150 176
150 177
151 153
151 154
151 157
151 164
151 165
151 170
151 171
151 173
151 179
152 155
152 159
152 165
152 167
152 178
152 179
153 158
153 164
153 165
153 168
153 169
153 171
153 176
153 178
154 156
154 157
154 165
154 169
154 170
154 172
154 173
154 174
154 175
154 176
154 179
155 156
155 159
155 160
155 161
155 162
155 163
155 166
155 167
155 170
155 174
155 176
156 157
156 159
156 160
156 161
156 162
156 163
156 165
156 166
156 168
156 170
156 171
156 173
156 176
157 158
157 162
157 166
157 168
157 169
157 170
157 171
157 176
157 177
157 178
158 160
158 161
158 162
158 163
158 166
158 167
158 169
158 170
158 175
158 179
159 160
159 161
159 162
159 163
159 166
159 168
159 170
159 173
159 175
160 161
160 162
160 163
160 171
160 175
160 177
160 178
161 165
161 166
161 168
161 172
161 173
161 174
161 175
161 177
161 178
162 163
162 164
162 166
162 170
162 173
162 175
163 165
163 170
163 171
163 174
163 175
163 178
163 179
164 165
164 166
164 169
164 175
164 179
165 166
165 170
165 174
165 176
165 177
165 178
166 169
166 170
166 174
167 168
167 172
167 173
168 176
168 177
169 177
169 179
170 171
170 175
170 178
171 172
171 179
172 177
172 178
173 175
173 176
173 177
174 175
174 179
175 176
175 177
176 178
176 179
178 179
