180
0 1
0 2
0 11
0 27
0 38
0 72
0 80
0 100
0 166
1 3
1 5
1 7
1 8
1 10
1 35
1 57
2 4
2 18
2 31
2 54
2 71
2 124
3 9
3 16
3 42
3 155
4 12
4 13
4 157
5 6
5 14
5 20
5 51
5 115
6 30
6 32
6 33
6 58
7 17
7 42
7 126
7 166
8 70
8 107
8 134
8 159
9 19
9 24
9 39
9 47
9 104
9 125
9 142
9 149
10 22
10 23
10 155
10 161
11 133
11 175
12 25
12 28
12 31
12 48
12 49
12 61
12 71
12 152
13 52
13 99
13 135
14 15
14 99
14 132
15 21
15 89
15 146
15 161
16 26
16 87
16 130
17 108
18 62
18 103
19 56
19 60
20 119
20 173
21 34
21 77
22 40
22 41
22 55
22 150
22 154
23 29
23 45
24 32
25 49
25 159
25 171
26 107
26 117
26 166
26 176
27 37
27 65
27 73
28 44
28 82
29 90
30 60
30 68
30 86
30 125
30 143
31 51
31 119
31 177
32 147
32 174
33 75
33 89
34 173
35 36
35 140
36 64
36 114
36 117
36 138
37 39
37 43
37 79
38 147
39 46
39 79
39 113
40 57
40 61
40 85
40 110
41 81
41 110
42 61
43 63
43 66
43 84
44 50
44 93
44 120
45 78
46 59
46 144
46 146
47 92
47 123
47 153
47 162
48 53
48 95
48 125
48 136
49 115
50 51
50 55
51 124
52 137
52 158
52 159
52 178
53 72
53 87
53 88
53 143
53 176
54 72
54 118
54 149
55 69
55 89
55 116
55 146
56 128
56 148
57 87
57 147
58 68
58 139
58 167
59 66
59 109
60 98
60 119
61 74
63 107
64 68
65 104
66 67
66 91
66 120
67 124
68 96
68 170
68 172
69 76
70 83
70 90
70 109
70 126
71 85
71 89
72 136
73 81
73 127
74 76
74 91
74 98
75 129
76 114
76 127
76 168
77 100
77 179
78 91
78 163
79 83
80 101
80 179
81 137
82 97
82 125
83 141
83 176
84 134
84 139
84 173
87 94
88 108
88 143
88 174
90 106
90 113
91 105
91 140
92 132
93 102
93 151
93 177
94 141
94 158
95 163
96 158
97 121
98 108
98 140
98 161
99 123
100 152
101 112
101 129
101 144
102 139
102 155
104 149
104 165
104 177
105 126
105 131
105 135
105 169
106 111
106 150
106 164
110 155
112 156
113 122
113 140
116 161
117 131
118 126
118 145
118 147
118 149
118 160
119 141
120 150
120 151
120 153
122 159
123 165
124 178
128 162
132 139
133 135
133 176
136 164
137 172
138 146
138 148
142 166
144 154
147 177
149 162
150 174
157 167
160 179
