180
0 1
0 51
0 77
0 106
1 2
1 6
1 11
1 40
1 84
1 142
1 160
1 167
1 175
2 3
2 5
2 30
2 100
3 4
3 27
3 63
4 7
4 10
4 29
4 38
4 126
5 15
5 17
5 18
5 49
5 113
6 8
6 36
6 96
6 97
7 12
7 20
7 21
7 34
7 142
8 9
8 23
8 145
8 153
9 16
9 111
9 137
9 160
10 13
10 75
10 128
11 14
11 19
11 83
12 31
12 103
12 107
12 116
13 179
14 45
14 76
14 84
14 112
15 22
15 52
15 99
15 127
16 73
16 78
16 85
16 132
16 174
17 25
17 102
17 120
18 31
18 138
19 41
19 78
19 110
19 140
19 144
20 35
20 39
20 61
20 128
21 93
21 110
21 125
22 28
22 37
22 70
22 102
23 24
23 26
23 85
23 108
24 47
24 176
25 32
26 33
26 64
26 113
27 61
27 138
27 167
28 42
28 91
28 122
28 159
29 164
29 165
30 44
30 68
30 82
30 98
30 115
32 59
32 87
32 137
33 52
33 119
33 130
33 134
33 164
35 89
36 131
36 147
37 54
37 175
38 48
38 55
38 136
38 150
39 40
39 43
39 46
39 57
40 56
40 131
41 62
41 92
41 97
41 122
42 50
42 69
43 104
44 110
44 122
44 128
44 150
45 65
45 66
45 71
45 149
45 170
45 178
46 141
47 60
47 104
47 126
47 142
48 50
48 74
48 80
48 83
48 133
48 169
49 58
49 90
49 148
49 179
50 60
50 162
50 178
51 67
51 79
51 119
52 53
53 88
55 92
56 115
56 143
56 166
56 178
57 81
57 83
57 106
57 152
58 125
58 172
59 118
59 135
60 72
61 86
61 89
61 101
61 178
62 64
62 100
62 124
63 82
63 113
63 137
65 86
65 95
65 96
65 157
66 80
66 105
66 127
67 90
67 127
67 132
67 151
68 156
68 177
69 105
69 168
70 82
70 107
70 117
71 171
72 74
72 86
72 161
73 87
73 121
73 136
73 141
74 114
74 123
75 94
76 77
77 162
77 177
79 100
80 113
81 91
81 154
83 172
84 87
85 139
86 169
87 127
89 132
90 165
92 158
94 99
94 136
94 176
95 122
95 129
95 158
96 111
96 173
98 115
98 130
98 154
99 101
99 143
99 177
100 129
101 146
101 160
102 162
102 163
103 109
103 117
103 121
103 155
104 108
105 144
105 148
108 117
108 138
109 123
109 173
111 134
113 132
113 175
114 144
114 155
114 157
115 125
117 151
117 163
118 152
120 145
120 153
120 174
121 133
121 138
122 153
123 140
123 143
124 150
124 171
126 156
126 173
133 139
133 160
133 167
137 154
138 169
138 170
138 175
141 174
142 143
146 164
148 159
152 167
160 179
162 164
166 172
170 174
