180
0 1
0 20
0 76
1 2
1 48
1 99
1 106
2 3
2 12
2 36
2 54
2 82
3 4
3 6
3 7
3 43
3 69
3 162
4 5
4 9
4 10
4 11
4 62
4 86
4 132
5 13
5 75
5 91
5 107
5 150
5 155
6 8
6 164
7 23
7 27
7 28
7 46
7 63
7 95
7 114
7 131
8 31
8 37
8 98
8 130
9 94
9 172
10 14
10 74
10 100
10 108
10 170
11 32
11 40
11 56
11 70
11 107
12 34
12 59
12 65
13 26
14 15
14 16
14 24
14 35
14 135
15 17
15 22
15 111
15 171
16 19
16 78
17 18
17 154
18 75
18 99
18 142
19 21
19 39
19 55
20 41
20 87
20 133
21 25
21 30
21 32
21 37
21 47
21 120
21 174
22 60
22 146
23 32
23 126
23 132
24 29
25 136
26 42
26 74
26 153
26 157
27 44
27 66
27 72
27 168
28 125
28 138
29 53
29 103
29 112
29 124
30 33
30 52
30 86
31 68
31 115
31 154
32 39
32 104
32 139
33 73
33 91
33 142
33 160
34 57
34 66
34 99
34 163
35 61
35 135
35 151
36 38
37 102
37 144
38 43
38 69
38 178
39 151
40 45
40 50
40 58
40 100
41 83
41 109
41 125
42 144
42 158
43 45
43 61
43 124
43 141
44 97
45 108
45 117
46 49
46 113
46 119
47 77
47 122
47 126
48 50
48 51
48 66
48 75
48 77
48 120
49 61
49 96
50 94
51 73
51 104
52 71
52 79
52 147
53 120
53 152
53 169
54 111
54 162
56 93
57 81
57 88
57 110
57 152
59 64
59 67
59 103
60 72
61 73
61 85
61 105
62 149
63 175
64 92
64 158
65 119
66 84
66 88
66 102
67 164
67 178
68 80
68 94
68 138
68 144
68 178
69 179
70 83
70 84
70 173
70 176
71 138
71 148
72 90
72 116
72 153
72 166
73 85
74 104
74 106
75 153
76 89
76 139
77 125
78 84
78 93
79 128
79 167
80 168
82 116
82 172
83 102
83 106
83 121
84 146
84 170
85 102
85 137
87 91
87 104
87 155
87 172
88 90
88 105
89 146
90 94
91 159
93 101
93 118
93 127
94 95
94 140
94 163
95 122
95 139
96 126
97 136
97 147
97 171
98 110
98 140
99 128
101 113
101 134
101 156
102 174
103 170
106 123
107 118
108 143
108 170
109 161
109 176
111 114
111 125
112 134
115 136
116 133
116 139
117 123
117 129
118 130
118 150
119 149
119 151
121 124
121 173
122 123
122 138
122 152
123 167
124 129
126 134
126 145
127 174
129 157
130 167
133 145
133 153
133 160
136 179
137 161
137 164
139 154
140 162
142 169
142 175
143 176
144 177
145 169
148 174
148 177
149 158
151 154
156 175
157 164
157 178
158 173
158 176
159 165
163 171
164 166
178 179
