180
0 1
0 2
0 11
0 27
0 38
0 72
0 80
0 100
0 111
1 3
1 5
1 7
1 8
1 10
1 35
1 57
2 4
2 13
2 18
2 20
2 45
2 54
2 82
2 111
2 126
3 9
3 16
3 26
3 103
3 133
3 151
3 170
4 12
4 13
4 90
4 157
5 6
5 14
5 19
5 20
5 115
6 30
6 32
6 33
6 58
6 111
6 166
7 17
7 42
7 83
7 177
8 70
8 71
8 86
8 93
8 107
8 130
8 133
8 134
9 19
9 24
9 39
9 47
9 57
9 83
9 139
9 142
9 149
10 22
10 23
10 108
10 155
11 52
11 99
11 133
11 135
11 175
12 25
12 28
12 31
12 48
12 49
12 61
12 71
12 152
12 161
13 52
13 158
13 168
13 169
14 15
14 19
14 61
14 62
14 87
14 99
14 111
14 121
14 136
14 146
14 162
14 174
15 21
15 59
15 119
15 135
15 146
16 17
16 26
16 58
16 75
16 130
16 160
17 31
17 32
17 72
17 80
18 40
18 62
18 103
18 116
19 56
19 60
19 84
20 51
20 68
20 114
20 124
20 138
20 145
20 151
21 34
21 77
21 122
21 130
21 137
22 40
22 41
22 55
22 100
22 150
22 154
22 156
22 163
22 170
23 29
23 39
23 45
23 171
24 25
24 104
24 108
25 29
25 38
25 61
25 79
25 107
25 171
26 61
26 71
26 77
26 81
26 111
26 176
27 37
27 65
27 73
28 40
28 44
28 62
28 82
28 118
28 171
28 174
29 60
29 64
29 109
29 115
29 123
29 132
30 38
30 55
30 83
30 86
30 136
30 143
31 119
31 179
32 87
32 96
32 98
32 117
32 123
32 131
32 137
33 75
33 89
33 174
34 75
34 116
34 173
35 36
35 47
35 58
35 60
35 85
35 140
35 147
35 151
36 64
36 68
36 114
36 117
36 138
36 163
37 43
37 52
37 84
37 99
37 121
37 167
38 98
38 119
38 150
39 46
39 79
39 113
40 57
40 152
41 43
41 110
41 119
41 131
42 79
42 109
42 127
42 156
43 63
43 84
43 114
44 50
44 93
44 120
45 78
45 109
45 155
46 54
46 59
46 73
46 89
46 95
46 148
47 92
47 108
47 141
47 153
47 154
48 53
48 72
48 83
48 89
48 95
49 57
49 129
49 172
49 179
50 51
50 69
50 70
50 100
50 114
50 166
51 71
51 124
52 66
52 107
52 158
52 169
52 178
53 87
53 88
54 91
54 95
54 99
54 118
55 59
55 69
55 97
55 116
55 141
56 128
56 134
56 139
56 148
56 173
58 67
58 109
58 160
58 164
58 167
59 66
59 80
59 109
59 118
59 143
60 65
60 78
60 113
60 123
60 149
61 74
61 110
61 112
62 84
62 163
62 165
63 107
63 115
63 158
64 68
64 76
64 82
65 69
65 104
65 107
66 67
66 79
66 113
66 168
67 157
68 85
68 96
68 170
69 146
70 80
70 90
71 85
72 98
72 136
72 155
73 81
73 127
73 155
74 76
74 91
74 98
74 142
76 84
76 121
76 134
76 145
76 168
77 109
77 119
77 131
77 138
78 163
79 83
79 141
80 101
80 151
81 124
81 137
81 173
81 178
82 97
82 125
82 151
82 178
83 116
83 149
83 165
86 120
86 127
87 94
87 107
87 120
87 158
88 94
88 108
88 128
88 135
88 174
89 164
90 106
90 155
90 162
91 98
91 105
91 113
91 174
91 177
92 132
92 137
92 140
92 147
92 169
93 102
93 151
93 177
94 106
94 125
94 141
95 144
95 154
96 137
96 157
97 121
97 129
97 138
98 108
98 138
98 159
99 104
99 123
100 102
100 106
100 120
100 134
100 174
101 112
101 129
101 144
102 103
102 127
102 133
102 139
102 172
103 114
103 150
104 108
104 117
104 136
104 170
105 131
105 135
105 152
105 169
106 111
106 164
107 126
107 175
110 179
112 126
112 144
112 153
112 156
113 122
113 176
115 153
116 133
116 161
116 178
117 147
118 126
118 145
118 147
118 148
118 160
118 179
119 161
120 130
120 136
120 141
120 146
122 140
122 159
123 144
123 165
124 131
124 149
124 169
124 175
125 159
125 167
126 130
126 143
127 161
127 163
128 143
128 162
129 164
129 166
130 159
130 165
131 139
131 165
132 173
132 176
133 179
136 160
137 160
137 172
138 139
139 158
139 177
140 145
142 166
143 166
148 169
150 170
150 172
151 177
152 166
152 167
152 171
153 162
154 175
155 163
156 162
157 167
159 178
160 179
161 175
166 178
