188
0 1
0 2
0 3
0 11
0 37
0 38
0 43
0 101
0 108
0 144
1 9
1 14
1 85
1 93
1 108
1 157
2 7
2 36
2 63
2 113
3 4
3 6
3 100
3 137
3 146
3 156
4 5
4 8
4 18
4 23
4 24
4 48
4 92
5 21
5 55
5 71
5 147
6 10
6 12
6 13
6 36
6 56
6 142
7 16
7 33
7 73
7 108
7 154
8 17
8 27
8 29
8 37
8 53
8 98
8 121
8 125
8 126
9 25
9 33
9 57
10 32
10 34
10 41
10 70
10 88
11 31
11 160
12 136
12 142
12 143
12 150
12 169
13 15
13 137
14 20
14 56
15 54
15 82
15 84
15 94
15 179
16 79
16 86
16 110
17 73
17 80
18 19
18 28
18 96
18 141
19 22
19 68
19 86
19 94
19 126
19 179
20 61
20 91
20 96
21 47
21 85
21 142
21 145
22 44
22 52
22 72
22 91
22 104
23 30
23 45
23 92
23 176
23 186
24 26
24 76
25 49
25 59
25 117
25 131
26 39
26 61
26 91
26 142
26 153
26 168
27 29
27 68
27 161
28 35
28 61
28 89
29 44
29 59
29 67
30 40
30 42
30 45
30 52
30 71
30 162
31 46
31 78
31 135
32 41
32 52
32 62
32 140
33 64
34 60
34 81
34 170
35 125
35 130
35 141
35 143
36 162
37 69
37 75
37 115
37 123
37 165
37 166
37 172
37 179
38 40
38 58
38 167
39 62
39 66
39 74
39 87
39 132
39 174
40 74
40 83
40 105
40 166
40 175
40 177
41 50
41 67
41 77
41 126
41 128
42 69
42 89
42 94
43 102
43 181
44 93
44 152
44 167
44 181
45 55
45 95
45 109
45 112
46 58
47 51
47 132
47 141
48 63
48 113
48 121
48 146
48 164
49 85
49 119
50 53
50 73
50 97
50 144
50 180
51 64
51 106
51 133
51 178
52 65
52 81
52 112
52 119
52 186
53 54
53 66
53 129
54 79
54 97
54 158
54 181
55 97
55 116
55 152
55 185
56 112
57 65
57 70
57 88
57 127
57 131
57 147
58 86
58 184
59 61
59 117
59 187
60 117
60 158
60 180
60 184
62 71
62 90
62 152
63 141
63 143
63 154
64 75
64 76
64 122
64 124
64 158
65 167
66 72
67 91
67 96
67 99
67 118
68 155
69 130
69 156
70 155
70 175
71 77
71 156
71 178
72 89
72 100
72 106
72 169
74 83
74 98
74 107
74 151
74 163
74 171
75 158
75 170
77 159
77 166
78 79
78 178
79 159
79 165
79 174
80 85
80 138
80 150
80 160
80 165
80 171
81 110
81 118
81 144
82 117
82 139
82 151
84 109
84 115
84 180
85 128
86 110
86 127
87 115
88 103
88 137
88 161
88 175
88 187
89 95
89 125
89 158
90 93
90 114
90 115
90 163
90 164
91 122
93 127
93 182
94 98
94 137
94 146
95 149
95 162
96 98
96 176
97 100
97 163
97 187
99 120
99 148
100 141
100 146
100 152
100 171
101 133
101 135
102 139
102 160
103 114
103 161
103 166
103 175
104 107
104 120
104 122
104 126
105 119
105 134
105 139
105 150
106 145
107 111
107 136
107 183
108 161
108 168
110 144
110 171
110 187
111 163
114 186
116 123
116 177
117 164
119 173
121 128
121 140
122 124
122 151
122 169
122 179
123 156
123 176
123 184
125 165
125 180
125 186
126 138
127 133
127 157
127 179
128 168
128 172
128 177
129 132
129 156
130 181
131 180
132 160
132 173
133 134
133 159
134 177
135 148
135 150
136 185
137 153
137 166
137 186
139 155
142 173
143 145
143 168
145 169
145 172
147 160
147 177
148 149
148 152
149 162
149 164
149 185
150 161
151 157
155 165
155 183
167 171
167 176
167 184
171 182
172 175
