188
0 1
0 3
0 6
0 7
0 9
0 12
0 32
0 33
0 59
1 2
1 5
1 13
1 51
1 89
1 185
2 15
2 17
2 18
2 36
2 68
2 74
3 4
3 26
3 46
3 57
3 142
3 169
4 21
4 23
4 54
4 122
4 126
4 128
4 177
5 6
5 8
5 19
5 24
5 35
5 43
6 10
6 14
6 16
6 61
6 70
6 111
6 151
7 50
7 77
7 84
7 111
7 129
8 11
8 45
8 62
8 166
9 16
9 25
9 53
9 80
10 16
10 31
10 32
10 98
10 144
10 182
11 15
11 17
11 40
11 44
11 46
11 63
11 71
11 127
11 149
11 165
11 179
12 17
12 41
12 83
12 170
13 42
13 49
13 86
13 182
13 184
14 24
14 28
14 39
14 75
14 91
14 92
14 101
14 105
15 34
15 91
15 104
15 132
15 137
15 159
15 163
15 172
15 187
16 22
16 115
16 124
16 150
16 168
17 37
17 77
17 130
17 176
17 183
18 38
18 114
18 118
18 165
19 20
19 41
19 118
19 131
19 169
20 28
20 29
20 44
20 53
20 78
20 152
20 153
20 167
20 184
21 24
21 30
21 47
21 69
21 93
21 139
22 65
22 75
22 106
22 146
22 155
23 61
23 100
23 130
23 143
23 150
23 168
24 30
24 68
24 120
24 164
25 27
25 30
25 60
25 71
25 178
26 45
26 57
26 82
26 101
27 38
27 113
27 130
27 152
28 41
28 48
28 124
28 184
29 91
29 98
29 150
29 164
30 31
30 63
30 67
30 108
31 39
31 64
31 67
31 119
31 183
32 43
32 58
32 76
32 104
32 151
32 154
33 65
33 90
33 97
33 123
34 44
34 48
34 56
34 64
34 65
34 73
34 100
34 142
35 55
35 94
35 174
36 40
36 103
36 118
36 122
36 128
36 144
36 159
37 76
37 80
37 180
38 87
38 102
38 140
38 161
38 184
39 82
39 101
39 113
39 179
40 77
40 118
40 124
40 126
40 136
40 171
40 184
40 187
41 52
41 138
41 155
42 51
42 55
42 70
42 99
42 104
42 107
42 156
43 74
44 53
44 91
44 150
45 75
45 108
46 48
46 65
46 79
46 123
46 138
47 57
47 61
47 88
47 109
47 111
48 51
48 60
48 66
48 93
48 170
49 64
49 67
49 83
49 110
49 137
49 172
49 183
50 54
50 113
50 123
50 126
51 129
52 85
52 95
52 98
53 71
53 154
54 56
54 58
54 95
54 155
54 187
55 70
55 102
55 117
55 177
55 182
56 81
56 84
56 112
56 140
56 156
57 74
57 96
57 134
57 179
58 72
58 94
58 98
58 130
58 135
59 70
59 97
59 131
59 133
59 153
60 62
60 159
60 173
60 178
61 70
61 86
62 106
62 147
62 149
62 153
63 82
63 109
63 157
64 72
64 79
64 81
64 133
65 85
65 112
66 104
66 139
66 141
67 75
67 80
67 127
67 137
68 81
68 172
69 73
69 138
69 145
69 169
70 132
70 167
71 88
71 99
71 102
71 130
71 142
71 161
72 82
72 100
73 141
73 158
74 98
74 154
75 103
75 162
75 165
76 133
76 138
76 155
76 165
77 95
77 138
77 166
78 116
78 145
79 92
79 135
80 165
80 178
80 181
81 83
81 100
81 102
81 123
81 147
82 170
83 87
83 105
83 134
84 115
84 175
84 187
85 128
86 148
87 89
87 126
87 132
87 142
88 115
88 143
88 149
88 174
89 134
89 136
89 160
89 176
90 107
90 108
90 174
91 125
91 160
91 171
91 173
92 94
92 129
93 94
93 96
93 136
93 160
94 114
94 173
95 106
95 111
95 141
95 151
96 112
96 150
97 119
97 147
97 183
98 148
98 161
99 117
99 127
99 136
99 152
100 114
101 119
101 157
101 160
101 180
103 112
103 140
104 140
105 136
105 146
107 125
107 163
109 125
109 134
110 111
110 116
110 124
110 151
110 166
111 139
111 153
111 155
111 180
112 136
112 167
114 135
114 138
114 158
116 144
116 162
117 121
117 129
117 134
117 137
118 122
118 132
118 171
119 144
119 177
120 127
120 156
121 175
121 186
122 151
124 161
126 157
126 164
126 185
127 151
127 178
128 153
129 166
130 131
130 133
131 154
131 159
131 182
131 186
132 143
132 144
133 143
133 152
134 152
134 162
134 172
135 163
137 161
137 181
139 150
140 148
140 149
142 170
142 176
143 169
145 171
145 185
146 177
147 158
149 162
150 184
151 172
152 179
153 170
153 187
154 158
154 174
156 175
157 161
157 186
158 181
163 165
164 166
168 182
173 178
177 183
178 183
180 181
