188
0 1
0 2
0 3
0 4
0 5
0 6
0 7
0 9
0 10
0 11
0 12
0 14
0 15
0 16
0 19
0 20
0 21
0 22
0 23
0 26
0 27
0 28
0 29
0 30
0 31
0 32
0 33
0 34
0 35
0 37
0 38
0 43
0 44
0 46
0 47
0 48
0 49
0 50
0 52
0 53
0 55
0 58
0 59
0 60
0 61
0 63
0 64
0 66
0 67
0 71
0 72
0 73
0 78
0 79
0 80
0 81
0 82
0 83
0 86
0 88
0 90
0 91
0 92
0 93
0 94
0 99
0 102
0 103
0 104
0 106
0 107
0 108
0 109
0 110
0 115
0 116
0 119
0 122
0 123
0 124
0 125
0 126
0 130
0 132
0 133
0 136
0 137
0 138
0 139
0 140
0 141
0 142
0 143
0 145
0 146
0 149
0 150
0 151
0 153
0 154
0 156
0 158
0 159
0 161
0 162
0 163
0 165
0 166
0 172
0 174
0 179
0 185
0 187
1 2
1 4
1 5
1 7
1 9
1 10
1 12
1 13
1 17
1 18
1 20
1 22
1 24
1 26
1 27
1 29
1 30
1 31
1 32
1 33
1 34
1 35
1 38
1 41
1 42
1 43
1 45
1 46
1 47
1 50
1 51
1 52
1 53
1 54
1 55
1 56
1 57
1 58
1 63
1 64
1 65
1 67
1 68
1 69
1 71
1 72
1 74
1 76
1 77
1 78
1 80
1 81
1 82
1 83
1 84
1 85
1 88
1 89
1 90
1 92
1 94
1 96
1 98
1 99
1 100
1 101
1 103
1 104
1 106
1 109
1 111
1 112
1 113
1 114
1 115
1 116
1 118
1 119
1 121
1 122
1 123
1 124
1 125
1 126
1 130
1 132
1 133
1 134
1 138
1 139
1 142
1 144
1 145
1 146
1 153
1 154
1 156
1 160
1 163
1 166
1 170
1 172
1 173
1 174
1 175
1 176
1 178
1 179
1 180
1 182
2 5
2 6
2 9
2 10
2 11
2 12
2 13
2 15
2 17
2 19
2 22
2 24
2 26
2 27
2 30
2 34
2 36
2 38
2 39
2 41
2 43
2 45
2 47
2 48
2 51
2 54
2 57
2 59
2 60
2 61
2 62
2 65
2 68
2 70
2 71
2 72
2 74
2 75
2 77
2 81
2 82
2 85
2 86
2 89
2 90
2 92
2 99
2 100
2 104
2 105
2 106
2 108
2 110
2 111
2 112
2 114
2 117
2 119
2 122
2 124
2 125
2 126
2 128
2 129
2 130
2 132
2 133
2 134
2 136
2 137
2 139
2 140
2 141
2 142
2 143
2 145
2 148
2 149
2 150
2 153
2 157
2 162
2 164
2 166
2 167
2 170
2 171
2 174
2 175
2 177
2 178
2 180
2 181
2 182
2 184
3 5
3 6
3 7
3 11
3 13
3 14
3 15
3 16
3 19
3 20
3 22
3 23
3 24
3 25
3 26
3 29
3 31
3 32
3 34
3 35
3 36
3 38
3 40
3 42
3 44
3 45
3 48
3 51
3 52
3 53
3 54
3 55
3 57
3 59
3 60
3 61
3 62
3 64
3 65
3 66
3 67
3 68
3 70
3 72
3 73
3 74
3 77
3 78
3 79
3 80
3 81
3 82
3 85
3 87
3 88
3 89
3 90
3 91
3 92
3 93
3 94
3 95
3 96
3 97
3 100
3 103
3 104
3 105
3 108
3 109
3 111
3 113
3 116
3 117
3 118
3 119
3 122
3 124
3 125
3 126
3 128
3 129
3 130
3 132
3 133
3 135
3 141
3 144
3 145
3 146
3 148
3 149
3 150
3 153
3 154
3 157
3 160
3 163
3 167
3 171
3 174
3 176
3 177
3 178
3 179
3 180
3 187
4 8
4 9
4 10
4 12
4 13
4 14
4 16
4 17
4 19
4 20
4 21
4 22
4 23
4 24
4 27
4 29
4 30
4 31
4 33
4 34
4 35
4 36
4 37
4 38
4 39
4 40
4 41
4 42
4 45
4 46
4 48
4 50
4 51
4 52
4 56
4 58
4 60
4 65
4 67
4 69
4 70
4 71
4 74
4 76
4 77
4 78
4 79
4 80
4 81
4 82
4 83
4 84
4 85
4 86
4 87
4 89
4 90
4 92
4 93
4 95
4 97
4 98
4 99
4 100
4 101
4 103
4 104
4 105
4 107
4 109
4 110
4 111
4 113
4 114
4 118
4 120
4 121
4 125
4 126
4 128
4 129
4 130
4 132
4 133
4 134
4 136
4 137
4 143
4 144
4 146
4 148
4 149
4 151
4 152
4 153
4 154
4 155
4 157
4 158
4 160
4 164
4 167
4 178
4 179
4 180
4 181
4 182
4 186
5 6
5 8
5 11
5 13
5 15
5 16
5 17
5 20
5 21
5 22
5 23
5 24
5 25
5 28
5 30
5 31
5 33
5 34
5 35
5 36
5 40
5 41
5 42
5 43
5 44
5 45
5 47
5 48
5 49
5 50
5 51
5 52
5 54
5 56
5 57
5 58
5 59
5 61
5 65
5 66
5 68
5 69
5 70
5 71
5 72
5 74
5 75
5 78
5 83
5 84
5 87
5 89
5 90
5 96
5 97
5 99
5 101
5 102
5 103
5 104
5 111
5 112
5 113
5 114
5 115
5 117
5 119
5 121
5 122
5 124
5 126
5 127
5 128
5 134
5 136
5 137
5 139
5 140
5 141
5 142
5 145
5 146
5 148
5 152
5 154
5 155
5 156
5 157
5 158
5 159
5 160
5 161
5 162
5 163
5 167
5 170
5 171
5 174
5 176
5 179
5 181
5 184
5 185
5 187
6 7
6 9
6 12
6 15
6 16
6 19
6 20
6 22
6 23
6 24
6 26
6 28
6 30
6 31
6 34
6 37
6 39
6 40
6 41
6 44
6 45
6 46
6 49
6 50
6 52
6 53
6 54
6 55
6 56
6 58
6 62
6 63
6 64
6 65
6 66
6 69
6 70
6 71
6 72
6 73
6 75
6 76
6 77
6 78
6 83
6 85
6 86
6 87
6 88
6 89
6 90
6 92
6 93
6 95
6 97
6 100
6 101
6 102
6 103
6 105
6 107
6 108
6 112
6 114
6 115
6 117
6 118
6 119
6 122
6 124
6 126
6 128
6 129
6 130
6 131
6 133
6 134
6 135
6 138
6 139
6 140
6 141
6 142
6 143
6 146
6 148
6 149
6 151
6 154
6 160
6 164
6 166
6 168
6 170
6 173
6 175
6 178
6 180
6 182
6 184
6 187
7 9
7 10
7 12
7 13
7 15
7 16
7 17
7 18
7 19
7 20
7 27
7 28
7 29
7 30
7 31
7 32
7 33
7 36
7 38
7 42
7 43
7 44
7 45
7 48
7 49
7 52
7 53
7 54
7 55
7 56
7 57
7 58
7 59
7 60
7 61
7 64
7 66
7 67
7 68
7 70
7 71
7 72
7 73
7 77
7 78
7 79
7 82
7 85
7 87
7 88
7 89
7 90
7 91
7 92
7 94
7 95
7 96
7 97
7 98
7 100
7 101
7 102
7 103
7 111
7 112
7 114
7 115
7 117
7 118
7 119
7 121
7 122
7 125
7 128
7 129
7 130
7 132
7 134
7 135
7 136
7 137
7 138
7 139
7 141
7 142
7 143
7 147
7 151
7 155
7 158
7 159
7 161
7 162
7 163
7 164
7 169
7 174
7 175
7 176
7 177
7 179
7 180
7 182
7 186
8 9
8 10
8 11
8 12
8 14
8 15
8 17
8 18
8 20
8 21
8 26
8 27
8 30
8 31
8 32
8 33
8 34
8 35
8 36
8 37
8 38
8 39
8 41
8 42
8 43
8 44
8 46
8 47
8 48
8 49
8 50
8 53
8 55
8 60
8 61
8 62
8 63
8 64
8 65
8 66
8 68
8 70
8 73
8 74
8 75
8 78
8 79
8 80
8 81
8 84
8 85
8 87
8 89
8 90
8 93
8 95
8 96
8 97
8 100
8 101
8 102
8 103
8 104
8 105
8 106
8 109
8 112
8 113
8 114
8 115
8 117
8 118
8 119
8 122
8 124
8 125
8 127
8 128
8 129
8 131
8 132
8 133
8 134
8 135
8 137
8 139
8 140
8 141
8 142
8 143
8 146
8 147
8 148
8 152
8 155
8 156
8 157
8 158
8 162
8 168
8 170
8 172
8 175
8 177
8 180
8 183
8 186
9 10
9 13
9 15
9 16
9 17
9 21
9 22
9 24
9 25
9 27
9 28
9 30
9 32
9 33
9 35
9 37
9 39
9 40
9 43
9 44
9 45
9 46
9 47
9 49
9 51
9 52
9 53
9 54
9 55
9 57
9 58
9 60
9 62
9 63
9 65
9 66
9 67
9 68
9 70
9 71
9 72
9 74
9 75
9 76
9 78
9 79
9 81
9 82
9 83
9 86
9 89
9 90
9 91
9 93
9 96
9 97
9 98
9 99
9 100
9 101
9 104
9 107
9 110
9 114
9 116
9 117
9 118
9 121
9 122
9 124
9 125
9 127
9 128
9 129
9 131
9 132
9 133
9 137
9 138
9 139
9 141
9 143
9 144
9 145
9 148
9 152
9 154
9 157
9 158
9 160
9 161
9 164
9 165
9 166
9 169
9 170
9 172
9 174
9 176
9 180
9 182
9 186
9 187
10 11
10 13
10 14
10 15
10 16
10 19
10 20
10 22
10 23
10 25
10 26
10 27
10 29
10 30
10 33
10 34
10 35
10 36
10 37
10 38
10 41
10 43
10 48
10 50
10 51
10 52
10 54
10 57
10 59
10 60
10 61
10 62
10 63
10 65
10 66
10 67
10 69
10 70
10 71
10 74
10 75
10 77
10 79
10 80
10 81
10 83
10 87
10 88
10 89
10 90
10 91
10 92
10 93
10 95
10 96
10 97
10 99
10 100
10 101
10 102
10 103
10 106
10 108
10 113
10 114
10 115
10 116
10 118
10 119
10 120
10 121
10 125
10 127
10 128
10 131
10 133
10 136
10 138
10 142
10 144
10 147
10 148
10 149
10 152
10 154
10 157
10 162
10 163
10 164
10 165
10 166
10 170
10 172
10 174
10 175
10 176
10 177
10 179
10 182
11 12
11 13
11 14
11 15
11 18
11 20
11 21
11 22
11 23
11 24
11 25
11 26
11 28
11 30
11 31
11 33
11 34
11 35
11 36
11 38
11 39
11 41
11 42
11 43
11 44
11 45
11 46
11 47
11 50
11 53
11 54
11 55
11 57
11 58
11 59
11 60
11 61
11 62
11 63
11 65
11 67
11 69
11 73
11 74
11 75
11 77
11 78
11 82
11 85
11 89
11 93
11 95
11 96
11 98
11 99
11 100
11 101
11 103
11 105
11 106
11 107
11 109
11 110
11 111
11 113
11 114
11 117
11 118
11 119
11 120
11 121
11 122
11 123
11 124
11 126
11 128
11 129
11 130
11 134
11 135
11 137
11 138
11 140
11 141
11 142
11 143
11 145
11 146
11 148
11 149
11 154
11 155
11 156
11 157
11 164
11 165
11 166
11 167
11 172
11 173
11 180
11 184
11 187
12 13
12 14
12 15
12 17
12 18
12 19
12 20
12 21
12 23
12 24
12 25
12 28
12 29
12 32
12 33
12 34
12 35
12 36
12 41
12 42
12 46
12 50
12 52
12 55
12 57
12 59
12 60
12 62
12 63
12 64
12 66
12 71
12 72
12 75
12 76
12 77
12 79
12 81
12 82
12 85
12 87
12 88
12 89
12 92
12 94
12 95
12 96
12 99
12 102
12 104
12 106
12 109
12 111
12 112
12 113
12 116
12 120
12 121
12 122
12 126
12 127
12 130
12 132
12 133
12 136
12 137
12 138
12 140
12 141
12 144
12 145
12 146
12 147
12 148
12 150
12 151
12 152
12 153
12 154
12 155
12 156
12 158
12 159
12 161
12 162
12 165
12 168
12 171
12 172
12 174
12 176
12 178
12 179
12 180
12 182
12 183
12 184
13 15
13 16
13 18
13 19
13 20
13 21
13 22
13 23
13 24
13 25
13 27
13 29
13 31
13 34
13 35
13 36
13 37
13 38
13 39
13 40
13 41
13 42
13 43
13 46
13 47
13 48
13 49
13 50
13 52
13 54
13 55
13 58
13 61
13 62
13 64
13 65
13 66
13 67
13 69
13 70
13 74
13 75
13 77
13 78
13 79
13 84
13 85
13 86
13 87
13 89
13 90
13 91
13 92
13 94
13 99
13 101
13 102
13 103
13 104
13 105
13 106
13 107
13 108
13 112
13 114
13 115
13 116
13 117
13 118
13 120
13 121
13 122
13 123
13 124
13 125
13 127
13 128
13 130
13 131
13 132
13 135
13 137
13 138
13 139
13 141
13 142
13 144
13 145
13 146
13 149
13 151
13 153
13 157
13 158
13 159
13 161
13 162
13 163
13 165
13 166
13 167
13 168
13 169
13 172
13 175
13 178
13 179
13 182
13 183
13 184
13 185
13 187
14 15
14 16
14 17
14 20
14 24
14 25
14 26
14 28
14 30
14 31
14 32
14 34
14 35
14 36
14 37
14 38
14 39
14 40
14 41
14 44
14 45
14 46
14 47
14 50
14 51
14 52
14 54
14 55
14 56
14 58
14 62
14 63
14 64
14 66
14 67
14 69
14 71
14 73
14 76
14 81
14 84
14 86
14 89
14 90
14 91
14 92
14 94
14 95
14 96
14 99
14 100
14 101
14 103
14 104
14 105
14 106
14 107
14 110
14 112
14 113
14 115
14 116
14 117
14 118
14 122
14 124
14 126
14 129
14 130
14 132
14 134
14 135
14 138
14 139
14 140
14 141
14 147
14 149
14 152
14 153
14 155
14 156
14 157
14 158
14 160
14 161
14 162
14 163
14 164
14 165
14 166
14 167
14 170
14 171
14 172
14 176
14 181
14 183
14 184
14 186
15 17
15 18
15 20
15 21
15 22
15 24
15 25
15 27
15 33
15 35
15 36
15 37
15 38
15 39
15 40
15 41
15 43
15 44
15 45
15 46
15 47
15 50
15 52
15 54
15 56
15 59
15 60
15 66
15 69
15 72
15 74
15 76
15 77
15 78
15 79
15 80
15 81
15 82
15 83
15 86
15 88
15 89
15 90
15 92
15 97
15 100
15 101
15 104
15 105
15 106
15 114
15 115
15 116
15 119
15 120
15 121
15 124
15 125
15 126
15 127
15 128
15 129
15 130
15 132
15 133
15 134
15 135
15 137
15 141
15 144
15 147
15 150
15 152
15 156
15 157
15 159
15 160
15 162
15 164
15 165
15 169
15 170
15 173
15 175
15 177
15 181
15 185
16 17
16 18
16 19
16 21
16 23
16 25
16 29
16 30
16 31
16 32
16 34
16 36
16 37
16 39
16 40
16 42
16 45
16 47
16 49
16 51
16 53
16 54
16 55
16 56
16 58
16 59
16 60
16 61
16 62
16 63
16 64
16 65
16 66
16 67
16 70
16 71
16 73
16 74
16 76
16 79
16 84
16 85
16 86
16 87
16 88
16 89
16 90
16 93
16 94
16 95
16 97
16 98
16 102
16 103
16 106
16 107
16 108
16 112
16 113
16 115
16 119
16 123
16 129
16 131
16 132
16 134
16 135
16 137
16 138
16 143
16 150
16 151
16 152
16 153
16 155
16 156
16 158
16 159
16 162
16 163
16 165
16 166
16 171
16 180
16 183
16 184
16 185
16 186
17 18
17 19
17 21
17 22
17 23
17 24
17 25
17 26
17 28
17 32
17 33
17 34
17 35
17 36
17 37
17 39
17 42
17 46
17 47
17 48
17 49
17 51
17 52
17 54
17 56
17 58
17 60
17 61
17 62
17 65
17 66
17 68
17 71
17 74
17 76
17 77
17 78
17 79
17 80
17 82
17 83
17 84
17 86
17 87
17 88
17 89
17 91
17 92
17 93
17 94
17 95
17 96
17 99
17 100
17 102
17 105
17 106
17 107
17 109
17 110
17 111
17 116
17 117
17 121
17 122
17 126
17 127
17 129
17 131
17 132
17 133
17 137
17 139
17 140
17 141
17 142
17 143
17 145
17 147
17 148
17 149
17 151
17 154
17 157
17 159
17 160
17 162
17 163
17 164
17 165
17 166
17 169
17 170
17 171
17 174
17 176
17 177
17 183
17 185
17 186
18 19
18 22
18 24
18 25
18 27
18 28
18 30
18 31
18 32
18 33
18 34
18 35
18 36
18 39
18 40
18 41
18 44
18 45
18 47
18 48
18 49
18 50
18 54
18 57
18 58
18 59
18 61
18 62
18 63
18 65
18 66
18 67
18 69
18 70
18 71
18 72
18 73
18 74
18 79
18 82
18 83
18 84
18 85
18 86
18 87
18 88
18 89
18 90
18 91
18 92
18 95
18 96
18 97
18 98
18 99
18 100
18 101
18 102
18 106
18 108
18 109
18 110
18 111
18 116
18 117
18 120
18 121
18 122
18 123
18 125
18 126
18 127
18 130
18 134
18 137
18 144
18 146
18 149
18 150
18 151
18 152
18 156
18 157
18 158
18 159
18 163
18 165
18 168
18 169
18 170
18 172
18 173
18 174
18 175
18 180
18 181
18 182
18 185
18 187
19 20
19 22
19 23
19 24
19 25
19 26
19 27
19 28
19 29
19 32
19 33
19 34
19 35
19 37
19 39
19 40
19 42
19 44
19 46
19 48
19 50
19 51
19 54
19 55
19 57
19 59
19 61
19 63
19 65
19 66
19 67
19 68
19 70
19 72
19 73
19 74
19 75
19 76
19 81
19 82
19 83
19 84
19 85
19 86
19 91
19 92
19 93
19 95
19 96
19 97
19 99
19 101
19 106
19 107
19 109
19 110
19 113
19 114
19 123
19 124
19 125
19 127
19 130
19 131
19 134
19 135
19 140
19 141
19 150
19 151
19 152
19 153
19 155
19 156
19 162
19 164
19 165
19 167
19 168
19 171
19 172
19 173
19 176
19 177
19 178
19 180
19 181
19 184
19 185
19 186
20 21
20 22
20 23
20 24
20 25
20 26
20 27
20 28
20 29
20 30
20 33
20 35
20 36
20 37
20 38
20 39
20 43
20 44
20 45
20 47
20 48
20 49
20 51
20 52
20 54
20 55
20 56
20 59
20 64
20 66
20 67
20 68
20 69
20 71
20 72
20 73
20 74
20 75
20 76
20 77
20 80
20 81
20 82
20 84
20 85
20 87
20 88
20 91
20 94
20 97
20 104
20 106
20 107
20 110
20 112
20 113
20 115
20 116
20 119
20 120
20 121
20 123
20 124
20 125
20 127
20 128
20 129
20 132
20 134
20 135
20 136
20 137
20 138
20 141
20 143
20 148
20 150
20 153
20 155
20 157
20 163
20 165
20 166
20 170
20 171
20 172
20 175
20 177
20 180
20 182
20 183
20 184
20 186
21 22
21 23
21 24
21 26
21 28
21 29
21 30
21 35
21 39
21 40
21 41
21 42
21 43
21 45
21 46
21 47
21 49
21 52
21 54
21 55
21 58
21 59
21 60
21 63
21 65
21 67
21 68
21 70
21 71
21 72
21 73
21 74
21 75
21 78
21 82
21 83
21 84
21 85
21 86
21 87
21 88
21 89
21 90
21 91
21 93
21 94
21 95
21 96
21 97
21 99
21 101
21 102
21 103
21 104
21 105
21 106
21 107
21 109
21 110
21 111
21 112
21 114
21 116
21 117
21 118
21 119
21 124
21 125
21 126
21 130
21 131
21 134
21 135
21 137
21 141
21 142
21 143
21 145
21 149
21 151
21 152
21 158
21 162
21 167
21 168
21 170
21 171
21 172
21 173
21 174
21 175
21 179
21 181
21 182
21 183
21 185
21 186
22 23
22 24
22 26
22 27
22 28
22 29
22 30
22 31
22 33
22 35
22 38
22 40
22 41
22 42
22 43
22 44
22 45
22 46
22 47
22 48
22 51
22 52
22 53
22 55
22 56
22 57
22 58
22 60
22 61
22 66
22 68
22 70
22 71
22 73
22 74
22 79
22 80
22 81
22 83
22 84
22 88
22 89
22 90
22 93
22 96
22 99
22 100
22 102
22 104
22 107
22 113
22 117
22 118
22 120
22 121
22 122
22 123
22 124
22 126
22 128
22 130
22 132
22 133
22 135
22 136
22 137
22 139
22 140
22 142
22 146
22 148
22 149
22 150
22 160
22 161
22 162
22 163
22 165
22 166
22 167
22 168
22 169
22 172
22 174
22 175
22 177
22 178
22 179
22 180
22 182
22 184
22 186
23 26
23 27
23 28
23 29
23 30
23 31
23 33
23 34
23 35
23 36
23 38
23 39
23 41
23 42
23 44
23 45
23 46
23 47
23 48
23 55
23 56
23 57
23 58
23 59
23 60
23 61
23 62
23 63
23 65
23 66
23 67
23 70
23 71
23 77
23 79
23 83
23 84
23 86
23 87
23 88
23 95
23 96
23 98
23 99
23 100
23 101
23 102
23 104
23 105
23 107
23 108
23 111
23 112
23 114
23 115
23 117
23 120
23 121
23 123
23 124
23 126
23 127
23 130
23 131
23 133
23 134
23 135
23 142
23 144
23 147
23 148
23 150
23 151
23 152
23 154
23 155
23 156
23 160
23 161
23 163
23 166
23 169
23 171
23 172
23 173
23 176
23 177
23 178
23 183
23 184
24 25
24 26
24 27
24 28
24 29
24 30
24 31
24 32
24 34
24 37
24 38
24 39
24 40
24 41
24 43
24 44
24 46
24 47
24 48
24 49
24 50
24 51
24 53
24 54
24 55
24 56
24 57
24 59
24 60
24 63
24 67
24 68
24 70
24 71
24 73
24 74
24 75
24 76
24 78
24 79
24 82
24 83
24 84
24 85
24 88
24 90
24 91
24 94
24 99
24 101
24 103
24 104
24 107
24 108
24 109
24 110
24 111
24 112
24 114
24 116
24 123
24 124
24 125
24 126
24 127
24 128
24 132
24 133
24 134
24 136
24 140
24 141
24 142
24 143
24 144
24 148
24 153
24 160
24 164
24 165
24 166
24 169
24 171
24 172
24 173
24 175
24 176
24 179
24 180
24 183
24 184
24 186
24 187
25 26
25 27
25 29
25 31
25 32
25 33
25 34
25 36
25 37
25 38
25 41
25 42
25 45
25 47
25 48
25 52
25 53
25 54
25 55
25 57
25 60
25 63
25 67
25 68
25 69
25 72
25 73
25 74
25 76
25 77
25 78
25 79
25 80
25 84
25 85
25 87
25 88
25 90
25 91
25 92
25 94
25 95
25 96
25 98
25 101
25 103
25 105
25 108
25 109
25 112
25 114
25 115
25 117
25 119
25 120
25 122
25 123
25 124
25 129
25 130
25 132
25 134
25 135
25 136
25 139
25 140
25 143
25 144
25 147
25 149
25 152
25 153
25 154
25 155
25 156
25 157
25 158
25 159
25 160
25 161
25 163
25 167
25 168
25 169
25 170
25 172
25 173
25 174
25 177
25 178
25 181
25 183
25 184
25 185
25 186
26 28
26 29
26 30
26 33
26 35
26 37
26 39
26 40
26 42
26 45
26 47
26 50
26 51
26 52
26 54
26 55
26 56
26 58
26 59
26 62
26 64
26 65
26 66
26 67
26 68
26 69
26 70
26 71
26 73
26 74
26 75
26 76
26 79
26 80
26 82
26 84
26 87
26 90
26 92
26 93
26 95
26 96
26 97
26 98
26 100
26 101
26 102
26 103
26 104
26 105
26 106
26 108
26 110
26 113
26 115
26 117
26 119
26 120
26 122
26 123
26 124
26 125
26 126
26 127
26 128
26 130
26 131
26 133
26 134
26 136
26 137
26 140
26 141
26 143
26 144
26 145
26 146
26 150
26 151
26 153
26 157
26 161
26 163
26 164
26 167
26 171
26 172
26 178
26 183
26 185
26 187
27 28
27 29
27 31
27 32
27 33
27 35
27 39
27 40
27 42
27 44
27 45
27 46
27 47
27 49
27 50
27 54
27 56
27 57
27 58
27 60
27 63
27 64
27 65
27 67
27 68
27 69
27 72
27 73
27 74
27 78
27 79
27 82
27 83
27 84
27 85
27 86
27 88
27 91
27 92
27 93
27 94
27 95
27 98
27 99
27 100
27 102
27 103
27 106
27 107
27 110
27 111
27 112
27 113
27 116
27 117
27 124
27 126
27 128
27 129
27 130
27 131
27 135
27 138
27 141
27 143
27 144
27 145
27 147
27 148
27 149
27 150
27 151
27 152
27 154
27 158
27 159
27 160
27 162
27 163
27 164
27 166
27 169
27 174
27 175
27 177
27 178
27 183
27 184
27 185
27 186
27 187
28 30
28 31
28 32
28 33
28 35
28 37
28 38
28 39
28 43
28 46
28 48
28 53
28 54
28 56
28 58
28 59
28 60
28 61
28 62
28 63
28 64
28 65
28 66
28 67
28 68
28 69
28 71
28 73
28 75
28 76
28 77
28 80
28 82
28 83
28 86
28 89
28 90
28 91
28 92
28 94
28 96
28 98
28 100
28 101
28 104
28 106
28 109
28 111
28 115
28 118
28 120
28 121
28 123
28 125
28 126
28 129
28 131
28 133
28 136
28 142
28 147
28 148
28 149
28 152
28 153
28 156
28 158
28 159
28 160
28 161
28 163
28 165
28 166
28 170
28 171
28 173
28 174
28 175
28 177
28 179
28 180
28 182
28 186
28 187
29 30
29 31
29 33
29 34
29 35
29 36
29 38
29 39
29 43
29 44
29 46
29 48
29 50
29 53
29 54
29 55
29 58
29 59
29 60
29 61
29 64
29 65
29 66
29 67
29 69
29 71
29 73
29 74
29 76
29 77
29 79
29 81
29 83
29 84
29 85
29 87
29 89
29 92
29 95
29 97
29 102
29 103
29 104
29 105
29 106
29 107
29 109
29 111
29 112
29 115
29 119
29 122
29 123
29 125
29 130
29 133
29 135
29 136
29 140
29 142
29 144
29 145
29 146
29 149
29 150
29 154
29 157
29 158
29 159
29 160
29 161
29 162
29 163
29 164
29 166
29 167
29 169
29 170
29 173
29 175
29 176
29 181
29 184
29 185
29 187
30 31
30 33
30 34
30 36
30 37
30 38
30 40
30 42
30 43
30 44
30 46
30 47
30 48
30 49
30 50
30 56
30 57
30 61
30 62
30 64
30 65
30 68
30 71
30 72
30 74
30 75
30 79
30 81
30 82
30 83
30 84
30 86
30 91
30 93
30 94
30 96
30 97
30 98
30 99
30 100
30 103
30 104
30 107
30 108
30 109
30 110
30 119
30 122
30 123
30 128
30 130
30 136
30 137
30 138
30 139
30 140
30 143
30 144
30 145
30 146
30 154
30 157
30 158
30 159
30 160
30 161
30 162
30 163
30 165
30 166
30 167
30 169
30 170
30 171
30 172
30 177
30 178
30 181
30 184
30 185
30 186
31 33
31 35
31 36
31 41
31 42
31 43
31 44
31 47
31 48
31 49
31 52
31 55
31 56
31 57
31 58
31 59
31 60
31 61
31 62
31 64
31 68
31 71
31 76
31 77
31 78
31 79
31 80
31 83
31 85
31 86
31 91
31 93
31 96
31 97
31 98
31 99
31 102
31 104
31 105
31 107
31 111
31 112
31 113
31 114
31 116
31 118
31 123
31 124
31 125
31 127
31 128
31 133
31 140
31 141
31 142
31 144
31 145
31 146
31 148
31 150
31 151
31 153
31 154
31 155
31 160
31 162
31 163
31 164
31 166
31 167
31 168
31 171
31 172
31 173
31 179
31 180
31 181
31 183
31 187
32 33
32 36
32 37
32 39
32 41
32 43
32 44
32 45
32 46
32 47
32 49
32 51
32 52
32 54
32 55
32 56
32 58
32 59
32 61
32 63
32 65
32 66
32 68
32 69
32 70
32 72
32 77
32 78
32 79
32 80
32 81
32 85
32 86
32 87
32 88
32 89
32 90
32 91
32 92
32 95
32 96
32 97
32 99
32 100
32 102
32 103
32 105
32 107
32 109
32 110
32 112
32 119
32 124
32 126
32 127
32 128
32 131
32 133
32 134
32 135
32 136
32 139
32 141
32 144
32 145
32 147
32 150
32 152
32 153
32 154
32 155
32 156
32 157
32 158
32 162
32 163
32 172
32 173
32 174
32 175
32 177
32 178
32 181
32 183
32 184
33 34
33 35
33 38
33 39
33 40
33 45
33 48
33 50
33 52
33 53
33 56
33 60
33 61
33 62
33 63
33 68
33 70
33 74
33 75
33 77
33 78
33 80
33 81
33 83
33 84
33 87
33 88
33 89
33 90
33 91
33 93
33 97
33 99
33 100
33 101
33 102
33 103
33 105
33 106
33 107
33 108
33 109
33 111
33 113
33 114
33 115
33 116
33 119
33 121
33 125
33 126
33 127
33 128
33 129
33 130
33 137
33 138
33 139
33 141
33 144
33 145
33 148
33 151
33 152
33 156
33 160
33 161
33 164
33 165
33 167
33 171
33 173
33 176
33 177
33 179
33 182
33 183
33 185
33 186
34 36
34 41
34 44
34 45
34 46
34 48
34 49
34 50
34 51
34 52
34 54
34 55
34 56
34 58
34 62
34 63
34 64
34 65
34 66
34 70
34 73
34 74
34 75
34 77
34 78
34 79
34 83
34 84
34 85
34 86
34 88
34 98
34 99
34 100
34 102
34 103
34 105
34 110
34 111
34 112
34 113
34 116
34 117
34 118
34 119
34 125
34 127
34 129
34 132
34 134
34 135
34 136
34 138
34 139
34 140
34 141
34 143
34 145
34 148
34 151
34 152
34 153
34 154
34 157
34 160
34 165
34 166
34 167
34 168
34 170
34 172
34 174
34 178
34 179
34 181
34 183
34 184
34 185
34 187
35 37
35 40
35 41
35 42
35 47
35 49
35 50
35 51
35 53
35 55
35 57
35 59
35 60
35 61
35 63
35 64
35 66
35 70
35 71
35 72
35 73
35 75
35 76
35 78
35 80
35 81
35 82
35 84
35 86
35 88
35 89
35 91
35 93
35 94
35 95
35 97
35 98
35 99
35 101
35 102
35 107
35 108
35 112
35 113
35 115
35 116
35 121
35 122
35 124
35 125
35 126
35 128
35 129
35 132
35 133
35 135
35 136
35 138
35 139
35 140
35 144
35 145
35 148
35 150
35 152
35 155
35 157
35 163
35 167
35 169
35 171
35 173
35 174
35 176
35 177
35 179
35 180
35 184
35 185
36 41
36 42
36 44
36 45
36 46
36 50
36 51
36 52
36 53
36 56
36 58
36 59
36 65
36 67
36 69
36 70
36 74
36 75
36 77
36 78
36 79
36 80
36 82
36 83
36 84
36 87
36 88
36 89
36 90
36 92
36 93
36 96
36 98
36 99
36 102
36 105
36 106
36 108
36 110
36 111
36 112
36 113
36 114
36 115
36 117
36 118
36 119
36 120
36 121
36 123
36 124
36 126
36 129
36 130
36 137
36 138
36 140
36 142
36 144
36 145
36 146
36 147
36 148
36 149
36 150
36 151
36 153
36 154
36 156
36 157
36 159
36 160
36 161
36 165
36 166
36 167
36 169
36 173
36 176
36 177
36 178
36 179
36 180
36 181
36 185
37 38
37 41
37 43
37 44
37 46
37 47
37 48
37 49
37 50
37 51
37 52
37 54
37 56
37 57
37 59
37 60
37 63
37 65
37 72
37 73
37 74
37 75
37 78
37 83
37 84
37 86
37 87
37 92
37 93
37 95
37 96
37 99
37 103
37 106
37 107
37 108
37 110
37 111
37 114
37 115
37 116
37 117
37 118
37 119
37 120
37 123
37 124
37 126
37 128
37 130
37 131
37 133
37 135
37 136
37 138
37 141
37 142
37 144
37 146
37 147
37 149
37 150
37 151
37 153
37 155
37 158
37 159
37 160
37 161
37 164
37 166
37 167
37 172
37 173
37 176
37 177
37 181
37 183
37 184
37 186
37 187
38 39
38 40
38 41
38 42
38 43
38 45
38 47
38 48
38 49
38 51
38 52
38 53
38 54
38 57
38 58
38 59
38 60
38 61
38 62
38 63
38 66
38 68
38 71
38 73
38 74
38 75
38 76
38 78
38 79
38 81
38 83
38 84
38 85
38 89
38 90
38 91
38 93
38 95
38 96
38 99
38 101
38 102
38 103
38 104
38 106
38 107
38 109
38 110
38 111
38 112
38 114
38 118
38 119
38 120
38 121
38 124
38 131
38 134
38 135
38 137
38 138
38 142
38 143
38 145
38 146
38 147
38 148
38 149
38 150
38 153
38 155
38 159
38 161
38 162
38 165
38 167
38 170
38 171
38 172
38 176
38 178
38 182
38 185
39 40
39 42
39 43
39 44
39 45
39 46
39 49
39 50
39 51
39 53
39 54
39 56
39 57
39 61
39 62
39 63
39 64
39 68
39 69
39 70
39 71
39 72
39 75
39 76
39 79
39 80
39 81
39 82
39 85
39 86
39 87
39 88
39 89
39 90
39 91
39 93
39 95
39 96
39 97
39 98
39 100
39 102
39 103
39 105
39 106
39 107
39 109
39 110
39 111
39 115
39 116
39 117
39 118
39 120
39 125
39 126
39 129
39 130
39 131
39 133
39 134
39 136
39 138
39 139
39 141
39 142
39 144
39 145
39 146
39 150
39 152
39 154
39 155
39 156
39 159
39 161
39 162
39 164
39 165
39 167
39 170
39 171
39 178
39 179
39 180
39 181
39 183
39 186
39 187
40 41
40 43
40 44
40 45
40 46
40 49
40 50
40 51
40 53
40 58
40 59
40 62
40 63
40 64
40 65
40 67
40 68
40 69
40 73
40 75
40 77
40 78
40 81
40 82
40 83
40 85
40 87
40 88
40 89
40 91
40 93
40 94
40 96
40 100
40 101
40 103
40 104
40 105
40 108
40 111
40 112
40 114
40 115
40 116
40 117
40 118
40 119
40 120
40 121
40 122
40 123
40 127
40 131
40 132
40 136
40 138
40 139
40 140
40 142
40 143
40 149
40 150
40 152
40 153
40 154
40 155
40 156
40 157
40 159
40 160
40 162
40 163
40 164
40 165
40 166
40 167
40 169
40 174
40 180
40 182
40 183
40 184
40 186
41 43
41 45
41 47
41 50
41 51
41 53
41 55
41 56
41 58
41 59
41 61
41 63
41 64
41 65
41 68
41 69
41 71
41 72
41 73
41 77
41 78
41 81
41 82
41 84
41 86
41 87
41 88
41 91
41 93
41 95
41 96
41 98
41 99
41 100
41 102
41 104
41 107
41 108
41 109
41 110
41 111
41 113
41 114
41 115
41 116
41 117
41 118
41 119
41 120
41 121
41 125
41 131
41 132
41 133
41 134
41 135
41 136
41 138
41 140
41 143
41 148
41 151
41 152
41 154
41 160
41 162
41 163
41 164
41 167
41 168
41 169
41 172
41 175
41 177
41 178
41 179
41 180
41 181
41 183
41 184
41 185
42 48
42 51
42 52
42 53
42 54
42 56
42 57
42 58
42 59
42 62
42 65
42 68
42 69
42 71
42 75
42 76
42 80
42 81
42 86
42 89
42 91
42 93
42 94
42 95
42 97
42 98
42 99
42 100
42 102
42 104
42 106
42 107
42 108
42 109
42 112
42 114
42 116
42 120
42 122
42 124
42 126
42 127
42 130
42 133
42 134
42 135
42 136
42 139
42 140
42 141
42 142
42 143
42 144
42 146
42 147
42 148
42 149
42 151
42 153
42 154
42 155
42 158
42 159
42 160
42 161
42 164
42 168
42 170
42 172
42 174
42 177
42 179
42 180
42 181
42 182
42 183
42 185
42 187
43 44
43 45
43 46
43 47
43 49
43 51
43 53
43 56
43 58
43 60
43 61
43 65
43 67
43 72
43 73
43 74
43 75
43 76
43 78
43 79
43 80
43 82
43 85
43 86
43 91
43 92
43 93
43 94
43 101
43 105
43 108
43 109
43 111
43 112
43 114
43 115
43 116
43 117
43 118
43 120
43 122
43 123
43 127
43 129
43 131
43 132
43 133
43 135
43 136
43 138
43 139
43 142
43 144
43 145
43 146
43 147
43 149
43 151
43 153
43 158
43 159
43 161
43 163
43 165
43 167
43 169
43 176
43 177
43 180
43 181
43 183
43 184
43 185
43 186
43 187
44 47
44 49
44 50
44 52
44 53
44 57
44 58
44 59
44 61
44 62
44 63
44 68
44 71
44 72
44 73
44 76
44 77
44 78
44 79
44 84
44 85
44 86
44 87
44 88
44 90
44 91
44 92
44 93
44 95
44 98
44 101
44 103
44 107
44 108
44 110
44 114
44 115
44 116
44 117
44 118
44 119
44 120
44 121
44 124
44 128
44 131
44 132
44 136
44 139
44 140
44 142
44 143
44 146
44 147
44 148
44 149
44 154
44 155
44 156
44 157
44 159
44 160
44 161
44 162
44 164
44 166
44 168
44 169
44 171
44 175
44 176
44 177
44 181
44 182
44 183
44 187
45 46
45 47
45 48
45 49
45 50
45 51
45 53
45 54
45 55
45 57
45 58
45 61
45 66
45 67
45 69
45 72
45 78
45 80
45 83
45 88
45 89
45 92
45 93
45 94
45 99
45 100
45 101
45 104
45 105
45 108
45 109
45 110
45 111
45 112
45 113
45 115
45 116
45 117
45 118
45 121
45 127
45 129
45 135
45 136
45 137
45 138
45 139
45 140
45 142
45 143
45 145
45 150
45 154
45 156
45 157
45 158
45 159
45 160
45 161
45 163
45 164
45 165
45 170
45 171
45 173
45 174
45 175
45 182
45 186
46 47
46 50
46 51
46 54
46 57
46 58
46 59
46 61
46 62
46 63
46 64
46 67
46 68
46 71
46 72
46 73
46 75
46 79
46 80
46 83
46 84
46 88
46 95
46 98
46 100
46 103
46 104
46 105
46 106
46 108
46 109
46 110
46 113
46 114
46 115
46 118
46 120
46 121
46 123
46 125
46 126
46 127
46 128
46 133
46 136
46 139
46 140
46 145
46 147
46 150
46 151
46 153
46 154
46 156
46 157
46 158
46 159
46 160
46 164
46 165
46 166
46 167
46 168
46 169
46 170
46 171
46 172
46 175
46 177
46 179
46 182
46 184
46 187
47 48
47 49
47 50
47 51
47 53
47 54
47 56
47 58
47 60
47 61
47 64
47 66
47 68
47 70
47 73
47 74
47 77
47 79
47 82
47 83
47 84
47 85
47 86
47 87
47 90
47 92
47 96
47 102
47 104
47 106
47 109
47 111
47 113
47 115
47 116
47 118
47 119
47 120
47 121
47 122
47 125
47 126
47 129
47 130
47 132
47 133
47 134
47 135
47 136
47 137
47 139
47 141
47 143
47 148
47 151
47 154
47 156
47 157
47 158
47 161
47 162
47 166
47 167
47 168
47 169
47 171
47 172
47 180
47 182
47 183
47 184
47 185
48 51
48 52
48 55
48 56
48 59
48 60
48 61
48 62
48 64
48 67
48 70
48 72
48 74
48 75
48 79
48 81
48 83
48 84
48 85
48 88
48 89
48 90
48 91
48 92
48 93
48 94
48 95
48 96
48 99
48 103
48 107
48 108
48 109
48 112
48 113
48 114
48 115
48 117
48 118
48 120
48 121
48 122
48 125
48 126
48 129
48 130
48 132
48 134
48 136
48 138
48 139
48 140
48 142
48 143
48 145
48 149
48 150
48 151
48 153
48 159
48 160
48 165
48 166
48 167
48 168
48 170
48 171
48 173
48 174
48 177
48 180
48 181
48 185
48 187
49 51
49 52
49 53
49 54
49 57
49 58
49 61
49 62
49 63
49 64
49 65
49 67
49 69
49 71
49 72
49 73
49 79
49 81
49 85
49 86
49 89
49 91
49 92
49 96
49 101
49 105
49 107
49 109
49 111
49 112
49 116
49 117
49 120
49 121
49 123
49 125
49 126
49 127
49 130
49 131
49 133
49 134
49 136
49 139
49 142
49 143
49 145
49 146
49 147
49 152
49 154
49 155
49 158
49 161
49 164
49 165
49 166
49 169
49 171
49 172
49 173
49 174
49 176
49 179
49 180
49 181
49 182
49 185
50 51
50 52
50 54
50 58
50 59
50 60
50 61
50 62
50 63
50 65
50 66
50 70
50 72
50 73
50 74
50 75
50 76
50 77
50 78
50 80
50 81
50 85
50 86
50 87
50 89
50 90
50 93
50 94
50 96
50 99
50 101
50 103
50 104
50 106
50 108
50 109
50 112
50 114
50 117
50 118
50 120
50 125
50 130
50 131
50 132
50 133
50 134
50 135
50 136
50 137
50 139
50 140
50 142
50 145
50 146
50 147
50 150
50 156
50 162
50 163
50 166
50 168
50 170
50 171
50 172
50 176
50 177
50 180
50 181
50 182
50 184
50 186
50 187
51 53
51 55
51 56
51 57
51 58
51 59
51 60
51 61
51 65
51 67
51 68
51 70
51 73
51 75
51 77
51 80
51 83
51 85
51 87
51 88
51 89
51 90
51 91
51 93
51 94
51 98
51 100
51 103
51 105
51 106
51 109
51 110
51 112
51 113
51 118
51 119
51 120
51 121
51 124
51 125
51 126
51 127
51 128
51 130
51 131
51 132
51 133
51 134
51 135
51 137
51 138
51 139
51 140
51 142
51 143
51 145
51 148
51 154
51 159
51 160
51 168
51 169
51 172
51 173
51 176
51 179
51 182
51 184
51 187
52 53
52 54
52 55
52 57
52 62
52 63
52 64
52 65
52 68
52 70
52 71
52 72
52 74
52 75
52 77
52 79
52 80
52 82
52 84
52 85
52 86
52 87
52 88
52 91
52 92
52 93
52 94
52 95
52 97
52 98
52 99
52 103
52 110
52 111
52 113
52 114
52 115
52 117
52 122
52 125
52 128
52 132
52 133
52 136
52 147
52 148
52 150
52 152
52 153
52 155
52 156
52 157
52 159
52 163
52 164
52 166
52 168
52 169
52 170
52 175
52 176
52 177
52 178
52 180
52 181
52 183
52 184
52 185
52 187
53 54
53 58
53 59
53 60
53 61
53 62
53 64
53 70
53 76
53 79
53 80
53 81
53 82
53 84
53 87
53 88
53 89
53 90
53 91
53 92
53 97
53 100
53 102
53 105
53 106
53 107
53 108
53 109
53 110
53 112
53 113
53 114
53 115
53 116
53 117
53 118
53 122
53 124
53 126
53 130
53 133
53 134
53 135
53 136
53 137
53 147
53 148
53 150
53 151
53 152
53 155
53 158
53 159
53 163
53 164
53 165
53 170
53 173
53 175
53 176
53 178
53 183
53 185
53 186
54 57
54 58
54 60
54 62
54 64
54 67
54 69
54 70
54 72
54 73
54 75
54 76
54 77
54 78
54 80
54 81
54 82
54 83
54 84
54 87
54 90
54 91
54 92
54 94
54 96
54 97
54 99
54 100
54 102
54 105
54 106
54 107
54 111
54 115
54 116
54 119
54 120
54 121
54 125
54 127
54 129
54 134
54 136
54 140
54 149
54 151
54 152
54 159
54 160
54 161
54 162
54 163
54 168
54 169
54 170
54 171
54 172
54 173
54 175
54 176
54 177
54 178
54 180
54 182
54 184
54 187
55 62
55 64
55 65
55 66
55 67
55 68
55 70
55 71
55 72
55 73
55 75
55 76
55 77
55 78
55 80
55 83
55 84
55 85
55 86
55 87
55 89
55 90
55 91
55 92
55 94
55 103
55 104
55 106
55 108
55 109
55 110
55 112
55 113
55 114
55 115
55 116
55 117
55 119
55 121
55 122
55 123
55 125
55 126
55 128
55 131
55 133
55 134
55 136
55 137
55 140
55 141
55 143
55 145
55 146
55 152
55 155
55 157
55 160
55 161
55 162
55 163
55 164
55 169
55 171
55 172
55 173
55 174
55 175
55 178
55 180
55 184
56 57
56 58
56 59
56 61
56 64
56 65
56 67
56 68
56 71
56 72
56 73
56 74
56 75
56 77
56 78
56 79
56 80
56 81
56 82
56 83
56 86
56 87
56 88
56 89
56 90
56 91
56 92
56 93
56 94
56 95
56 97
56 98
56 100
56 102
56 103
56 105
56 107
56 108
56 109
56 110
56 111
56 112
56 113
56 114
56 115
56 116
56 120
56 121
56 122
56 123
56 124
56 126
56 127
56 128
56 129
56 133
56 135
56 136
56 137
56 138
56 139
56 143
56 148
56 149
56 150
56 158
56 159
56 161
56 162
56 163
56 166
56 167
56 168
56 173
56 174
56 177
56 178
56 181
56 187
57 58
57 59
57 60
57 63
57 64
57 67
57 69
57 72
57 74
57 75
57 77
57 78
57 80
57 83
57 84
57 85
57 86
57 88
57 89
57 90
57 92
57 93
57 94
57 96
57 101
57 102
57 103
57 104
57 105
57 107
57 109
57 112
57 114
57 118
57 119
57 121
57 122
57 127
57 128
57 132
57 135
57 137
57 138
57 139
57 141
57 142
57 145
57 147
57 149
57 150
57 151
57 152
57 153
57 154
57 155
57 157
57 158
57 159
57 160
57 161
57 162
57 164
57 165
57 166
57 171
57 173
57 174
57 175
57 180
57 183
57 184
57 186
57 187
58 59
58 60
58 62
58 64
58 67
58 69
58 70
58 71
58 72
58 74
58 76
58 79
58 81
58 82
58 83
58 84
58 86
58 89
58 91
58 92
58 93
58 100
58 102
58 103
58 108
58 111
58 112
58 115
58 116
58 117
58 118
58 120
58 121
58 123
58 124
58 128
58 129
58 131
58 133
58 135
58 136
58 137
58 138
58 139
58 141
58 142
58 144
58 145
58 147
58 148
58 150
58 155
58 156
58 158
58 161
58 162
58 166
58 168
58 169
58 171
58 173
58 175
58 177
58 180
58 181
58 182
58 183
58 184
58 186
58 187
59 60
59 63
59 66
59 67
59 71
59 72
59 76
59 79
59 81
59 84
59 87
59 89
59 92
59 95
59 96
59 99
59 101
59 102
59 103
59 104
59 106
59 107
59 109
59 110
59 115
59 117
59 120
59 122
59 123
59 124
59 125
59 129
59 135
59 136
59 138
59 141
59 142
59 143
59 145
59 147
59 148
59 150
59 155
59 156
59 159
59 166
59 167
59 168
59 171
59 173
59 174
59 176
59 180
59 183
59 184
59 187
60 61
60 62
60 63
60 64
60 65
60 66
60 67
60 68
60 69
60 70
60 71
60 73
60 74
60 76
60 78
60 79
60 80
60 83
60 85
60 87
60 88
60 90
60 94
60 98
60 99
60 102
60 103
60 104
60 105
60 106
60 108
60 109
60 111
60 112
60 113
60 114
60 115
60 116
60 117
60 119
60 123
60 128
60 130
60 131
60 133
60 135
60 137
60 140
60 141
60 145
60 146
60 147
60 150
60 153
60 154
60 155
60 157
60 158
60 159
60 163
60 165
60 169
60 172
60 173
60 178
60 180
60 181
60 185
60 186
61 62
61 63
61 67
61 68
61 69
61 70
61 71
61 72
61 73
61 75
61 77
61 78
61 79
61 83
61 86
61 88
61 90
61 94
61 95
61 98
61 99
61 101
61 102
61 106
61 111
61 114
61 115
61 117
61 119
61 120
61 121
61 123
61 124
61 125
61 127
61 128
61 129
61 130
61 133
61 135
61 136
61 141
61 148
61 149
61 152
61 153
61 159
61 161
61 162
61 164
61 165
61 167
61 172
61 173
61 183
61 185
62 64
62 66
62 68
62 69
62 70
62 74
62 75
62 76
62 78
62 81
62 86
62 89
62 90
62 92
62 93
62 94
62 98
62 100
62 101
62 102
62 103
62 104
62 107
62 110
62 111
62 112
62 114
62 116
62 117
62 118
62 120
62 124
62 125
62 126
62 128
62 134
62 137
62 139
62 143
62 144
62 145
62 146
62 149
62 150
62 151
62 154
62 155
62 158
62 160
62 161
62 162
62 163
62 164
62 165
62 167
62 168
62 170
62 172
62 173
62 175
62 177
62 179
62 182
62 184
63 64
63 65
63 66
63 69
63 70
63 73
63 74
63 76
63 77
63 78
63 80
63 82
63 84
63 86
63 87
63 88
63 89
63 91
63 94
63 95
63 97
63 98
63 100
63 101
63 102
63 104
63 105
63 107
63 108
63 110
63 111
63 112
63 114
63 117
63 120
63 122
63 125
63 126
63 127
63 130
63 131
63 137
63 138
63 139
63 141
63 142
63 143
63 148
63 149
63 151
63 153
63 157
63 160
63 163
63 168
63 169
63 170
63 173
63 174
63 175
63 179
63 184
63 186
64 65
64 66
64 67
64 69
64 70
64 71
64 74
64 76
64 77
64 80
64 81
64 82
64 83
64 84
64 88
64 89
64 90
64 91
64 94
64 95
64 96
64 99
64 102
64 103
64 106
64 107
64 108
64 109
64 110
64 114
64 118
64 120
64 123
64 126
64 127
64 128
64 129
64 132
64 136
64 138
64 140
64 141
64 142
64 145
64 146
64 150
64 151
64 153
64 156
64 158
64 160
64 163
64 166
64 168
64 172
64 173
64 174
64 178
64 183
64 184
64 186
65 66
65 67
65 68
65 70
65 71
65 72
65 73
65 75
65 76
65 77
65 80
65 81
65 84
65 85
65 88
65 89
65 90
65 93
65 95
65 96
65 97
65 101
65 106
65 108
65 109
65 110
65 113
65 116
65 117
65 120
65 121
65 122
65 123
65 126
65 127
65 131
65 132
65 133
65 134
65 135
65 138
65 144
65 145
65 146
65 148
65 154
65 155
65 161
65 163
65 164
65 168
65 169
65 172
65 173
65 174
65 179
65 180
65 182
65 183
65 184
65 185
66 68
66 69
66 70
66 72
66 75
66 76
66 78
66 79
66 80
66 81
66 82
66 83
66 87
66 89
66 91
66 92
66 93
66 94
66 95
66 96
66 97
66 98
66 100
66 101
66 103
66 111
66 113
66 114
66 115
66 116
66 117
66 122
66 124
66 128
66 129
66 134
66 135
66 137
66 138
66 139
66 143
66 144
66 146
66 147
66 148
66 150
66 151
66 155
66 156
66 157
66 158
66 159
66 160
66 162
66 164
66 166
66 169
66 176
66 180
66 181
66 182
66 183
66 184
66 185
66 187
67 69
67 70
67 72
67 73
67 74
67 76
67 77
67 78
67 79
67 80
67 81
67 82
67 83
67 85
67 86
67 88
67 91
67 92
67 95
67 98
67 99
67 100
67 101
67 104
67 106
67 109
67 111
67 114
67 117
67 119
67 122
67 124
67 125
67 128
67 129
67 133
67 134
67 136
67 138
67 139
67 141
67 145
67 147
67 148
67 151
67 152
67 153
67 155
67 157
67 163
67 166
67 173
67 174
67 175
67 178
67 179
67 181
67 182
67 186
68 74
68 76
68 78
68 79
68 80
68 81
68 82
68 84
68 87
68 88
68 91
68 92
68 94
68 95
68 96
68 97
68 98
68 99
68 103
68 104
68 105
68 108
68 110
68 111
68 113
68 115
68 117
68 119
68 120
68 123
68 125
68 127
68 128
68 129
68 131
68 132
68 136
68 138
68 139
68 142
68 143
68 144
68 147
68 148
68 149
68 152
68 153
68 156
68 158
68 162
68 163
68 164
68 168
68 171
68 173
68 175
68 176
68 178
68 179
68 183
69 70
69 71
69 72
69 73
69 77
69 81
69 83
69 85
69 86
69 87
69 88
69 93
69 94
69 95
69 96
69 101
69 102
69 103
69 108
69 111
69 113
69 114
69 116
69 119
69 121
69 123
69 126
69 127
69 130
69 132
69 133
69 134
69 135
69 137
69 138
69 140
69 144
69 146
69 147
69 148
69 149
69 150
69 152
69 153
69 154
69 155
69 156
69 158
69 160
69 162
69 164
69 165
69 166
69 167
69 168
69 177
69 181
69 183
69 185
69 186
70 72
70 74
70 79
70 81
70 82
70 83
70 85
70 89
70 91
70 92
70 93
70 94
70 95
70 99
70 101
70 102
70 103
70 104
70 105
70 106
70 107
70 108
70 109
70 110
70 113
70 117
70 118
70 119
70 121
70 122
70 125
70 126
70 127
70 129
70 130
70 132
70 136
70 140
70 142
70 143
70 145
70 146
70 150
70 151
70 154
70 155
70 156
70 164
70 165
70 166
70 168
70 170
70 174
70 175
70 177
70 178
70 180
70 183
71 73
71 74
71 75
71 76
71 77
71 83
71 85
71 87
71 90
71 93
71 95
71 97
71 98
71 99
71 100
71 102
71 103
71 105
71 107
71 109
71 111
71 113
71 116
71 117
71 119
71 120
71 122
71 127
71 130
71 131
71 133
71 134
71 136
71 140
71 142
71 143
71 145
71 146
71 147
71 148
71 150
71 151
71 158
71 159
71 162
71 165
71 167
71 171
71 172
71 176
71 179
71 180
71 181
71 183
71 185
71 187
72 73
72 77
72 79
72 83
72 85
72 86
72 88
72 89
72 90
72 91
72 92
72 94
72 96
72 97
72 105
72 106
72 109
72 111
72 113
72 114
72 115
72 116
72 117
72 119
72 121
72 122
72 123
72 124
72 125
72 127
72 128
72 129
72 131
72 132
72 134
72 135
72 141
72 142
72 144
72 146
72 147
72 148
72 149
72 151
72 154
72 157
72 158
72 160
72 161
72 162
72 163
72 164
72 165
72 166
72 168
72 170
72 171
72 172
72 177
72 182
72 183
72 184
73 74
73 75
73 77
73 78
73 79
73 80
73 81
73 82
73 83
73 84
73 89
73 90
73 92
73 94
73 97
73 98
73 101
73 103
73 104
73 105
73 106
73 107
73 108
73 109
73 112
73 115
73 118
73 121
73 125
73 127
73 134
73 137
73 138
73 141
73 144
73 146
73 147
73 149
73 152
73 153
73 155
73 159
73 161
73 165
73 167
73 171
73 174
73 176
73 182
73 187
74 76
74 77
74 78
74 79
74 83
74 84
74 86
74 87
74 90
74 93
74 96
74 98
74 99
74 100
74 102
74 107
74 108
74 109
74 111
74 112
74 113
74 116
74 118
74 119
74 121
74 123
74 127
74 128
74 129
74 130
74 132
74 133
74 135
74 136
74 137
74 143
74 151
74 152
74 154
74 155
74 157
74 159
74 162
74 163
74 168
74 171
74 178
74 179
74 180
74 181
74 184
74 187
75 76
75 77
75 78
75 80
75 81
75 82
75 84
75 85
75 86
75 87
75 88
75 93
75 94
75 95
75 98
75 99
75 101
75 103
75 104
75 105
75 106
75 108
75 118
75 120
75 124
75 125
75 127
75 129
75 130
75 131
75 132
75 134
75 135
75 137
75 139
75 144
75 145
75 147
75 154
75 156
75 160
75 162
75 163
75 164
75 166
75 167
75 168
75 169
75 170
75 172
75 174
75 175
75 176
75 179
75 185
75 186
75 187
76 79
76 80
76 82
76 83
76 84
76 87
76 88
76 89
76 95
76 98
76 99
76 100
76 101
76 103
76 107
76 108
76 109
76 111
76 112
76 113
76 116
76 118
76 120
76 121
76 127
76 130
76 131
76 132
76 133
76 134
76 136
76 138
76 139
76 140
76 144
76 148
76 149
76 150
76 152
76 153
76 154
76 155
76 157
76 160
76 162
76 164
76 167
76 170
76 173
76 174
76 175
76 178
76 179
76 181
76 182
76 183
76 184
76 186
76 187
77 80
77 81
77 84
77 85
77 87
77 91
77 92
77 93
77 96
77 97
77 98
77 99
77 102
77 103
77 104
77 107
77 108
77 112
77 115
77 117
77 118
77 119
77 120
77 121
77 125
77 128
77 129
77 130
77 132
77 133
77 137
77 138
77 139
77 140
77 141
77 142
77 143
77 144
77 147
77 148
77 149
77 150
77 152
77 153
77 157
77 159
77 163
77 164
77 165
77 168
77 169
77 171
77 172
77 174
77 175
77 176
77 177
77 181
77 183
77 187
78 79
78 83
78 86
78 88
78 91
78 93
78 94
78 97
78 100
78 104
78 106
78 107
78 110
78 112
78 113
78 114
78 121
78 122
78 124
78 127
78 130
78 133
78 135
78 137
78 138
78 148
78 153
78 154
78 156
78 161
78 163
78 164
78 166
78 167
78 168
78 172
78 173
78 180
78 181
78 182
78 187
79 80
79 81
79 82
79 84
79 85
79 86
79 89
79 91
79 92
79 94
79 97
79 100
79 102
79 103
79 104
79 105
79 108
79 109
79 110
79 111
79 115
79 116
79 117
79 119
79 124
79 127
79 130
79 132
79 133
79 134
79 135
79 137
79 138
79 140
79 141
79 144
79 145
79 146
79 147
79 149
79 154
79 155
79 158
79 160
79 161
79 163
79 165
79 167
79 168
79 169
79 171
79 172
79 174
79 175
79 177
79 180
79 181
79 185
80 82
80 83
80 85
80 89
80 90
80 92
80 96
80 97
80 98
80 99
80 100
80 101
80 103
80 104
80 107
80 110
80 111
80 117
80 120
80 121
80 125
80 128
80 129
80 130
80 131
80 136
80 138
80 140
80 141
80 142
80 144
80 146
80 147
80 148
80 149
80 154
80 157
80 158
80 159
80 162
80 163
80 165
80 167
80 169
80 171
80 174
80 176
80 178
80 181
81 82
81 84
81 85
81 87
81 88
81 89
81 90
81 92
81 93
81 94
81 95
81 96
81 97
81 100
81 102
81 103
81 104
81 105
81 106
81 108
81 113
81 117
81 118
81 119
81 120
81 122
81 123
81 124
81 126
81 130
81 131
81 132
81 134
81 138
81 139
81 141
81 142
81 144
81 145
81 146
81 149
81 151
81 152
81 156
81 158
81 168
81 172
81 175
81 179
81 180
81 182
81 185
82 83
82 84
82 86
82 91
82 93
82 94
82 95
82 97
82 98
82 99
82 100
82 101
82 102
82 104
82 105
82 107
82 108
82 109
82 110
82 114
82 119
82 121
82 128
82 129
82 131
82 134
82 136
82 139
82 140
82 144
82 145
82 148
82 152
82 155
82 157
82 158
82 161
82 163
82 166
82 169
82 171
82 173
82 175
82 176
82 178
82 181
82 185
82 186
83 84
83 85
83 86
83 90
83 91
83 92
83 95
83 97
83 98
83 100
83 102
83 104
83 105
83 106
83 107
83 108
83 109
83 112
83 113
83 114
83 127
83 129
83 131
83 132
83 134
83 137
83 139
83 144
83 146
83 149
83 152
83 153
83 156
83 158
83 160
83 161
83 162
83 163
83 165
83 166
83 167
83 170
83 172
83 173
83 176
83 177
83 179
83 181
83 182
83 186
84 85
84 88
84 89
84 91
84 93
84 94
84 97
84 98
84 99
84 100
84 102
84 104
84 105
84 107
84 110
84 113
84 115
84 116
84 117
84 119
84 120
84 129
84 130
84 131
84 137
84 141
84 143
84 149
84 151
84 152
84 153
84 155
84 157
84 159
84 162
84 166
84 169
84 171
84 173
84 176
84 177
84 178
84 179
84 181
84 182
84 183
85 87
85 88
85 90
85 92
85 98
85 100
85 102
85 106
85 107
85 110
85 112
85 113
85 115
85 116
85 117
85 118
85 120
85 122
85 123
85 127
85 139
85 141
85 142
85 148
85 151
85 152
85 154
85 155
85 160
85 171
85 175
85 176
85 179
85 180
85 183
85 184
85 185
85 186
86 88
86 89
86 94
86 97
86 103
86 104
86 105
86 107
86 108
86 109
86 110
86 111
86 114
86 115
86 116
86 117
86 120
86 121
86 123
86 125
86 126
86 127
86 128
86 130
86 131
86 132
86 134
86 137
86 138
86 141
86 146
86 147
86 151
86 152
86 155
86 156
86 159
86 163
86 165
86 166
86 170
86 171
86 177
86 178
86 181
86 182
86 184
86 185
86 187
87 88
87 89
87 93
87 94
87 95
87 97
87 98
87 99
87 102
87 105
87 106
87 111
87 112
87 113
87 115
87 116
87 117
87 118
87 119
87 122
87 124
87 125
87 129
87 130
87 135
87 137
87 140
87 142
87 143
87 144
87 146
87 147
87 150
87 152
87 153
87 156
87 158
87 161
87 164
87 166
87 172
87 175
87 177
87 178
87 179
87 181
88 92
88 93
88 95
88 98
88 100
88 104
88 105
88 106
88 108
88 109
88 110
88 113
88 115
88 116
88 118
88 122
88 123
88 125
88 126
88 127
88 128
88 129
88 131
88 133
88 136
88 143
88 144
88 145
88 148
88 149
88 150
88 152
88 153
88 157
88 160
88 161
88 163
88 167
88 169
88 171
88 173
88 178
88 180
88 182
88 183
89 90
89 94
89 96
89 97
89 99
89 101
89 102
89 103
89 107
89 109
89 112
89 116
89 118
89 120
89 125
89 127
89 128
89 129
89 133
89 134
89 135
89 140
89 142
89 144
89 145
89 146
89 148
89 149
89 152
89 154
89 155
89 156
89 158
89 159
89 165
89 167
89 170
89 172
89 175
89 178
89 180
89 181
89 182
89 184
89 186
90 96
90 97
90 98
90 99
90 100
90 110
90 111
90 113
90 116
90 118
90 120
90 123
90 126
90 130
90 131
90 134
90 137
90 140
90 142
90 143
90 144
90 146
90 147
90 148
90 150
90 151
90 153
90 156
90 158
90 160
90 165
90 167
90 168
90 169
90 173
90 174
90 175
90 176
90 179
90 182
90 183
90 185
91 96
91 97
91 99
91 100
91 105
91 107
91 109
91 110
91 111
91 115
91 118
91 121
91 123
91 127
91 130
91 132
91 133
91 135
91 138
91 139
91 140
91 141
91 142
91 143
91 144
91 146
91 147
91 151
91 159
91 160
91 164
91 167
91 169
91 171
91 176
91 177
91 181
91 182
91 184
91 186
92 94
92 96
92 97
92 98
92 99
92 105
92 106
92 110
92 111
92 112
92 114
92 116
92 118
92 120
92 121
92 124
92 125
92 128
92 129
92 130
92 133
92 134
92 136
92 137
92 138
92 139
92 140
92 141
92 143
92 146
92 147
92 154
92 159
92 164
92 166
92 167
92 170
92 171
92 172
92 174
92 176
92 178
92 180
92 182
92 187
93 94
93 98
93 100
93 101
93 103
93 106
93 108
93 112
93 114
93 115
93 118
93 119
93 122
93 124
93 126
93 127
93 128
93 133
93 134
93 135
93 137
93 138
93 139
93 141
93 142
93 143
93 145
93 146
93 147
93 149
93 151
93 152
93 154
93 157
93 159
93 163
93 168
93 169
93 170
93 177
93 180
93 182
93 184
93 186
93 187
94 96
94 97
94 98
94 100
94 101
94 102
94 104
94 107
94 110
94 111
94 114
94 115
94 119
94 121
94 122
94 123
94 124
94 125
94 136
94 140
94 144
94 145
94 151
94 153
94 159
94 163
94 164
94 165
94 166
94 167
94 169
94 173
94 174
94 175
94 179
94 181
94 182
94 183
94 185
94 186
94 187
95 101
95 102
95 106
95 107
95 111
95 112
95 113
95 115
95 116
95 124
95 125
95 127
95 128
95 129
95 131
95 132
95 133
95 134
95 135
95 136
95 138
95 147
95 148
95 149
95 150
95 154
95 155
95 156
95 157
95 158
95 159
95 163
95 164
95 168
95 170
95 172
95 175
95 178
95 181
95 182
95 186
95 187
96 98
96 101
96 102
96 105
96 107
96 108
96 109
96 112
96 115
96 118
96 121
96 122
96 123
96 125
96 127
96 129
96 133
96 134
96 136
96 138
96 141
96 142
96 143
96 144
96 146
96 148
96 149
96 152
96 155
96 156
96 157
96 158
96 162
96 166
96 171
96 172
96 173
96 174
96 184
96 185
97 100
97 101
97 104
97 105
97 107
97 108
97 109
97 110
97 111
97 112
97 113
97 114
97 116
97 118
97 119
97 120
97 122
97 127
97 128
97 130
97 131
97 132
97 133
97 138
97 139
97 144
97 147
97 149
97 150
97 153
97 154
97 156
97 159
97 164
97 166
97 167
97 168
97 169
97 176
97 177
97 179
97 185
97 186
98 99
98 103
98 104
98 106
98 107
98 111
98 112
98 113
98 114
98 117
98 120
98 122
98 123
98 124
98 128
98 129
98 131
98 136
98 137
98 141
98 143
98 144
98 145
98 146
98 147
98 154
98 156
98 158
98 161
98 162
98 163
98 165
98 167
98 168
98 174
98 175
98 178
98 179
98 182
98 183
98 186
98 187
99 103
99 105
99 106
99 107
99 108
99 110
99 113
99 115
99 118
99 120
99 121
99 123
99 124
99 125
99 126
99 129
99 130
99 131
99 132
99 133
99 135
99 138
99 139
99 142
99 143
99 144
99 145
99 146
99 148
99 151
99 152
99 155
99 157
99 159
99 161
99 162
99 170
99 172
99 173
99 174
99 180
99 182
99 183
99 184
99 186
100 104
100 105
100 107
100 113
100 115
100 116
100 117
100 122
100 123
100 126
100 128
100 129
100 131
100 132
100 133
100 134
100 137
100 142
100 144
100 148
100 149
100 158
100 161
100 162
100 163
100 168
100 172
100 173
100 174
100 175
100 177
100 183
100 184
100 185
100 187
101 102
101 104
101 105
101 107
101 108
101 111
101 112
101 114
101 117
101 118
101 123
101 126
101 127
101 129
101 131
101 132
101 134
101 135
101 137
101 138
101 140
101 143
101 144
101 146
101 147
101 148
101 149
101 153
101 156
101 159
101 161
101 164
101 171
101 177
101 179
101 180
101 184
102 106
102 107
102 110
102 112
102 114
102 118
102 119
102 121
102 122
102 123
102 128
102 129
102 132
102 135
102 136
102 138
102 140
102 151
102 152
102 155
102 156
102 157
102 158
102 164
102 171
102 174
102 175
102 176
102 180
102 184
102 185
102 186
103 107
103 108
103 109
103 112
103 113
103 115
103 119
103 120
103 121
103 122
103 123
103 127
103 128
103 129
103 132
103 134
103 137
103 138
103 141
103 142
103 144
103 147
103 153
103 157
103 160
103 169
103 171
103 173
103 174
103 175
103 177
103 178
103 179
103 180
103 183
103 184
103 187
104 107
104 112
104 113
104 114
104 115
104 116
104 117
104 120
104 121
104 126
104 132
104 136
104 141
104 149
104 152
104 153
104 154
104 157
104 159
104 160
104 161
104 163
104 165
104 166
104 168
104 169
104 171
104 173
104 174
104 177
104 185
105 106
105 109
105 113
105 115
105 118
105 119
105 122
105 123
105 129
105 131
105 132
105 133
105 136
105 138
105 139
105 140
105 143
105 144
105 145
105 147
105 148
105 150
105 151
105 155
105 156
105 161
105 165
105 168
105 169
105 170
105 172
105 173
105 175
105 177
105 179
105 180
105 181
105 183
105 184
105 186
106 112
106 113
106 115
106 117
106 122
106 126
106 128
106 130
106 131
106 133
106 134
106 136
106 137
106 140
106 141
106 149
106 153
106 154
106 156
106 159
106 161
106 162
106 164
106 167
106 169
106 170
106 173
106 174
106 175
106 176
106 179
106 181
106 185
106 186
107 108
107 109
107 112
107 114
107 117
107 121
107 123
107 128
107 129
107 131
107 133
107 135
107 138
107 142
107 145
107 147
107 150
107 164
107 169
107 171
107 172
107 183
107 186
107 187
108 109
108 110
108 111
108 112
108 117
108 118
108 119
108 120
108 122
108 124
108 125
108 126
108 127
108 131
108 132
108 134
108 137
108 138
108 140
108 141
108 148
108 149
108 156
108 159
108 162
108 163
108 166
108 167
108 168
108 170
108 171
108 177
108 178
108 179
108 180
108 181
108 183
108 185
109 110
109 111
109 112
109 113
109 114
109 115
109 116
109 118
109 119
109 123
109 127
109 128
109 130
109 132
109 134
109 137
109 142
109 143
109 144
109 145
109 148
109 152
109 153
109 157
109 161
109 163
109 164
109 169
109 170
109 176
109 178
109 183
109 185
109 186
110 112
110 114
110 123
110 127
110 129
110 130
110 131
110 132
110 135
110 136
110 139
110 141
110 143
110 144
110 151
110 155
110 156
110 157
110 158
110 161
110 162
110 165
110 169
110 170
110 171
110 174
110 176
110 178
110 182
110 183
110 184
110 187
111 113
111 115
111 119
111 120
111 123
111 124
111 126
111 128
111 130
111 132
111 137
111 138
111 141
111 142
111 144
111 149
111 152
111 153
111 154
111 155
111 156
111 157
111 160
111 164
111 168
111 169
111 170
111 171
111 172
111 179
111 181
111 182
111 184
111 187
112 113
112 115
112 116
112 117
112 121
112 123
112 125
112 126
112 127
112 129
112 130
112 131
112 132
112 136
112 139
112 142
112 147
112 150
112 152
112 154
112 156
112 158
112 163
112 167
112 178
112 181
112 182
112 183
112 185
112 186
113 117
113 119
113 120
113 123
113 124
113 132
113 135
113 136
113 137
113 138
113 139
113 140
113 141
113 151
113 154
113 155
113 160
113 161
113 168
113 169
113 170
113 177
113 179
113 181
113 183
113 186
114 118
114 119
114 122
114 123
114 126
114 129
114 131
114 133
114 135
114 137
114 141
114 142
114 145
114 148
114 150
114 151
114 154
114 159
114 160
114 161
114 162
114 163
114 169
114 170
114 175
114 177
114 178
114 179
114 181
114 185
114 187
115 116
115 118
115 121
115 126
115 127
115 128
115 129
115 131
115 133
115 135
115 137
115 140
115 141
115 142
115 146
115 147
115 151
115 153
115 158
115 163
115 165
115 170
115 173
115 175
115 178
115 180
115 184
115 185
116 118
116 119
116 121
116 124
116 125
116 126
116 129
116 130
116 131
116 132
116 133
116 138
116 139
116 142
116 144
116 145
116 146
116 147
116 149
116 152
116 154
116 155
116 156
116 158
116 161
116 165
116 167
116 169
116 170
116 179
116 180
116 182
116 186
116 187
117 118
117 122
117 124
117 125
117 126
117 129
117 131
117 133
117 136
117 138
117 146
117 147
117 149
117 153
117 154
117 156
117 158
117 161
117 164
117 170
117 172
117 174
117 175
117 176
117 180
117 182
117 183
117 186
118 119
118 120
118 121
118 122
118 123
118 125
118 126
118 128
118 135
118 136
118 137
118 138
118 140
118 141
118 146
118 147
118 148
118 154
118 155
118 156
118 158
118 159
118 161
118 165
118 167
118 171
118 172
118 173
118 174
118 182
118 184
118 186
118 187
119 121
119 122
119 128
119 131
119 132
119 138
119 140
119 141
119 143
119 145
119 146
119 147
119 148
119 149
119 150
119 152
119 153
119 157
119 158
119 162
119 166
119 168
119 169
119 170
119 173
119 176
119 178
119 179
119 183
119 186
119 187
120 121
120 123
120 124
120 125
120 128
120 129
120 131
120 132
120 134
120 135
120 139
120 140
120 142
120 144
120 145
120 149
120 151
120 152
120 153
120 154
120 157
120 158
120 164
120 166
120 168
120 169
120 172
120 173
120 175
120 176
120 186
120 187
121 125
121 132
121 137
121 140
121 141
121 144
121 148
121 149
121 150
121 152
121 153
121 155
121 157
121 158
121 159
121 160
121 161
121 163
121 165
121 172
121 173
121 174
121 178
121 182
121 183
121 184
122 124
122 127
122 129
122 130
122 134
122 137
122 139
122 147
122 149
122 153
122 157
122 159
122 160
122 162
122 163
122 164
122 165
122 168
122 169
122 171
122 172
122 173
122 175
122 177
122 178
122 182
122 183
122 186
122 187
123 125
123 126
123 127
123 130
123 131
123 135
123 140
123 141
123 142
123 144
123 145
123 146
123 147
123 149
123 150
123 151
123 156
123 157
123 158
123 162
123 165
123 166
123 167
123 169
123 170
123 173
123 176
123 177
123 179
123 184
123 185
123 187
124 125
124 126
124 128
124 129
124 130
124 131
124 141
124 143
124 144
124 145
124 146
124 150
124 154
124 156
124 157
124 162
124 164
124 165
124 167
124 169
124 178
124 180
124 182
124 183
124 184
125 127
125 128
125 134
125 135
125 136
125 140
125 141
125 143
125 144
125 148
125 150
125 152
125 156
125 163
125 167
125 168
125 172
125 179
125 180
125 181
125 182
125 184
125 185
125 187
126 129
126 131
126 136
126 137
126 140
126 141
126 142
126 143
126 144
126 145
126 146
126 148
126 149
126 151
126 153
126 161
126 162
126 164
126 167
126 168
126 169
126 170
126 174
126 176
126 177
126 178
126 179
126 182
126 184
126 185
126 187
127 128
127 129
127 132
127 133
127 139
127 147
127 149
127 151
127 153
127 157
127 159
127 162
127 164
127 166
127 167
127 168
127 170
127 171
127 178
127 179
127 182
127 184
127 185
128 129
128 130
128 131
128 132
128 137
128 138
128 139
128 140
128 142
128 146
128 148
128 149
128 150
128 151
128 153
128 155
128 157
128 160
128 162
128 166
128 167
128 177
128 178
128 179
128 184
128 187
129 132
129 136
129 138
129 145
129 150
129 151
129 154
129 155
129 157
129 159
129 162
129 172
129 174
129 176
129 178
129 179
130 131
130 134
130 136
130 139
130 142
130 143
130 147
130 149
130 150
130 151
130 153
130 155
130 161
130 162
130 168
130 170
130 172
130 173
130 175
130 176
130 177
130 179
130 187
131 132
131 134
131 135
131 140
131 141
131 143
131 145
131 147
131 148
131 151
131 152
131 153
131 156
131 157
131 158
131 164
131 165
131 167
131 172
131 174
131 178
131 186
132 133
132 137
132 138
132 141
132 143
132 147
132 150
132 155
132 156
132 159
132 160
132 164
132 165
132 168
132 170
132 171
132 174
132 175
132 176
132 177
132 178
132 179
132 182
133 135
133 139
133 141
133 142
133 146
133 157
133 158
133 159
133 162
133 165
133 166
133 168
133 173
133 175
133 178
133 183
133 184
133 185
134 137
134 139
134 140
134 141
134 143
134 144
134 146
134 149
134 150
134 152
134 154
134 155
134 156
134 162
134 164
134 166
134 169
134 171
134 174
134 178
134 179
134 181
134 182
134 185
134 186
135 137
135 138
135 140
135 147
135 150
135 151
135 152
135 154
135 155
135 156
135 162
135 168
135 169
135 173
135 175
135 176
135 177
135 181
135 182
136 138
136 140
136 141
136 143
136 150
136 156
136 158
136 159
136 160
136 166
136 171
136 174
136 178
136 180
136 181
136 187
137 139
137 141
137 142
137 144
137 149
137 150
137 153
137 154
137 161
137 165
137 166
137 169
137 170
137 174
137 175
137 177
137 182
137 185
138 140
138 142
138 147
138 149
138 151
138 159
138 160
138 164
138 167
138 169
138 171
138 175
138 177
138 181
138 183
139 140
139 143
139 144
139 146
139 150
139 152
139 153
139 154
139 155
139 156
139 157
139 158
139 160
139 161
139 165
139 166
139 169
139 171
139 172
139 180
140 143
140 145
140 149
140 152
140 153
140 154
140 159
140 161
140 163
140 165
140 166
140 167
140 172
140 173
140 175
140 176
140 180
141 142
141 147
141 151
141 156
141 160
141 162
141 164
141 165
141 166
141 168
141 169
141 170
141 172
141 173
141 176
141 178
141 179
142 143
142 146
142 150
142 153
142 155
142 162
142 165
142 167
142 168
142 170
142 171
142 174
142 176
142 180
143 144
143 145
143 146
143 147
143 148
143 150
143 151
143 152
143 155
143 157
143 161
143 162
143 166
143 167
143 170
143 171
143 176
143 178
143 180
143 181
143 187
144 145
144 151
144 152
144 155
144 157
144 166
144 168
144 169
144 170
144 174
144 175
144 176
144 178
144 180
144 182
144 183
145 146
145 148
145 149
145 150
145 151
145 154
145 158
145 160
145 161
145 165
145 168
145 170
145 172
145 176
145 179
145 180
145 181
146 150
146 152
146 153
146 157
146 158
146 161
146 162
146 167
146 168
146 171
146 173
146 174
146 178
146 179
146 183
146 185
147 150
147 152
147 153
147 154
147 156
147 158
147 160
147 162
147 164
147 167
147 171
147 174
147 175
148 152
148 153
148 155
148 158
148 159
148 160
148 173
148 176
148 177
148 179
148 180
148 184
148 185
148 187
149 150
149 157
149 158
149 159
149 160
149 161
149 162
149 167
149 169
149 172
149 173
149 175
149 176
149 179
149 182
149 184
149 185
150 151
150 152
150 154
150 155
150 157
150 161
150 164
150 166
150 170
150 171
150 172
150 174
150 175
150 177
150 179
150 182
151 152
151 155
151 156
151 157
151 161
151 163
151 164
151 166
151 171
151 173
151 174
151 175
151 176
151 177
151 179
151 181
151 185
151 186
152 153
152 154
152 156
152 157
152 158
152 160
152 161
152 165
152 168
152 169
152 172
152 174
152 178
153 154
153 168
153 169
153 179
153 180
153 181
153 184
153 185
154 157
154 158
154 165
154 167
154 169
154 170
154 181
154 183
154 185
155 156
155 157
155 161
155 162
155 164
155 167
155 171
155 173
155 177
155 181
155 182
155 184
155 185
155 187
156 157
156 159
156 163
156 174
156 175
156 176
156 180
156 182
156 185
156 186
156 187
157 164
157 165
157 170
157 171
157 175
157 180
157 186
158 163
158 164
158 165
158 167
158 170
158 171
158 175
158 177
158 180
158 181
158 182
158 185
158 187
159 161
159 162
159 163
159 166
159 168
159 170
159 172
159 173
159 174
159 175
159 176
159 179
159 181
159 183
159 184
159 185
160 163
160 164
160 165
160 168
160 169
160 170
160 171
160 176
160 179
160 181
160 184
160 185
160 186
161 163
161 168
161 170
161 173
161 174
161 175
161 176
161 177
161 178
162 163
162 166
162 167
162 168
162 173
162 175
162 180
162 181
162 182
163 166
163 168
163 169
163 170
163 178
163 182
163 185
163 186
164 165
164 170
164 173
164 177
164 179
164 181
164 182
164 183
165 166
165 171
165 172
165 173
165 174
165 175
165 178
165 181
166 169
166 172
166 177
166 183
166 186
166 187
167 170
167 171
167 173
167 176
167 178
167 180
167 182
167 186
167 187
168 170
168 171
168 173
168 176
168 177
168 180
168 182
169 172
169 174
169 175
169 176
169 180
169 181
169 185
170 174
170 175
170 179
170 181
170 184
171 177
171 180
171 186
171 187
172 174
172 176
172 178
172 183
172 186
172 187
173 175
173 177
173 178
173 179
173 186
173 187
174 175
174 176
174 182
174 185
174 186
175 183
175 184
175 187
176 178
176 183
176 184
176 185
176 186
176 187
177 178
177 179
177 183
177 184
178 181
178 186
178 187
179 180
179 182
179 183
179 185
180 184
180 186
180 187
181 182
181 183
181 184
181 186
181 187
182 185
183 184
183 186
184 186
184 187
185 186
185 187
186 187
