180
0 1
0 13
0 74
0 76
0 81
0 123
1 2
1 3
1 10
2 4
2 8
2 107
3 5
3 9
3 31
3 145
3 173
4 6
4 34
4 35
4 65
4 125
4 148
4 173
5 7
5 12
5 20
5 49
5 67
5 73
5 97
5 138
5 175
5 179
6 11
6 40
6 83
6 96
6 114
6 116
6 150
6 177
7 19
7 47
7 75
7 93
7 116
7 124
7 175
8 15
8 16
8 30
8 104
8 108
8 124
8 156
9 21
9 28
9 42
9 43
9 56
9 60
9 129
9 154
10 17
10 29
10 39
10 45
10 53
10 73
10 134
10 157
10 168
11 16
11 24
11 53
11 74
11 130
12 14
12 18
12 37
12 45
12 58
12 77
13 17
13 57
13 72
13 104
13 168
14 107
14 177
15 22
15 25
15 33
15 53
15 56
15 58
15 61
15 69
15 128
15 171
15 175
16 80
16 84
16 115
16 122
16 134
17 32
17 106
17 117
17 126
17 177
18 27
18 34
18 130
18 145
18 160
18 167
18 169
19 35
19 84
19 86
19 95
19 101
19 106
19 112
19 143
19 162
20 61
20 67
20 95
20 124
21 23
21 26
21 36
21 71
21 91
21 108
21 113
21 125
21 141
22 41
22 83
22 101
22 114
22 148
22 150
22 152
22 174
23 60
23 132
24 46
24 62
24 129
24 158
24 176
25 43
25 89
25 142
25 153
25 171
25 179
26 57
26 63
26 87
26 91
26 99
26 107
26 121
27 30
27 63
27 78
27 93
27 125
28 36
28 46
28 127
29 63
29 68
29 116
29 141
29 150
29 169
30 55
30 75
30 84
30 93
30 146
30 158
31 59
31 79
31 88
31 148
31 166
32 40
32 44
32 94
32 98
32 125
32 131
32 171
33 78
33 89
33 174
34 45
34 56
34 57
34 100
34 120
34 151
35 66
35 143
36 38
36 51
36 52
36 136
37 51
37 103
37 111
37 127
37 149
38 97
38 100
38 107
38 159
39 64
39 70
39 125
39 166
40 42
40 48
40 82
40 95
40 102
41 50
41 55
41 58
41 123
41 147
41 153
41 178
42 90
42 91
42 113
42 162
43 66
43 88
43 108
43 126
43 159
44 50
44 62
45 84
45 118
45 120
45 175
46 69
46 91
46 99
46 117
46 120
46 159
47 72
47 83
47 85
47 90
47 119
47 161
48 87
48 89
48 90
48 164
49 52
49 63
49 65
49 86
49 97
49 161
49 165
50 155
50 169
50 173
50 174
51 54
51 66
51 142
51 159
52 64
52 73
53 68
53 85
53 101
53 103
53 122
54 76
54 108
54 130
54 133
54 170
54 179
55 65
55 96
55 99
55 135
56 141
56 143
57 82
57 151
57 153
58 80
58 82
58 102
58 156
59 77
59 116
59 146
60 62
60 127
60 139
60 150
61 90
61 149
61 164
62 109
62 117
62 130
62 176
63 106
63 118
64 96
64 112
64 148
64 154
65 68
65 71
65 103
65 154
66 172
67 98
67 140
67 151
67 155
68 114
68 176
69 114
69 119
69 126
69 148
70 91
70 115
70 134
70 162
71 76
71 77
71 94
71 105
71 143
71 165
72 75
72 173
73 93
73 111
73 136
74 118
74 125
74 147
74 170
75 116
75 121
76 115
77 139
77 147
78 99
78 137
78 139
78 176
79 92
79 163
79 179
80 88
80 105
80 109
80 154
81 97
81 106
81 136
82 169
83 90
83 150
83 159
83 162
84 95
84 100
84 104
84 129
84 131
84 148
84 156
85 100
85 160
86 131
86 149
87 137
88 101
88 102
88 136
89 95
89 96
89 170
89 173
90 152
90 165
91 129
91 139
91 147
92 96
92 140
92 156
94 100
94 122
95 110
95 153
97 120
97 159
98 146
98 165
99 105
99 132
100 140
101 121
101 123
101 144
101 151
102 112
102 138
102 178
103 133
103 161
103 166
104 121
105 106
105 110
105 122
105 145
106 121
106 170
107 113
107 135
108 113
109 122
109 146
110 161
110 168
110 170
111 139
111 142
111 152
112 176
113 123
113 131
114 141
114 142
114 167
114 174
115 153
118 165
119 130
119 138
120 131
120 137
121 137
121 158
122 126
122 129
122 164
123 156
123 162
124 150
126 167
128 131
128 133
128 144
129 156
129 158
130 149
131 168
131 179
132 164
133 160
133 167
135 137
135 152
135 172
136 144
137 177
138 142
140 164
140 178
142 170
143 178
144 176
145 160
145 177
146 179
148 158
155 157
156 157
158 168
160 177
162 163
163 171
164 172
166 171
171 178
172 177
