188
0 1
0 2
0 3
0 6
0 7
0 8
0 9
0 10
0 11
0 12
0 13
0 14
0 15
0 16
0 18
0 21
0 22
0 23
0 24
0 26
0 28
0 30
0 31
0 33
0 34
0 36
0 37
0 38
0 41
0 44
0 45
0 48
0 49
0 50
0 54
0 56
0 58
0 59
0 62
0 65
0 66
0 68
0 69
0 70
0 71
0 74
0 75
0 76
0 78
0 79
0 80
0 81
0 82
0 84
0 85
0 86
0 87
0 89
0 90
0 93
0 94
0 95
0 96
0 97
0 99
0 100
0 103
0 104
0 105
0 106
0 107
0 108
0 112
0 116
0 117
0 119
0 120
0 121
0 122
0 123
0 124
0 125
0 128
0 129
0 130
0 131
0 132
0 134
0 136
0 140
0 141
0 142
0 149
0 152
0 155
0 157
0 158
0 172
0 173
0 174
0 175
0 176
0 177
0 178
0 181
0 184
0 185
1 2
1 3
1 5
1 6
1 9
1 10
1 11
1 13
1 14
1 15
1 16
1 19
1 20
1 22
1 26
1 27
1 28
1 29
1 30
1 32
1 36
1 38
1 39
1 40
1 42
1 43
1 45
1 46
1 47
1 49
1 51
1 57
1 58
1 59
1 61
1 62
1 64
1 65
1 67
1 68
1 69
1 71
1 72
1 74
1 77
1 78
1 79
1 80
1 81
1 83
1 86
1 88
1 91
1 94
1 95
1 101
1 103
1 105
1 106
1 107
1 109
1 111
1 112
1 113
1 114
1 115
1 117
1 118
1 119
1 120
1 121
1 123
1 124
1 125
1 126
1 129
1 130
1 131
1 132
1 133
1 135
1 136
1 138
1 143
1 144
1 145
1 146
1 147
1 148
1 150
1 151
1 153
1 155
1 158
1 159
1 160
1 163
1 165
1 166
1 168
1 169
1 176
1 177
1 178
1 179
1 180
1 182
1 185
2 3
2 4
2 5
2 7
2 8
2 9
2 10
2 13
2 14
2 16
2 18
2 19
2 23
2 27
2 28
2 29
2 30
2 33
2 34
2 37
2 39
2 42
2 43
2 44
2 45
2 47
2 48
2 49
2 51
2 52
2 54
2 55
2 58
2 59
2 60
2 61
2 62
2 63
2 65
2 68
2 71
2 73
2 74
2 78
2 79
2 82
2 84
2 86
2 92
2 94
2 95
2 96
2 97
2 98
2 100
2 101
2 102
2 106
2 108
2 109
2 110
2 111
2 112
2 116
2 117
2 121
2 123
2 131
2 132
2 133
2 136
2 137
2 139
2 140
2 142
2 145
2 146
2 147
2 149
2 150
2 151
2 152
2 153
2 155
2 156
2 157
2 158
2 160
2 161
2 162
2 163
2 165
2 166
2 168
2 169
2 170
2 174
2 176
2 177
2 178
2 180
2 183
3 5
3 6
3 7
3 8
3 9
3 13
3 17
3 18
3 20
3 21
3 22
3 24
3 26
3 27
3 28
3 29
3 30
3 31
3 33
3 34
3 35
3 36
3 39
3 40
3 42
3 43
3 44
3 45
3 48
3 49
3 51
3 57
3 61
3 62
3 63
3 64
3 65
3 66
3 69
3 70
3 71
3 75
3 76
3 77
3 78
3 79
3 82
3 83
3 84
3 85
3 86
3 87
3 88
3 89
3 93
3 95
3 96
3 99
3 100
3 101
3 102
3 106
3 107
3 108
3 112
3 113
3 115
3 116
3 118
3 119
3 120
3 127
3 128
3 130
3 132
3 133
3 134
3 135
3 138
3 139
3 140
3 141
3 143
3 144
3 145
3 149
3 150
3 152
3 153
3 156
3 157
3 158
3 160
3 161
3 163
3 165
3 166
3 168
3 171
3 172
3 173
3 176
3 183
4 5
4 6
4 7
4 8
4 9
4 10
4 12
4 15
4 17
4 18
4 19
4 20
4 21
4 22
4 23
4 25
4 26
4 27
4 28
4 29
4 30
4 31
4 32
4 33
4 34
4 35
4 36
4 38
4 39
4 41
4 42
4 44
4 45
4 47
4 49
4 50
4 53
4 54
4 56
4 58
4 59
4 60
4 61
4 63
4 65
4 66
4 67
4 69
4 70
4 71
4 73
4 77
4 78
4 79
4 80
4 82
4 83
4 84
4 87
4 90
4 93
4 95
4 97
4 98
4 100
4 102
4 106
4 109
4 110
4 111
4 113
4 116
4 117
4 118
4 119
4 121
4 122
4 123
4 124
4 126
4 127
4 128
4 131
4 133
4 137
4 140
4 141
4 143
4 144
4 145
4 147
4 151
4 152
4 153
4 156
4 159
4 160
4 161
4 163
4 164
4 165
4 167
4 168
4 169
4 170
4 171
4 172
4 173
4 174
4 175
4 177
4 182
4 184
4 186
5 7
5 8
5 9
5 10
5 11
5 12
5 13
5 14
5 16
5 17
5 19
5 20
5 22
5 23
5 24
5 25
5 28
5 29
5 30
5 31
5 32
5 34
5 35
5 37
5 39
5 43
5 44
5 46
5 48
5 49
5 50
5 51
5 53
5 56
5 57
5 59
5 60
5 61
5 63
5 64
5 70
5 71
5 72
5 73
5 74
5 77
5 79
5 80
5 81
5 83
5 86
5 88
5 89
5 91
5 93
5 94
5 96
5 97
5 98
5 100
5 101
5 102
5 109
5 111
5 112
5 115
5 116
5 123
5 126
5 127
5 128
5 129
5 130
5 134
5 136
5 137
5 138
5 143
5 144
5 146
5 148
5 149
5 154
5 155
5 157
5 158
5 159
5 161
5 163
5 165
5 167
5 169
5 170
5 171
5 172
5 174
5 175
5 177
5 179
5 180
5 185
5 186
5 187
6 7
6 8
6 11
6 12
6 13
6 14
6 15
6 16
6 17
6 18
6 19
6 22
6 23
6 24
6 26
6 27
6 28
6 29
6 31
6 32
6 33
6 38
6 39
6 41
6 42
6 43
6 44
6 45
6 47
6 48
6 49
6 50
6 51
6 52
6 54
6 56
6 57
6 59
6 60
6 61
6 63
6 64
6 67
6 69
6 71
6 72
6 73
6 74
6 75
6 76
6 77
6 80
6 81
6 83
6 84
6 85
6 86
6 87
6 88
6 89
6 91
6 92
6 93
6 94
6 95
6 96
6 98
6 100
6 102
6 103
6 104
6 105
6 106
6 107
6 109
6 110
6 111
6 114
6 115
6 116
6 119
6 121
6 122
6 123
6 125
6 127
6 129
6 130
6 131
6 133
6 134
6 135
6 136
6 140
6 142
6 143
6 146
6 147
6 149
6 151
6 154
6 155
6 157
6 159
6 162
6 163
6 164
6 165
6 166
6 168
6 171
6 177
6 178
6 179
6 181
6 182
6 185
6 186
7 9
7 12
7 13
7 14
7 16
7 18
7 19
7 20
7 21
7 23
7 24
7 25
7 26
7 31
7 32
7 34
7 35
7 37
7 39
7 40
7 42
7 43
7 44
7 45
7 46
7 47
7 48
7 49
7 53
7 54
7 55
7 57
7 58
7 59
7 61
7 63
7 64
7 67
7 70
7 71
7 73
7 75
7 76
7 77
7 81
7 82
7 84
7 85
7 86
7 87
7 89
7 90
7 91
7 92
7 93
7 94
7 97
7 99
7 100
7 101
7 103
7 105
7 107
7 111
7 112
7 113
7 117
7 119
7 120
7 122
7 123
7 125
7 126
7 131
7 135
7 136
7 138
7 141
7 142
7 144
7 145
7 146
7 147
7 149
7 152
7 153
7 155
7 157
7 158
7 162
7 165
7 166
7 168
7 169
7 171
7 172
7 173
7 180
7 181
7 183
7 184
7 186
8 9
8 12
8 14
8 15
8 18
8 22
8 23
8 24
8 25
8 26
8 27
8 29
8 30
8 31
8 32
8 33
8 35
8 36
8 38
8 39
8 42
8 43
8 46
8 47
8 48
8 49
8 52
8 53
8 55
8 57
8 60
8 62
8 63
8 65
8 72
8 74
8 75
8 78
8 81
8 82
8 85
8 87
8 89
8 90
8 91
8 92
8 93
8 98
8 101
8 104
8 106
8 107
8 108
8 109
8 112
8 114
8 115
8 116
8 117
8 120
8 122
8 124
8 126
8 129
8 131
8 132
8 133
8 134
8 135
8 137
8 139
8 140
8 141
8 142
8 143
8 144
8 148
8 149
8 151
8 152
8 153
8 154
8 156
8 158
8 160
8 162
8 165
8 169
8 171
8 173
8 174
8 175
8 176
8 178
8 179
8 180
8 181
8 184
8 186
8 187
9 10
9 11
9 12
9 14
9 15
9 16
9 17
9 19
9 20
9 21
9 23
9 24
9 26
9 27
9 28
9 30
9 31
9 32
9 33
9 34
9 36
9 37
9 38
9 41
9 43
9 44
9 47
9 51
9 52
9 54
9 56
9 57
9 58
9 59
9 60
9 63
9 65
9 67
9 68
9 69
9 72
9 73
9 74
9 75
9 77
9 78
9 79
9 80
9 81
9 82
9 83
9 86
9 87
9 88
9 89
9 90
9 91
9 94
9 98
9 99
9 101
9 104
9 105
9 107
9 110
9 112
9 113
9 115
9 118
9 119
9 122
9 123
9 127
9 129
9 130
9 133
9 134
9 136
9 139
9 143
9 145
9 147
9 148
9 149
9 151
9 154
9 156
9 160
9 163
9 165
9 167
9 168
9 169
9 171
9 172
9 175
9 176
9 178
9 184
9 185
9 187
10 11
10 13
10 14
10 15
10 16
10 17
10 19
10 21
10 22
10 23
10 24
10 25
10 27
10 29
10 33
10 34
10 36
10 37
10 39
10 41
10 43
10 44
10 47
10 48
10 49
10 50
10 51
10 52
10 54
10 55
10 56
10 57
10 59
10 61
10 63
10 65
10 66
10 67
10 68
10 70
10 72
10 74
10 75
10 76
10 78
10 83
10 84
10 85
10 86
10 88
10 91
10 93
10 95
10 96
10 97
10 98
10 99
10 101
10 102
10 104
10 105
10 107
10 110
10 114
10 115
10 117
10 118
10 120
10 121
10 122
10 123
10 125
10 127
10 128
10 129
10 130
10 132
10 133
10 134
10 135
10 136
10 137
10 139
10 140
10 142
10 143
10 147
10 149
10 150
10 151
10 153
10 154
10 157
10 160
10 163
10 164
10 165
10 172
10 175
10 176
10 177
10 178
10 179
10 181
10 183
10 184
10 187
11 15
11 16
11 19
11 20
11 21
11 23
11 24
11 25
11 27
11 28
11 31
11 35
11 37
11 38
11 40
11 41
11 42
11 44
11 45
11 46
11 47
11 49
11 50
11 53
11 54
11 57
11 58
11 59
11 60
11 61
11 62
11 63
11 64
11 69
11 70
11 72
11 73
11 74
11 76
11 79
11 83
11 87
11 90
11 92
11 93
11 94
11 95
11 96
11 98
11 102
11 105
11 107
11 109
11 110
11 114
11 116
11 118
11 122
11 123
11 124
11 125
11 126
11 127
11 129
11 130
11 131
11 132
11 133
11 134
11 135
11 136
11 137
11 138
11 139
11 141
11 142
11 143
11 145
11 146
11 147
11 148
11 150
11 152
11 154
11 158
11 161
11 162
11 163
11 164
11 168
11 171
11 174
11 175
11 176
11 177
11 178
11 179
11 185
11 186
11 187
12 13
12 14
12 15
12 16
12 18
12 19
12 20
12 22
12 23
12 24
12 25
12 31
12 32
12 33
12 34
12 36
12 37
12 38
12 39
12 41
12 43
12 45
12 47
12 49
12 50
12 52
12 53
12 54
12 55
12 57
12 58
12 59
12 61
12 62
12 66
12 67
12 68
12 70
12 72
12 74
12 75
12 76
12 77
12 78
12 79
12 80
12 81
12 82
12 83
12 85
12 86
12 88
12 91
12 92
12 93
12 94
12 95
12 96
12 98
12 99
12 101
12 102
12 103
12 107
12 110
12 111
12 112
12 113
12 120
12 121
12 123
12 124
12 126
12 127
12 130
12 132
12 138
12 140
12 141
12 142
12 145
12 146
12 148
12 149
12 150
12 151
12 154
12 155
12 157
12 158
12 159
12 162
12 163
12 164
12 165
12 168
12 169
12 171
12 174
12 175
12 176
12 177
12 179
12 180
12 181
12 185
12 187
13 14
13 17
13 21
13 23
13 24
13 26
13 28
13 29
13 31
13 35
13 36
13 37
13 38
13 43
13 46
13 47
13 48
13 53
13 54
13 55
13 58
13 59
13 60
13 62
13 63
13 64
13 65
13 66
13 67
13 68
13 69
13 70
13 71
13 72
13 74
13 78
13 79
13 81
13 84
13 85
13 86
13 87
13 88
13 89
13 91
13 92
13 93
13 94
13 95
13 96
13 98
13 101
13 102
13 103
13 104
13 105
13 106
13 107
13 108
13 109
13 111
13 112
13 113
13 114
13 115
13 116
13 117
13 118
13 119
13 120
13 122
13 125
13 126
13 128
13 130
13 132
13 136
13 137
13 140
13 143
13 144
13 145
13 146
13 147
13 149
13 150
13 151
13 154
13 156
13 159
13 160
13 161
13 164
13 166
13 167
13 172
13 173
13 176
13 177
13 179
13 180
13 181
13 182
14 16
14 17
14 18
14 19
14 20
14 23
14 24
14 25
14 26
14 27
14 29
14 30
14 31
14 32
14 33
14 36
14 37
14 38
14 42
14 44
14 46
14 47
14 52
14 53
14 55
14 57
14 61
14 62
14 63
14 64
14 66
14 70
14 72
14 73
14 74
14 75
14 76
14 78
14 79
14 80
14 81
14 82
14 84
14 85
14 86
14 87
14 89
14 91
14 92
14 93
14 94
14 95
14 96
14 97
14 99
14 100
14 102
14 103
14 104
14 105
14 110
14 111
14 113
14 116
14 118
14 119
14 120
14 121
14 123
14 124
14 127
14 129
14 131
14 132
14 134
14 137
14 138
14 139
14 140
14 141
14 142
14 143
14 144
14 149
14 150
14 152
14 153
14 157
14 160
14 161
14 163
14 164
14 166
14 167
14 168
14 170
14 171
14 172
14 173
14 174
14 175
14 176
14 177
14 179
14 184
14 187
15 17
15 18
15 21
15 22
15 25
15 28
15 32
15 33
15 34
15 35
15 36
15 38
15 41
15 42
15 44
15 45
15 46
15 47
15 48
15 49
15 51
15 52
15 56
15 58
15 59
15 61
15 64
15 66
15 67
15 68
15 69
15 70
15 72
15 73
15 74
15 75
15 76
15 78
15 79
15 80
15 82
15 83
15 85
15 88
15 90
15 93
15 98
15 101
15 102
15 106
15 107
15 108
15 110
15 111
15 113
15 114
15 115
15 116
15 122
15 124
15 125
15 127
15 128
15 130
15 131
15 134
15 137
15 138
15 140
15 141
15 142
15 144
15 145
15 147
15 148
15 149
15 151
15 152
15 154
15 156
15 157
15 159
15 160
15 161
15 163
15 164
15 166
15 167
15 168
15 169
15 173
15 174
15 175
15 178
15 183
15 184
16 17
16 20
16 21
16 23
16 24
16 25
16 26
16 28
16 29
16 30
16 33
16 37
16 38
16 39
16 40
16 44
16 45
16 46
16 48
16 49
16 50
16 51
16 52
16 53
16 54
16 57
16 58
16 59
16 60
16 61
16 62
16 63
16 64
16 65
16 68
16 72
16 74
16 75
16 76
16 78
16 79
16 82
16 83
16 84
16 85
16 87
16 88
16 90
16 92
16 93
16 95
16 96
16 100
16 102
16 103
16 105
16 107
16 108
16 109
16 110
16 111
16 114
16 116
16 119
16 120
16 122
16 123
16 125
16 126
16 127
16 129
16 130
16 132
16 134
16 136
16 138
16 139
16 141
16 143
16 145
16 148
16 149
16 151
16 153
16 154
16 155
16 159
16 162
16 164
16 165
16 166
16 167
16 172
16 174
16 175
16 177
16 178
16 179
16 180
16 181
16 183
16 187
17 18
17 19
17 20
17 21
17 22
17 24
17 26
17 27
17 28
17 29
17 30
17 32
17 33
17 34
17 35
17 38
17 39
17 40
17 42
17 44
17 45
17 46
17 47
17 48
17 49
17 50
17 52
17 53
17 54
17 56
17 57
17 60
17 62
17 64
17 65
17 69
17 70
17 72
17 75
17 77
17 78
17 79
17 81
17 84
17 86
17 87
17 91
17 92
17 93
17 94
17 96
17 98
17 99
17 100
17 104
17 105
17 109
17 111
17 115
17 116
17 117
17 119
17 120
17 122
17 124
17 125
17 126
17 127
17 129
17 130
17 134
17 137
17 138
17 139
17 141
17 143
17 145
17 146
17 147
17 152
17 153
17 154
17 158
17 162
17 163
17 164
17 165
17 167
17 169
17 171
17 173
17 174
17 178
17 179
17 181
17 185
17 186
17 187
18 19
18 21
18 22
18 24
18 25
18 27
18 30
18 31
18 33
18 36
18 38
18 39
18 41
18 42
18 43
18 45
18 48
18 49
18 50
18 52
18 54
18 55
18 56
18 57
18 58
18 59
18 60
18 61
18 62
18 64
18 65
18 66
18 67
18 68
18 69
18 70
18 72
18 75
18 76
18 81
18 82
18 84
18 87
18 88
18 89
18 90
18 93
18 94
18 96
18 97
18 98
18 102
18 104
18 105
18 108
18 109
18 110
18 115
18 118
18 119
18 121
18 122
18 124
18 125
18 128
18 129
18 131
18 132
18 133
18 135
18 137
18 138
18 140
18 141
18 142
18 144
18 146
18 147
18 151
18 152
18 153
18 155
18 156
18 157
18 158
18 162
18 163
18 164
18 167
18 168
18 169
18 170
18 174
18 178
18 181
18 182
18 183
18 186
19 20
19 21
19 22
19 23
19 24
19 25
19 28
19 30
19 32
19 33
19 34
19 35
19 36
19 40
19 41
19 42
19 43
19 44
19 45
19 46
19 58
19 59
19 60
19 64
19 66
19 67
19 69
19 71
19 72
19 74
19 77
19 78
19 79
19 82
19 84
19 85
19 86
19 87
19 88
19 89
19 92
19 93
19 94
19 95
19 97
19 99
19 101
19 104
19 105
19 106
19 107
19 108
19 109
19 110
19 111
19 112
19 115
19 120
19 126
19 128
19 132
19 133
19 134
19 137
19 139
19 140
19 142
19 143
19 148
19 150
19 151
19 153
19 155
19 156
19 157
19 158
19 159
19 160
19 161
19 162
19 164
19 165
19 166
19 167
19 169
19 170
19 174
19 175
19 178
19 179
19 180
19 181
19 182
19 187
20 22
20 24
20 27
20 28
20 30
20 32
20 34
20 36
20 37
20 40
20 41
20 42
20 44
20 46
20 47
20 49
20 50
20 51
20 52
20 54
20 55
20 56
20 57
20 58
20 59
20 62
20 63
20 64
20 65
20 67
20 68
20 69
20 71
20 72
20 73
20 74
20 75
20 76
20 77
20 80
20 83
20 84
20 88
20 91
20 93
20 95
20 97
20 100
20 101
20 103
20 108
20 110
20 112
20 113
20 115
20 116
20 117
20 121
20 124
20 128
20 129
20 130
20 133
20 137
20 138
20 141
20 142
20 144
20 145
20 146
20 148
20 151
20 153
20 154
20 155
20 156
20 158
20 159
20 160
20 162
20 163
20 165
20 166
20 167
20 169
20 170
20 171
20 174
20 179
20 180
20 184
20 185
20 186
21 23
21 24
21 26
21 27
21 30
21 32
21 34
21 35
21 36
21 37
21 38
21 39
21 41
21 43
21 45
21 49
21 52
21 53
21 60
21 61
21 62
21 63
21 64
21 65
21 68
21 71
21 72
21 74
21 78
21 80
21 81
21 82
21 83
21 85
21 86
21 87
21 88
21 89
21 90
21 91
21 94
21 96
21 97
21 98
21 99
21 103
21 104
21 106
21 108
21 109
21 110
21 113
21 117
21 120
21 126
21 128
21 131
21 132
21 133
21 137
21 140
21 141
21 144
21 145
21 150
21 152
21 153
21 154
21 156
21 158
21 159
21 160
21 161
21 162
21 164
21 167
21 168
21 171
21 174
21 179
21 181
21 182
21 185
21 186
22 23
22 27
22 28
22 29
22 30
22 34
22 35
22 36
22 38
22 39
22 40
22 41
22 42
22 44
22 46
22 47
22 48
22 49
22 50
22 51
22 52
22 55
22 59
22 60
22 61
22 62
22 63
22 65
22 66
22 69
22 72
22 73
22 74
22 77
22 78
22 79
22 80
22 82
22 83
22 84
22 85
22 87
22 88
22 89
22 91
22 92
22 94
22 97
22 98
22 99
22 103
22 105
22 107
22 111
22 112
22 114
22 115
22 117
22 118
22 119
22 121
22 124
22 126
22 129
22 130
22 131
22 132
22 133
22 136
22 138
22 141
22 142
22 143
22 144
22 146
22 149
22 153
22 155
22 156
22 160
22 161
22 163
22 171
22 172
22 174
22 175
22 176
22 178
22 180
22 183
22 184
23 25
23 26
23 30
23 31
23 38
23 40
23 41
23 45
23 46
23 47
23 49
23 50
23 51
23 54
23 56
23 57
23 60
23 61
23 62
23 63
23 64
23 65
23 66
23 68
23 69
23 71
23 72
23 73
23 74
23 75
23 76
23 77
23 78
23 80
23 81
23 82
23 86
23 87
23 88
23 89
23 90
23 93
23 95
23 96
23 98
23 101
23 103
23 105
23 106
23 108
23 111
23 112
23 116
23 117
23 118
23 119
23 120
23 123
23 126
23 128
23 130
23 132
23 133
23 134
23 137
23 139
23 142
23 143
23 147
23 148
23 149
23 151
23 152
23 153
23 154
23 158
23 159
23 160
23 162
23 165
23 172
23 173
23 182
23 187
24 25
24 26
24 27
24 30
24 32
24 35
24 38
24 39
24 41
24 43
24 44
24 46
24 47
24 48
24 49
24 51
24 52
24 54
24 55
24 57
24 58
24 59
24 61
24 62
24 65
24 66
24 68
24 70
24 71
24 72
24 73
24 75
24 76
24 77
24 78
24 80
24 81
24 82
24 84
24 85
24 86
24 90
24 91
24 92
24 93
24 94
24 96
24 97
24 98
24 99
24 101
24 102
24 108
24 109
24 110
24 111
24 112
24 114
24 116
24 117
24 118
24 119
24 120
24 122
24 123
24 125
24 127
24 128
24 130
24 131
24 133
24 134
24 136
24 142
24 143
24 144
24 145
24 153
24 154
24 157
24 158
24 164
24 165
24 166
24 167
24 172
24 173
24 178
24 180
24 181
24 186
24 187
25 26
25 28
25 29
25 30
25 32
25 33
25 34
25 38
25 39
25 41
25 42
25 45
25 46
25 47
25 48
25 49
25 50
25 52
25 55
25 56
25 58
25 59
25 60
25 62
25 66
25 71
25 72
25 74
25 75
25 77
25 78
25 79
25 80
25 82
25 84
25 87
25 88
25 96
25 97
25 100
25 102
25 103
25 104
25 105
25 106
25 107
25 111
25 112
25 114
25 115
25 117
25 118
25 119
25 120
25 121
25 123
25 125
25 127
25 128
25 129
25 130
25 131
25 132
25 134
25 135
25 138
25 139
25 143
25 144
25 148
25 149
25 150
25 151
25 152
25 153
25 156
25 157
25 159
25 161
25 163
25 171
25 173
25 174
25 176
25 179
25 180
25 182
25 185
25 186
25 187
26 28
26 29
26 30
26 31
26 32
26 34
26 35
26 37
26 40
26 43
26 44
26 45
26 46
26 49
26 51
26 52
26 53
26 54
26 55
26 56
26 57
26 58
26 60
26 63
26 67
26 69
26 70
26 71
26 72
26 74
26 76
26 80
26 85
26 86
26 89
26 91
26 92
26 96
26 99
26 102
26 104
26 107
26 108
26 109
26 110
26 112
26 115
26 117
26 118
26 119
26 121
26 123
26 124
26 127
26 128
26 132
26 133
26 136
26 137
26 138
26 141
26 142
26 143
26 145
26 147
26 148
26 149
26 152
26 154
26 156
26 158
26 159
26 160
26 161
26 162
26 163
26 164
26 166
26 168
26 169
26 171
26 179
26 187
27 28
27 29
27 30
27 31
27 34
27 35
27 37
27 38
27 39
27 40
27 41
27 42
27 43
27 44
27 45
27 50
27 52
27 55
27 56
27 57
27 58
27 61
27 62
27 63
27 64
27 68
27 69
27 70
27 71
27 72
27 76
27 77
27 78
27 80
27 81
27 82
27 83
27 84
27 86
27 87
27 88
27 89
27 91
27 95
27 96
27 100
27 101
27 102
27 103
27 104
27 107
27 108
27 109
27 110
27 111
27 116
27 118
27 120
27 123
27 124
27 126
27 128
27 131
27 136
27 139
27 142
27 143
27 144
27 147
27 150
27 154
27 156
27 161
27 163
27 164
27 165
27 166
27 168
27 171
27 172
27 173
27 174
27 175
27 177
27 180
27 183
27 185
27 187
28 29
28 30
28 33
28 34
28 35
28 36
28 37
28 38
28 39
28 40
28 42
28 45
28 46
28 47
28 48
28 49
28 50
28 51
28 53
28 54
28 55
28 58
28 59
28 62
28 63
28 64
28 66
28 69
28 73
28 76
28 81
28 82
28 84
28 85
28 89
28 92
28 93
28 94
28 95
28 96
28 97
28 98
28 99
28 100
28 101
28 106
28 107
28 109
28 110
28 112
28 116
28 117
28 119
28 120
28 121
28 125
28 126
28 128
28 132
28 133
28 135
28 136
28 138
28 140
28 141
28 150
28 155
28 160
28 161
28 164
28 166
28 167
28 168
28 173
28 175
28 176
28 177
28 178
28 180
28 181
28 183
29 30
29 32
29 33
29 34
29 35
29 38
29 39
29 42
29 46
29 47
29 48
29 50
29 51
29 53
29 54
29 55
29 57
29 59
29 61
29 63
29 64
29 65
29 66
29 67
29 69
29 71
29 73
29 76
29 77
29 78
29 79
29 80
29 83
29 85
29 86
29 87
29 88
29 90
29 92
29 94
29 95
29 98
29 99
29 101
29 102
29 103
29 106
29 107
29 109
29 110
29 112
29 114
29 115
29 116
29 119
29 120
29 126
29 128
29 131
29 132
29 133
29 134
29 135
29 136
29 138
29 139
29 141
29 143
29 145
29 152
29 153
29 155
29 158
29 161
29 163
29 164
29 165
29 166
29 169
29 173
29 174
29 176
29 177
29 178
29 179
29 180
29 181
29 182
29 184
29 186
29 187
30 31
30 33
30 35
30 36
30 38
30 40
30 41
30 43
30 45
30 46
30 47
30 50
30 54
30 57
30 58
30 59
30 60
30 62
30 65
30 66
30 67
30 70
30 71
30 72
30 73
30 76
30 77
30 79
30 80
30 81
30 84
30 86
30 87
30 88
30 92
30 93
30 96
30 98
30 99
30 100
30 103
30 109
30 112
30 113
30 116
30 117
30 118
30 122
30 124
30 129
30 133
30 134
30 135
30 137
30 140
30 142
30 143
30 144
30 145
30 146
30 149
30 152
30 153
30 154
30 157
30 158
30 160
30 161
30 162
30 163
30 166
30 167
30 170
30 172
30 175
30 176
30 178
30 179
30 180
30 182
30 184
30 187
31 33
31 35
31 37
31 42
31 44
31 45
31 46
31 49
31 50
31 51
31 53
31 55
31 57
31 59
31 60
31 62
31 64
31 66
31 67
31 68
31 69
31 71
31 72
31 73
31 74
31 75
31 77
31 78
31 79
31 81
31 82
31 84
31 86
31 88
31 91
31 92
31 93
31 94
31 95
31 97
31 98
31 102
31 103
31 104
31 110
31 112
31 113
31 114
31 115
31 117
31 119
31 120
31 122
31 123
31 125
31 126
31 127
31 128
31 130
31 131
31 134
31 135
31 136
31 138
31 139
31 140
31 143
31 145
31 146
31 150
31 151
31 153
31 155
31 156
31 159
31 161
31 164
31 165
31 166
31 167
31 171
31 173
31 176
31 177
31 179
31 181
31 182
31 183
31 184
32 34
32 35
32 36
32 37
32 40
32 41
32 44
32 45
32 46
32 48
32 51
32 54
32 56
32 57
32 58
32 61
32 66
32 67
32 68
32 69
32 71
32 72
32 74
32 75
32 76
32 77
32 78
32 81
32 83
32 84
32 85
32 87
32 92
32 93
32 94
32 95
32 97
32 100
32 103
32 106
32 108
32 112
32 115
32 116
32 118
32 120
32 122
32 123
32 126
32 127
32 128
32 129
32 131
32 132
32 134
32 136
32 137
32 141
32 142
32 143
32 144
32 147
32 148
32 150
32 151
32 153
32 154
32 157
32 159
32 160
32 164
32 165
32 167
32 168
32 169
32 170
32 171
32 172
32 173
32 174
32 176
32 180
32 182
32 183
33 34
33 38
33 39
33 41
33 42
33 45
33 46
33 47
33 48
33 50
33 54
33 56
33 57
33 58
33 60
33 61
33 63
33 66
33 67
33 68
33 69
33 70
33 71
33 72
33 73
33 74
33 77
33 78
33 80
33 81
33 82
33 83
33 84
33 85
33 86
33 87
33 88
33 89
33 92
33 94
33 96
33 100
33 106
33 107
33 108
33 109
33 110
33 111
33 112
33 113
33 114
33 115
33 117
33 118
33 120
33 121
33 126
33 132
33 133
33 134
33 139
33 140
33 142
33 144
33 145
33 146
33 148
33 149
33 150
33 151
33 153
33 157
33 158
33 162
33 163
33 165
33 169
33 170
33 172
33 173
33 174
33 176
33 177
33 179
33 181
33 182
33 187
34 37
34 40
34 43
34 44
34 46
34 48
34 52
34 53
34 54
34 55
34 56
34 57
34 58
34 61
34 62
34 64
34 65
34 68
34 69
34 71
34 73
34 76
34 77
34 78
34 79
34 81
34 82
34 84
34 85
34 87
34 89
34 91
34 92
34 94
34 96
34 98
34 99
34 103
34 104
34 105
34 106
34 107
34 110
34 111
34 113
34 114
34 119
34 121
34 122
34 123
34 127
34 128
34 129
34 130
34 131
34 132
34 135
34 136
34 137
34 138
34 139
34 144
34 146
34 148
34 150
34 151
34 152
34 153
34 158
34 159
34 161
34 162
34 166
34 172
34 175
34 176
34 177
34 178
34 179
34 181
34 185
34 187
35 36
35 38
35 39
35 40
35 43
35 45
35 50
35 52
35 53
35 55
35 56
35 57
35 59
35 60
35 61
35 63
35 64
35 65
35 66
35 68
35 69
35 71
35 73
35 74
35 76
35 77
35 78
35 82
35 84
35 85
35 86
35 87
35 89
35 90
35 91
35 92
35 93
35 94
35 96
35 98
35 103
35 104
35 106
35 109
35 113
35 115
35 116
35 117
35 118
35 119
35 124
35 125
35 126
35 127
35 128
35 130
35 131
35 132
35 138
35 140
35 145
35 149
35 150
35 151
35 152
35 153
35 154
35 157
35 160
35 162
35 163
35 165
35 167
35 168
35 170
35 172
35 173
35 174
35 175
35 177
35 178
35 179
35 183
35 184
35 185
36 38
36 39
36 40
36 41
36 43
36 44
36 49
36 51
36 52
36 53
36 56
36 59
36 60
36 63
36 64
36 67
36 68
36 70
36 73
36 75
36 77
36 78
36 80
36 81
36 84
36 87
36 88
36 89
36 92
36 93
36 94
36 95
36 96
36 97
36 102
36 103
36 105
36 106
36 108
36 109
36 111
36 112
36 114
36 117
36 118
36 120
36 121
36 122
36 123
36 124
36 126
36 128
36 129
36 130
36 131
36 133
36 134
36 136
36 139
36 140
36 141
36 142
36 143
36 145
36 147
36 148
36 151
36 152
36 154
36 156
36 157
36 158
36 168
36 169
36 170
36 171
36 174
36 175
36 177
36 181
36 182
36 185
36 186
37 38
37 39
37 41
37 42
37 44
37 45
37 46
37 52
37 53
37 54
37 55
37 56
37 57
37 58
37 62
37 64
37 65
37 67
37 68
37 70
37 71
37 74
37 76
37 77
37 78
37 82
37 84
37 85
37 88
37 90
37 95
37 97
37 98
37 100
37 103
37 104
37 106
37 107
37 110
37 111
37 112
37 114
37 115
37 116
37 117
37 119
37 121
37 123
37 125
37 128
37 129
37 130
37 133
37 134
37 135
37 138
37 144
37 145
37 146
37 148
37 151
37 152
37 155
37 156
37 157
37 158
37 159
37 163
37 166
37 167
37 168
37 170
37 171
37 175
37 176
37 179
37 180
37 182
37 185
37 187
38 39
38 40
38 43
38 44
38 45
38 47
38 48
38 49
38 52
38 53
38 55
38 56
38 58
38 59
38 60
38 61
38 64
38 65
38 67
38 70
38 73
38 75
38 77
38 80
38 81
38 82
38 83
38 84
38 85
38 87
38 90
38 92
38 93
38 94
38 101
38 102
38 105
38 106
38 107
38 114
38 115
38 116
38 117
38 118
38 119
38 123
38 124
38 125
38 126
38 127
38 132
38 133
38 134
38 136
38 138
38 139
38 142
38 143
38 144
38 147
38 151
38 153
38 155
38 156
38 157
38 158
38 160
38 161
38 162
38 164
38 165
38 169
38 170
38 173
38 174
38 177
38 184
38 185
38 186
38 187
39 44
39 46
39 48
39 49
39 52
39 53
39 55
39 56
39 57
39 59
39 60
39 61
39 62
39 64
39 66
39 67
39 69
39 70
39 72
39 73
39 74
39 76
39 79
39 80
39 81
39 82
39 84
39 86
39 89
39 90
39 92
39 93
39 96
39 97
39 99
39 100
39 104
39 107
39 114
39 119
39 123
39 125
39 126
39 127
39 129
39 131
39 132
39 134
39 138
39 140
39 143
39 144
39 145
39 146
39 148
39 150
39 152
39 154
39 157
39 159
39 161
39 165
39 166
39 167
39 168
39 169
39 171
39 175
39 176
39 177
39 180
39 183
39 184
39 187
40 42
40 47
40 48
40 50
40 51
40 52
40 53
40 56
40 59
40 61
40 63
40 64
40 65
40 66
40 68
40 70
40 71
40 72
40 74
40 75
40 77
40 78
40 79
40 82
40 83
40 84
40 86
40 87
40 93
40 95
40 96
40 102
40 103
40 104
40 105
40 106
40 108
40 109
40 111
40 112
40 115
40 117
40 120
40 122
40 124
40 125
40 126
40 129
40 130
40 134
40 135
40 136
40 137
40 141
40 142
40 143
40 144
40 148
40 150
40 152
40 154
40 155
40 156
40 157
40 158
40 160
40 161
40 165
40 166
40 167
40 170
40 171
40 172
40 174
40 176
40 178
40 179
40 183
40 184
40 185
40 186
41 44
41 45
41 46
41 47
41 48
41 50
41 52
41 55
41 57
41 59
41 61
41 62
41 63
41 65
41 66
41 68
41 69
41 73
41 75
41 79
41 80
41 81
41 82
41 83
41 86
41 88
41 89
41 90
41 92
41 93
41 97
41 99
41 100
41 101
41 102
41 103
41 105
41 106
41 108
41 112
41 113
41 116
41 121
41 124
41 129
41 133
41 135
41 136
41 137
41 138
41 139
41 141
41 143
41 146
41 147
41 148
41 149
41 151
41 153
41 156
41 160
41 161
41 162
41 163
41 164
41 170
41 172
41 173
41 174
41 176
41 178
41 179
41 181
41 184
41 186
41 187
42 43
42 44
42 45
42 47
42 49
42 50
42 52
42 54
42 55
42 57
42 58
42 60
42 61
42 62
42 64
42 66
42 67
42 68
42 69
42 70
42 71
42 72
42 73
42 75
42 76
42 77
42 79
42 81
42 82
42 83
42 84
42 85
42 86
42 87
42 88
42 90
42 91
42 92
42 93
42 96
42 98
42 100
42 102
42 103
42 105
42 120
42 123
42 127
42 129
42 130
42 131
42 133
42 136
42 137
42 140
42 141
42 142
42 144
42 145
42 146
42 147
42 154
42 155
42 157
42 158
42 159
42 160
42 161
42 162
42 164
42 165
42 166
42 168
42 169
42 170
42 171
42 172
42 173
42 175
42 177
42 178
42 179
42 180
42 183
42 185
43 44
43 45
43 46
43 47
43 49
43 50
43 52
43 54
43 56
43 57
43 59
43 60
43 63
43 66
43 67
43 68
43 73
43 74
43 76
43 77
43 78
43 79
43 84
43 86
43 87
43 88
43 89
43 90
43 91
43 92
43 93
43 94
43 95
43 96
43 97
43 98
43 99
43 100
43 103
43 104
43 105
43 106
43 107
43 108
43 109
43 110
43 111
43 112
43 113
43 117
43 119
43 122
43 125
43 127
43 132
43 133
43 139
43 142
43 144
43 146
43 149
43 150
43 151
43 152
43 153
43 156
43 159
43 162
43 168
43 170
43 171
43 180
43 182
43 183
44 46
44 49
44 50
44 53
44 54
44 55
44 59
44 60
44 61
44 62
44 63
44 64
44 65
44 66
44 67
44 68
44 69
44 70
44 71
44 73
44 75
44 76
44 78
44 79
44 81
44 82
44 83
44 84
44 85
44 91
44 93
44 96
44 97
44 98
44 100
44 101
44 102
44 106
44 108
44 109
44 113
44 117
44 119
44 120
44 122
44 124
44 126
44 130
44 132
44 133
44 135
44 136
44 137
44 139
44 142
44 143
44 145
44 146
44 147
44 149
44 153
44 154
44 157
44 158
44 160
44 161
44 165
44 168
44 171
44 172
44 175
44 176
44 179
44 181
44 183
44 185
44 187
45 47
45 49
45 50
45 51
45 52
45 54
45 55
45 59
45 60
45 61
45 62
45 65
45 66
45 67
45 68
45 70
45 73
45 77
45 78
45 79
45 81
45 82
45 83
45 85
45 88
45 90
45 91
45 92
45 93
45 94
45 95
45 98
45 99
45 100
45 101
45 102
45 103
45 105
45 106
45 108
45 111
45 113
45 114
45 115
45 117
45 118
45 119
45 120
45 122
45 123
45 124
45 126
45 127
45 128
45 129
45 131
45 132
45 141
45 142
45 144
45 145
45 146
45 148
45 150
45 152
45 154
45 155
45 157
45 161
45 163
45 166
45 169
45 172
45 174
45 175
45 176
45 177
45 178
45 179
45 182
45 185
46 49
46 53
46 55
46 57
46 58
46 62
46 64
46 65
46 70
46 72
46 74
46 75
46 77
46 78
46 80
46 81
46 82
46 83
46 84
46 87
46 88
46 90
46 91
46 96
46 97
46 101
46 102
46 105
46 107
46 112
46 113
46 114
46 115
46 117
46 119
46 120
46 121
46 122
46 125
46 131
46 132
46 135
46 136
46 140
46 141
46 142
46 144
46 145
46 146
46 148
46 149
46 150
46 151
46 154
46 156
46 157
46 158
46 160
46 161
46 166
46 168
46 170
46 174
46 176
46 177
46 178
46 180
46 183
46 186
47 50
47 53
47 54
47 56
47 57
47 58
47 61
47 62
47 63
47 64
47 65
47 66
47 67
47 70
47 71
47 72
47 73
47 74
47 75
47 76
47 77
47 78
47 79
47 82
47 83
47 85
47 86
47 87
47 88
47 91
47 92
47 93
47 94
47 95
47 96
47 97
47 101
47 102
47 103
47 104
47 107
47 108
47 111
47 112
47 113
47 114
47 115
47 116
47 118
47 119
47 121
47 124
47 125
47 132
47 134
47 137
47 142
47 143
47 144
47 146
47 151
47 155
47 158
47 159
47 164
47 170
47 171
47 175
47 176
47 178
47 179
47 180
47 182
47 184
47 185
48 49
48 50
48 51
48 52
48 54
48 55
48 56
48 57
48 58
48 59
48 62
48 63
48 64
48 65
48 66
48 67
48 68
48 69
48 70
48 71
48 72
48 76
48 79
48 80
48 81
48 82
48 83
48 86
48 87
48 89
48 90
48 92
48 97
48 98
48 99
48 103
48 105
48 109
48 111
48 112
48 115
48 119
48 123
48 124
48 125
48 132
48 134
48 137
48 139
48 141
48 142
48 143
48 144
48 145
48 146
48 147
48 150
48 152
48 154
48 159
48 165
48 167
48 168
48 169
48 170
48 171
48 175
48 176
48 178
48 182
48 183
48 184
48 187
49 51
49 52
49 55
49 56
49 58
49 60
49 63
49 66
49 68
49 70
49 71
49 72
49 74
49 76
49 77
49 78
49 81
49 83
49 84
49 86
49 87
49 88
49 89
49 90
49 93
49 94
49 95
49 97
49 100
49 101
49 102
49 104
49 106
49 107
49 111
49 112
49 113
49 114
49 117
49 122
49 123
49 124
49 125
49 126
49 127
49 129
49 131
49 133
49 135
49 136
49 137
49 138
49 139
49 140
49 141
49 148
49 154
49 155
49 156
49 157
49 158
49 159
49 161
49 162
49 165
49 166
49 167
49 168
49 169
49 177
49 178
49 179
49 182
49 184
49 186
50 51
50 53
50 54
50 55
50 57
50 60
50 61
50 63
50 66
50 67
50 68
50 69
50 72
50 74
50 79
50 80
50 81
50 84
50 85
50 89
50 90
50 91
50 93
50 97
50 98
50 99
50 100
50 101
50 103
50 104
50 105
50 109
50 111
50 112
50 113
50 115
50 121
50 123
50 124
50 125
50 126
50 128
50 131
50 133
50 135
50 137
50 138
50 139
50 140
50 141
50 144
50 146
50 147
50 148
50 151
50 152
50 155
50 156
50 159
50 160
50 161
50 162
50 168
50 170
50 173
50 174
50 175
50 177
50 182
50 183
50 186
50 187
51 52
51 53
51 54
51 55
51 58
51 60
51 62
51 64
51 65
51 66
51 67
51 68
51 69
51 70
51 71
51 73
51 74
51 75
51 77
51 80
51 81
51 84
51 85
51 87
51 90
51 93
51 94
51 97
51 100
51 101
51 103
51 106
51 109
51 115
51 117
51 118
51 119
51 120
51 124
51 126
51 127
51 128
51 129
51 132
51 134
51 139
51 140
51 141
51 146
51 149
51 151
51 152
51 154
51 155
51 156
51 157
51 160
51 161
51 164
51 165
51 167
51 175
51 176
51 178
51 180
51 182
51 183
51 184
51 185
51 186
51 187
52 53
52 54
52 55
52 56
52 59
52 60
52 62
52 64
52 68
52 69
52 72
52 74
52 78
52 79
52 85
52 86
52 87
52 88
52 90
52 91
52 92
52 93
52 94
52 95
52 97
52 98
52 99
52 100
52 101
52 104
52 105
52 106
52 107
52 108
52 109
52 111
52 112
52 113
52 114
52 115
52 117
52 123
52 124
52 125
52 128
52 130
52 137
52 139
52 140
52 145
52 147
52 150
52 155
52 157
52 158
52 166
52 169
52 170
52 176
52 177
52 178
52 181
52 184
53 54
53 57
53 58
53 59
53 60
53 61
53 62
53 63
53 67
53 68
53 70
53 71
53 72
53 75
53 78
53 80
53 81
53 83
53 86
53 87
53 88
53 90
53 95
53 96
53 97
53 98
53 99
53 100
53 107
53 113
53 114
53 115
53 116
53 118
53 120
53 121
53 124
53 125
53 126
53 130
53 132
53 133
53 135
53 136
53 141
53 142
53 148
53 149
53 150
53 151
53 152
53 156
53 157
53 158
53 162
53 163
53 164
53 166
53 167
53 169
53 170
53 171
53 175
53 177
53 179
53 181
53 183
53 184
53 186
54 56
54 58
54 59
54 60
54 63
54 65
54 68
54 69
54 70
54 71
54 74
54 75
54 76
54 79
54 80
54 86
54 87
54 88
54 89
54 92
54 93
54 95
54 96
54 97
54 99
54 105
54 106
54 108
54 109
54 110
54 111
54 113
54 114
54 115
54 116
54 117
54 118
54 119
54 121
54 125
54 127
54 128
54 130
54 135
54 136
54 137
54 138
54 139
54 140
54 141
54 146
54 147
54 148
54 152
54 155
54 156
54 157
54 158
54 164
54 166
54 168
54 169
54 170
54 171
54 172
54 180
54 181
54 184
54 186
55 56
55 57
55 59
55 60
55 62
55 63
55 64
55 65
55 66
55 69
55 71
55 75
55 76
55 77
55 78
55 80
55 81
55 82
55 83
55 85
55 86
55 87
55 89
55 90
55 91
55 94
55 97
55 98
55 100
55 104
55 106
55 108
55 113
55 114
55 115
55 118
55 121
55 123
55 124
55 125
55 126
55 127
55 129
55 130
55 133
55 135
55 137
55 139
55 141
55 143
55 144
55 146
55 149
55 152
55 160
55 161
55 162
55 163
55 166
55 168
55 169
55 170
55 171
55 172
55 183
55 184
55 185
56 57
56 59
56 60
56 61
56 64
56 65
56 66
56 68
56 69
56 70
56 72
56 74
56 75
56 76
56 77
56 78
56 80
56 84
56 85
56 86
56 89
56 91
56 93
56 94
56 97
56 98
56 99
56 101
56 102
56 103
56 105
56 108
56 111
56 112
56 115
56 118
56 124
56 125
56 126
56 127
56 129
56 130
56 131
56 135
56 136
56 137
56 140
56 145
56 146
56 147
56 148
56 152
56 156
56 158
56 159
56 162
56 163
56 167
56 170
56 172
56 173
56 177
56 178
56 179
56 180
56 181
56 183
56 185
56 186
56 187
57 60
57 62
57 66
57 68
57 69
57 73
57 75
57 76
57 80
57 81
57 82
57 83
57 84
57 88
57 89
57 92
57 93
57 94
57 95
57 99
57 100
57 103
57 104
57 106
57 109
57 114
57 115
57 116
57 117
57 118
57 121
57 122
57 123
57 126
57 131
57 132
57 135
57 136
57 137
57 138
57 140
57 146
57 149
57 153
57 155
57 158
57 160
57 161
57 166
57 172
57 178
57 179
57 181
57 182
57 185
57 186
58 59
58 60
58 61
58 63
58 66
58 70
58 71
58 73
58 80
58 81
58 82
58 84
58 85
58 87
58 88
58 89
58 90
58 91
58 92
58 93
58 95
58 96
58 97
58 98
58 99
58 101
58 102
58 103
58 105
58 110
58 115
58 116
58 119
58 120
58 121
58 123
58 124
58 126
58 129
58 135
58 136
58 137
58 138
58 146
58 147
58 150
58 151
58 152
58 154
58 155
58 157
58 159
58 161
58 163
58 165
58 167
58 168
58 172
58 174
58 176
58 177
58 178
58 180
58 181
58 184
58 186
59 61
59 64
59 67
59 68
59 70
59 72
59 73
59 77
59 78
59 79
59 80
59 82
59 83
59 84
59 85
59 86
59 87
59 88
59 89
59 90
59 95
59 96
59 98
59 100
59 101
59 106
59 107
59 110
59 111
59 113
59 115
59 116
59 117
59 119
59 120
59 121
59 122
59 124
59 126
59 127
59 128
59 129
59 134
59 135
59 136
59 139
59 141
59 142
59 151
59 154
59 156
59 157
59 159
59 160
59 162
59 165
59 167
59 172
59 176
59 177
59 180
59 181
59 183
59 185
60 62
60 63
60 66
60 70
60 71
60 74
60 77
60 78
60 79
60 82
60 83
60 84
60 87
60 88
60 89
60 92
60 93
60 97
60 103
60 105
60 107
60 109
60 113
60 114
60 115
60 116
60 117
60 121
60 122
60 123
60 127
60 130
60 131
60 132
60 136
60 137
60 138
60 139
60 140
60 141
60 142
60 144
60 147
60 148
60 149
60 151
60 154
60 156
60 158
60 163
60 165
60 167
60 172
60 173
60 177
60 178
60 180
60 181
60 182
60 183
60 186
61 63
61 64
61 68
61 70
61 71
61 74
61 75
61 76
61 78
61 79
61 80
61 81
61 84
61 87
61 91
61 93
61 97
61 99
61 100
61 101
61 102
61 103
61 104
61 107
61 109
61 110
61 112
61 113
61 116
61 119
61 121
61 122
61 125
61 126
61 127
61 128
61 129
61 130
61 132
61 134
61 136
61 137
61 139
61 140
61 142
61 143
61 147
61 149
61 156
61 158
61 160
61 161
61 162
61 165
61 166
61 167
61 169
61 176
61 177
61 178
61 180
61 183
61 187
62 63
62 64
62 67
62 68
62 69
62 70
62 71
62 73
62 74
62 75
62 76
62 79
62 81
62 83
62 86
62 87
62 90
62 91
62 96
62 97
62 100
62 103
62 104
62 105
62 111
62 114
62 115
62 117
62 119
62 120
62 122
62 123
62 124
62 127
62 129
62 132
62 134
62 137
62 139
62 146
62 147
62 148
62 152
62 154
62 155
62 156
62 159
62 160
62 163
62 165
62 166
62 169
62 171
62 178
62 179
62 180
62 181
62 182
62 184
62 185
62 186
63 65
63 66
63 68
63 69
63 71
63 78
63 79
63 81
63 82
63 83
63 84
63 88
63 90
63 91
63 92
63 94
63 96
63 97
63 99
63 105
63 106
63 107
63 111
63 114
63 117
63 118
63 119
63 121
63 123
63 129
63 131
63 133
63 134
63 136
63 138
63 141
63 142
63 145
63 146
63 148
63 152
63 159
63 160
63 161
63 163
63 164
63 165
63 169
63 170
63 174
63 177
63 181
63 184
63 185
63 186
63 187
64 66
64 67
64 68
64 69
64 70
64 71
64 72
64 73
64 77
64 78
64 80
64 81
64 82
64 84
64 85
64 86
64 87
64 88
64 93
64 95
64 97
64 98
64 101
64 105
64 107
64 109
64 111
64 112
64 113
64 115
64 117
64 120
64 121
64 123
64 125
64 128
64 132
64 133
64 134
64 136
64 137
64 138
64 139
64 140
64 141
64 142
64 143
64 145
64 147
64 148
64 149
64 154
64 156
64 158
64 159
64 162
64 163
64 164
64 165
64 168
64 170
64 171
64 173
64 174
64 175
64 177
64 179
64 180
64 183
64 184
64 185
64 186
64 187
65 66
65 67
65 68
65 69
65 70
65 71
65 72
65 73
65 75
65 76
65 78
65 79
65 81
65 82
65 83
65 85
65 86
65 87
65 88
65 89
65 92
65 93
65 96
65 98
65 99
65 100
65 102
65 103
65 104
65 107
65 110
65 112
65 117
65 118
65 120
65 121
65 122
65 123
65 124
65 126
65 128
65 129
65 131
65 136
65 138
65 142
65 143
65 144
65 147
65 148
65 149
65 153
65 154
65 158
65 159
65 160
65 162
65 163
65 164
65 167
65 168
65 178
65 179
65 181
65 182
65 185
66 67
66 70
66 75
66 76
66 79
66 80
66 81
66 84
66 85
66 90
66 91
66 95
66 96
66 99
66 100
66 101
66 102
66 103
66 104
66 106
66 109
66 110
66 111
66 112
66 114
66 115
66 117
66 118
66 119
66 120
66 121
66 122
66 125
66 127
66 128
66 129
66 130
66 133
66 134
66 137
66 144
66 146
66 147
66 149
66 151
66 153
66 154
66 155
66 157
66 158
66 160
66 161
66 164
66 166
66 167
66 169
66 170
66 171
66 177
66 178
66 179
66 180
66 181
66 183
66 184
66 186
67 68
67 70
67 71
67 72
67 74
67 75
67 76
67 77
67 82
67 85
67 88
67 92
67 95
67 96
67 97
67 98
67 101
67 102
67 104
67 106
67 110
67 111
67 112
67 113
67 114
67 115
67 117
67 120
67 121
67 125
67 127
67 132
67 135
67 138
67 139
67 141
67 142
67 143
67 147
67 149
67 150
67 154
67 156
67 157
67 158
67 162
67 163
67 164
67 165
67 167
67 169
67 170
67 172
67 173
67 174
67 175
67 176
67 177
67 179
67 180
67 181
67 183
67 186
67 187
68 71
68 72
68 74
68 75
68 76
68 78
68 80
68 82
68 83
68 91
68 92
68 98
68 99
68 100
68 101
68 102
68 104
68 105
68 106
68 108
68 109
68 110
68 113
68 118
68 119
68 122
68 126
68 127
68 128
68 132
68 135
68 137
68 138
68 146
68 147
68 151
68 153
68 154
68 155
68 158
68 159
68 160
68 161
68 162
68 163
68 164
68 165
68 166
68 171
68 176
68 178
68 180
68 184
68 186
69 70
69 71
69 72
69 74
69 75
69 79
69 80
69 81
69 82
69 84
69 87
69 88
69 89
69 90
69 91
69 93
69 96
69 97
69 98
69 99
69 101
69 102
69 105
69 106
69 107
69 114
69 121
69 122
69 123
69 125
69 126
69 127
69 130
69 134
69 135
69 137
69 138
69 139
69 141
69 142
69 143
69 144
69 147
69 149
69 152
69 153
69 154
69 161
69 164
69 166
69 169
69 171
69 173
69 176
69 179
69 181
69 182
69 187
70 73
70 75
70 82
70 86
70 88
70 90
70 92
70 94
70 96
70 97
70 100
70 101
70 105
70 106
70 108
70 109
70 110
70 111
70 112
70 113
70 114
70 115
70 119
70 120
70 122
70 123
70 127
70 129
70 130
70 131
70 132
70 140
70 141
70 145
70 147
70 148
70 149
70 150
70 152
70 155
70 156
70 161
70 163
70 166
70 169
70 170
70 178
70 180
70 183
70 185
71 73
71 74
71 76
71 77
71 79
71 80
71 81
71 83
71 84
71 88
71 89
71 92
71 94
71 96
71 98
71 99
71 102
71 104
71 105
71 113
71 115
71 116
71 117
71 118
71 119
71 120
71 121
71 122
71 128
71 131
71 133
71 134
71 135
71 144
71 145
71 146
71 149
71 152
71 157
71 158
71 159
71 161
71 162
71 165
71 166
71 167
71 169
71 172
71 176
71 177
71 178
71 181
71 182
72 73
72 74
72 75
72 77
72 78
72 80
72 81
72 82
72 83
72 84
72 86
72 90
72 91
72 92
72 94
72 96
72 99
72 100
72 104
72 107
72 109
72 110
72 111
72 112
72 113
72 114
72 116
72 117
72 119
72 127
72 130
72 135
72 136
72 141
72 142
72 147
72 148
72 151
72 152
72 154
72 158
72 159
72 160
72 166
72 168
72 169
72 175
72 176
72 177
72 178
72 180
72 181
72 185
72 186
72 187
73 76
73 77
73 80
73 82
73 83
73 84
73 86
73 89
73 90
73 92
73 93
73 98
73 102
73 103
73 104
73 105
73 106
73 107
73 109
73 112
73 114
73 118
73 119
73 120
73 124
73 125
73 126
73 127
73 130
73 132
73 133
73 137
73 139
73 141
73 142
73 146
73 147
73 149
73 151
73 153
73 154
73 155
73 158
73 160
73 161
73 163
73 165
73 167
73 168
73 169
73 171
73 172
73 176
73 179
73 180
73 181
73 187
74 75
74 76
74 79
74 80
74 81
74 82
74 84
74 85
74 86
74 87
74 90
74 91
74 92
74 94
74 95
74 100
74 101
74 103
74 104
74 106
74 107
74 111
74 113
74 114
74 116
74 118
74 120
74 122
74 125
74 127
74 129
74 130
74 131
74 134
74 135
74 138
74 139
74 140
74 145
74 146
74 148
74 149
74 154
74 157
74 158
74 161
74 162
74 166
74 169
74 173
74 175
74 177
74 179
74 181
74 182
74 183
74 187
75 76
75 77
75 80
75 82
75 83
75 84
75 86
75 87
75 88
75 89
75 90
75 91
75 92
75 94
75 95
75 96
75 97
75 99
75 100
75 101
75 103
75 105
75 110
75 114
75 115
75 116
75 119
75 120
75 121
75 125
75 127
75 132
75 135
75 137
75 138
75 143
75 145
75 147
75 151
75 153
75 155
75 157
75 160
75 162
75 168
75 171
75 172
75 173
75 175
75 177
75 178
75 179
75 181
75 182
75 183
75 186
76 77
76 79
76 81
76 83
76 85
76 86
76 87
76 88
76 89
76 91
76 92
76 94
76 97
76 98
76 99
76 100
76 103
76 104
76 106
76 109
76 110
76 111
76 112
76 113
76 115
76 116
76 117
76 120
76 122
76 123
76 125
76 131
76 132
76 134
76 135
76 136
76 138
76 140
76 141
76 144
76 145
76 147
76 148
76 149
76 150
76 151
76 154
76 156
76 159
76 160
76 163
76 167
76 169
76 170
76 172
76 173
76 174
76 180
76 182
76 184
76 187
77 79
77 82
77 83
77 85
77 86
77 88
77 89
77 90
77 91
77 92
77 95
77 97
77 98
77 99
77 103
77 104
77 106
77 108
77 110
77 111
77 113
77 114
77 116
77 117
77 118
77 120
77 125
77 127
77 128
77 129
77 130
77 134
77 135
77 137
77 140
77 144
77 146
77 147
77 148
77 150
77 151
77 152
77 153
77 154
77 160
77 166
77 168
77 169
77 170
77 172
77 175
77 177
77 178
77 181
77 184
77 185
78 79
78 80
78 81
78 84
78 85
78 86
78 87
78 89
78 90
78 94
78 95
78 96
78 97
78 100
78 102
78 104
78 105
78 106
78 107
78 108
78 109
78 111
78 112
78 116
78 117
78 120
78 121
78 122
78 125
78 126
78 128
78 131
78 133
78 134
78 137
78 138
78 143
78 145
78 146
78 150
78 151
78 152
78 154
78 156
78 158
78 161
78 166
78 169
78 170
78 172
78 176
78 178
78 184
78 185
78 187
79 81
79 82
79 86
79 87
79 91
79 92
79 94
79 96
79 97
79 100
79 102
79 105
79 106
79 109
79 112
79 113
79 116
79 117
79 118
79 120
79 121
79 123
79 124
79 126
79 127
79 128
79 131
79 132
79 137
79 138
79 140
79 145
79 146
79 150
79 152
79 154
79 156
79 157
79 163
79 166
79 167
79 169
79 173
79 174
79 177
79 184
79 186
80 81
80 83
80 84
80 88
80 91
80 94
80 95
80 96
80 102
80 103
80 104
80 108
80 109
80 111
80 112
80 118
80 120
80 122
80 123
80 125
80 127
80 128
80 129
80 134
80 136
80 137
80 139
80 140
80 142
80 143
80 144
80 145
80 147
80 148
80 149
80 152
80 153
80 155
80 156
80 158
80 166
80 167
80 171
80 172
80 174
80 175
80 182
80 184
80 186
80 187
81 82
81 85
81 86
81 87
81 91
81 94
81 99
81 100
81 101
81 104
81 105
81 109
81 112
81 113
81 117
81 120
81 121
81 124
81 125
81 129
81 136
81 137
81 138
81 143
81 147
81 148
81 149
81 151
81 152
81 154
81 160
81 163
81 164
81 166
81 167
81 168
81 170
81 171
81 177
81 179
81 181
81 183
81 185
82 84
82 86
82 94
82 95
82 96
82 100
82 101
82 103
82 106
82 110
82 111
82 112
82 116
82 118
82 119
82 122
82 123
82 129
82 135
82 137
82 143
82 145
82 147
82 148
82 150
82 152
82 154
82 156
82 161
82 163
82 165
82 167
82 168
82 169
82 173
82 175
82 176
82 179
82 181
82 182
82 187
83 84
83 85
83 86
83 89
83 90
83 91
83 92
83 93
83 94
83 95
83 96
83 98
83 100
83 101
83 102
83 103
83 104
83 109
83 110
83 111
83 113
83 116
83 122
83 124
83 125
83 128
83 129
83 130
83 132
83 134
83 136
83 138
83 139
83 140
83 144
83 145
83 146
83 147
83 150
83 151
83 152
83 155
83 156
83 157
83 158
83 161
83 162
83 164
83 165
83 167
83 168
83 169
83 170
83 178
83 179
83 184
84 85
84 95
84 97
84 101
84 102
84 103
84 104
84 105
84 110
84 111
84 114
84 116
84 117
84 118
84 122
84 123
84 124
84 126
84 127
84 129
84 138
84 142
84 143
84 144
84 149
84 151
84 152
84 153
84 154
84 155
84 156
84 161
84 168
84 170
84 172
84 174
84 175
84 184
84 186
85 89
85 90
85 94
85 97
85 98
85 99
85 100
85 101
85 103
85 104
85 105
85 108
85 109
85 110
85 112
85 114
85 118
85 120
85 121
85 124
85 125
85 126
85 127
85 129
85 130
85 131
85 138
85 140
85 142
85 144
85 148
85 149
85 150
85 153
85 155
85 157
85 160
85 162
85 165
85 167
85 169
85 170
85 171
85 180
85 181
85 186
86 88
86 91
86 92
86 93
86 95
86 96
86 97
86 98
86 99
86 105
86 110
86 114
86 118
86 119
86 123
86 124
86 127
86 138
86 141
86 145
86 151
86 153
86 154
86 161
86 162
86 163
86 164
86 166
86 167
86 170
86 172
86 174
86 175
86 176
86 178
86 179
86 183
86 184
86 186
86 187
87 88
87 89
87 90
87 91
87 94
87 97
87 99
87 101
87 103
87 104
87 105
87 108
87 110
87 113
87 114
87 116
87 120
87 122
87 124
87 127
87 129
87 130
87 132
87 133
87 137
87 143
87 149
87 150
87 155
87 157
87 160
87 161
87 163
87 165
87 167
87 171
87 172
87 173
87 176
87 179
87 180
87 185
87 187
88 89
88 94
88 96
88 98
88 100
88 101
88 102
88 103
88 107
88 109
88 111
88 112
88 113
88 114
88 116
88 119
88 121
88 122
88 124
88 125
88 126
88 127
88 129
88 131
88 132
88 135
88 136
88 137
88 140
88 142
88 144
88 145
88 146
88 147
88 148
88 150
88 152
88 153
88 155
88 156
88 158
88 163
88 165
88 166
88 169
88 170
88 174
88 177
88 178
88 179
88 181
88 183
88 186
88 187
89 90
89 92
89 94
89 95
89 96
89 97
89 99
89 100
89 102
89 104
89 106
89 107
89 108
89 110
89 113
89 115
89 118
89 119
89 123
89 124
89 126
89 127
89 133
89 134
89 135
89 136
89 137
89 138
89 139
89 140
89 141
89 142
89 147
89 149
89 150
89 153
89 154
89 155
89 156
89 159
89 171
89 173
89 174
89 176
89 179
89 182
89 183
89 184
89 186
89 187
90 92
90 93
90 94
90 96
90 98
90 99
90 101
90 102
90 104
90 105
90 106
90 108
90 110
90 113
90 114
90 115
90 117
90 119
90 120
90 125
90 128
90 131
90 135
90 140
90 141
90 142
90 145
90 148
90 149
90 150
90 151
90 152
90 154
90 155
90 157
90 158
90 161
90 163
90 164
90 166
90 168
90 174
90 175
90 178
90 180
90 183
90 185
91 92
91 94
91 95
91 97
91 98
91 99
91 101
91 103
91 104
91 106
91 107
91 109
91 111
91 115
91 117
91 121
91 124
91 125
91 126
91 127
91 129
91 131
91 137
91 139
91 140
91 143
91 144
91 145
91 146
91 149
91 152
91 155
91 158
91 161
91 162
91 164
91 165
91 168
91 169
91 170
91 172
91 181
91 183
91 185
92 94
92 96
92 101
92 102
92 105
92 106
92 107
92 108
92 109
92 112
92 114
92 119
92 120
92 123
92 125
92 127
92 128
92 130
92 131
92 132
92 134
92 135
92 139
92 140
92 141
92 146
92 148
92 149
92 155
92 156
92 157
92 159
92 160
92 161
92 165
92 169
92 170
92 172
92 174
92 175
92 177
92 178
92 180
92 183
92 184
92 185
92 186
92 187
93 94
93 97
93 98
93 102
93 103
93 104
93 105
93 106
93 107
93 109
93 110
93 112
93 114
93 116
93 121
93 125
93 127
93 128
93 129
93 130
93 132
93 134
93 135
93 137
93 141
93 144
93 145
93 146
93 147
93 148
93 149
93 151
93 158
93 160
93 162
93 163
93 168
93 173
93 174
93 176
93 178
93 180
93 182
93 183
93 186
93 187
94 95
94 98
94 99
94 100
94 101
94 102
94 103
94 104
94 107
94 110
94 111
94 112
94 113
94 116
94 118
94 121
94 123
94 124
94 125
94 126
94 127
94 131
94 132
94 133
94 135
94 140
94 141
94 146
94 147
94 148
94 150
94 155
94 159
94 160
94 162
94 163
94 170
94 171
94 172
94 174
94 175
94 178
94 180
94 182
94 187
95 98
95 99
95 101
95 106
95 107
95 108
95 109
95 110
95 111
95 112
95 113
95 114
95 115
95 116
95 118
95 119
95 121
95 122
95 123
95 124
95 125
95 128
95 133
95 134
95 136
95 138
95 141
95 142
95 143
95 147
95 153
95 156
95 158
95 161
95 165
95 167
95 169
95 175
95 176
95 177
95 182
95 183
95 184
95 185
95 187
96 98
96 100
96 111
96 113
96 114
96 115
96 116
96 119
96 120
96 123
96 125
96 126
96 127
96 129
96 131
96 132
96 135
96 137
96 138
96 139
96 140
96 141
96 143
96 150
96 151
96 152
96 158
96 159
96 163
96 165
96 166
96 167
96 170
96 178
96 179
96 184
96 186
96 187
97 99
97 100
97 103
97 104
97 107
97 110
97 115
97 121
97 122
97 123
97 124
97 125
97 127
97 129
97 132
97 133
97 134
97 137
97 138
97 141
97 142
97 146
97 152
97 156
97 157
97 159
97 160
97 161
97 162
97 164
97 165
97 169
97 170
97 171
97 172
97 173
97 176
97 177
97 178
97 180
97 186
98 99
98 100
98 101
98 104
98 105
98 108
98 110
98 111
98 112
98 113
98 115
98 119
98 122
98 125
98 128
98 129
98 130
98 131
98 132
98 135
98 136
98 138
98 141
98 144
98 145
98 146
98 147
98 152
98 153
98 157
98 159
98 167
98 174
98 179
98 180
98 183
98 184
99 102
99 103
99 105
99 107
99 115
99 124
99 125
99 131
99 133
99 136
99 137
99 141
99 145
99 146
99 148
99 149
99 150
99 153
99 158
99 159
99 160
99 162
99 164
99 165
99 166
99 167
99 168
99 169
99 171
99 173
99 175
99 178
99 185
100 101
100 102
100 109
100 111
100 113
100 119
100 121
100 122
100 123
100 125
100 126
100 127
100 130
100 131
100 132
100 133
100 134
100 138
100 140
100 145
100 147
100 148
100 149
100 151
100 154
100 155
100 157
100 158
100 165
100 173
100 178
100 183
100 184
100 186
101 102
101 103
101 106
101 107
101 108
101 109
101 110
101 113
101 114
101 117
101 118
101 121
101 122
101 123
101 125
101 126
101 128
101 129
101 130
101 131
101 132
101 133
101 135
101 136
101 137
101 138
101 140
101 142
101 143
101 148
101 151
101 153
101 157
101 158
101 160
101 162
101 166
101 170
101 171
101 175
101 180
101 183
101 185
101 186
102 105
102 108
102 111
102 112
102 113
102 115
102 118
102 122
102 126
102 128
102 130
102 131
102 132
102 133
102 134
102 135
102 140
102 142
102 144
102 148
102 149
102 150
102 152
102 154
102 155
102 156
102 160
102 162
102 164
102 169
102 171
102 173
102 174
102 176
102 177
102 178
102 179
102 181
102 185
102 187
103 104
103 105
103 106
103 107
103 108
103 110
103 112
103 113
103 115
103 119
103 124
103 129
103 131
103 133
103 134
103 135
103 137
103 139
103 140
103 142
103 143
103 144
103 146
103 147
103 149
103 152
103 155
103 159
103 160
103 164
103 166
103 168
103 172
103 174
103 175
103 181
103 182
103 184
103 185
104 107
104 108
104 109
104 110
104 111
104 113
104 114
104 115
104 116
104 117
104 119
104 121
104 122
104 123
104 126
104 128
104 130
104 133
104 139
104 144
104 146
104 147
104 150
104 151
104 153
104 155
104 156
104 158
104 159
104 161
104 163
104 164
104 167
104 169
104 171
104 175
104 177
104 178
104 184
104 185
104 187
105 106
105 107
105 110
105 111
105 112
105 115
105 116
105 118
105 121
105 122
105 125
105 126
105 130
105 131
105 132
105 134
105 138
105 139
105 140
105 142
105 143
105 144
105 145
105 147
105 148
105 151
105 153
105 157
105 163
105 164
105 174
105 175
105 177
105 180
105 181
105 182
105 184
105 185
105 187
106 107
106 108
106 109
106 111
106 117
106 120
106 121
106 123
106 125
106 128
106 129
106 141
106 142
106 143
106 144
106 145
106 147
106 149
106 150
106 151
106 152
106 155
106 157
106 160
106 163
106 164
106 165
106 167
106 173
106 174
106 175
106 177
106 178
106 180
106 181
106 182
106 183
106 185
106 186
107 108
107 112
107 113
107 114
107 116
107 118
107 120
107 123
107 124
107 126
107 127
107 134
107 136
107 139
107 140
107 141
107 142
107 143
107 144
107 146
107 148
107 149
107 150
107 152
107 153
107 160
107 162
107 166
107 168
107 171
107 173
107 174
107 177
107 178
107 179
107 181
107 186
108 113
108 114
108 116
108 120
108 123
108 125
108 126
108 127
108 129
108 130
108 134
108 135
108 139
108 141
108 145
108 146
108 147
108 149
108 150
108 152
108 154
108 156
108 158
108 159
108 160
108 162
108 163
108 164
108 165
108 168
108 169
108 170
108 171
108 175
108 176
108 177
108 178
108 181
108 182
108 185
108 186
109 111
109 117
109 118
109 120
109 121
109 122
109 125
109 126
109 129
109 130
109 131
109 138
109 144
109 145
109 147
109 148
109 150
109 154
109 155
109 158
109 159
109 161
109 165
109 166
109 169
109 170
109 174
109 177
109 185
110 113
110 114
110 115
110 118
110 119
110 121
110 124
110 125
110 126
110 128
110 130
110 132
110 133
110 138
110 140
110 142
110 146
110 147
110 150
110 151
110 152
110 156
110 157
110 164
110 167
110 168
110 169
110 170
110 171
110 174
110 175
110 177
110 185
110 186
111 113
111 114
111 118
111 119
111 120
111 125
111 126
111 127
111 128
111 130
111 131
111 135
111 136
111 139
111 142
111 143
111 144
111 145
111 146
111 149
111 150
111 151
111 152
111 156
111 159
111 160
111 165
111 166
111 171
111 173
111 174
111 176
111 182
111 186
112 115
112 117
112 118
112 121
112 123
112 124
112 125
112 126
112 129
112 130
112 131
112 132
112 133
112 135
112 137
112 138
112 141
112 143
112 144
112 146
112 151
112 159
112 161
112 166
112 170
112 178
112 179
112 180
112 181
112 182
112 183
112 184
112 185
112 186
113 122
113 123
113 128
113 131
113 135
113 136
113 139
113 140
113 142
113 143
113 144
113 148
113 151
113 156
113 158
113 160
113 163
113 166
113 167
113 170
113 172
113 173
113 174
113 180
113 181
113 182
113 183
113 184
113 185
113 187
114 116
114 119
114 121
114 122
114 124
114 127
114 128
114 131
114 134
114 140
114 142
114 144
114 150
114 152
114 155
114 159
114 163
114 164
114 165
114 166
114 169
114 171
114 172
114 174
114 176
114 177
114 180
114 182
114 183
115 118
115 119
115 124
115 125
115 126
115 129
115 130
115 132
115 133
115 134
115 135
115 141
115 143
115 144
115 145
115 146
115 148
115 150
115 152
115 155
115 158
115 160
115 161
115 162
115 164
115 167
115 170
115 173
115 175
115 179
115 181
115 184
116 117
116 121
116 122
116 127
116 129
116 131
116 132
116 134
116 135
116 137
116 141
116 145
116 147
116 153
116 156
116 157
116 159
116 161
116 162
116 163
116 168
116 174
116 175
116 176
116 178
116 180
116 183
117 118
117 119
117 120
117 121
117 123
117 124
117 130
117 131
117 132
117 133
117 134
117 135
117 137
117 139
117 142
117 143
117 147
117 148
117 150
117 156
117 158
117 160
117 162
117 166
117 175
117 176
117 177
117 180
117 182
117 184
117 185
117 186
117 187
118 120
118 124
118 125
118 128
118 133
118 135
118 136
118 138
118 140
118 141
118 144
118 147
118 154
118 155
118 156
118 159
118 163
118 165
118 168
118 169
118 174
118 177
118 180
118 182
118 183
118 186
119 121
119 122
119 124
119 126
119 128
119 129
119 136
119 140
119 142
119 143
119 145
119 146
119 147
119 150
119 152
119 154
119 155
119 156
119 157
119 164
119 168
119 169
119 171
119 173
119 174
119 176
119 183
119 185
120 126
120 128
120 130
120 133
120 135
120 136
120 139
120 141
120 142
120 146
120 152
120 154
120 158
120 159
120 160
120 164
120 166
120 170
120 172
120 174
120 176
120 177
120 180
120 181
120 182
120 183
121 126
121 128
121 132
121 134
121 136
121 138
121 140
121 141
121 143
121 146
121 148
121 153
121 157
121 159
121 162
121 167
121 168
121 170
121 172
121 173
121 174
121 175
121 178
121 179
121 180
121 181
121 182
121 183
121 184
121 185
121 187
122 124
122 127
122 129
122 131
122 132
122 133
122 135
122 137
122 138
122 139
122 144
122 148
122 150
122 160
122 161
122 162
122 163
122 166
122 167
122 168
122 170
122 173
122 180
122 181
122 182
122 183
122 184
123 124
123 126
123 128
123 129
123 133
123 135
123 136
123 139
123 141
123 146
123 147
123 148
123 152
123 153
123 157
123 159
123 161
123 162
123 163
123 164
123 165
123 166
123 168
123 170
123 173
123 175
123 176
123 178
123 179
123 186
124 127
124 128
124 130
124 132
124 136
124 138
124 139
124 142
124 146
124 147
124 149
124 150
124 154
124 158
124 159
124 160
124 162
124 164
124 167
124 170
124 174
124 176
124 183
124 184
124 187
125 126
125 129
125 130
125 131
125 133
125 135
125 136
125 138
125 148
125 153
125 155
125 162
125 163
125 165
125 166
125 167
125 170
125 171
125 172
125 173
125 176
125 177
125 179
125 182
126 127
126 128
126 131
126 134
126 136
126 137
126 138
126 141
126 144
126 145
126 146
126 147
126 151
126 153
126 163
126 166
126 167
126 175
126 181
126 182
126 183
126 187
127 132
127 134
127 135
127 139
127 143
127 144
127 146
127 147
127 150
127 151
127 153
127 155
127 156
127 162
127 163
127 164
127 165
127 167
127 170
127 171
127 173
127 176
127 178
127 182
127 184
127 185
127 186
128 129
128 130
128 131
128 132
128 133
128 134
128 135
128 139
128 142
128 144
128 147
128 148
128 150
128 151
128 154
128 156
128 157
128 166
128 167
128 168
128 171
128 172
128 173
128 174
128 177
128 179
128 180
128 182
128 183
128 184
128 187
129 130
129 131
129 136
129 139
129 140
129 141
129 145
129 152
129 153
129 157
129 158
129 160
129 163
129 164
129 168
129 178
129 180
129 181
129 182
129 183
129 184
129 185
130 131
130 132
130 133
130 135
130 136
130 139
130 140
130 146
130 149
130 154
130 157
130 165
130 168
130 171
130 173
130 174
130 175
130 180
130 182
130 183
130 184
130 187
131 132
131 133
131 139
131 140
131 141
131 142
131 147
131 150
131 151
131 154
131 155
131 156
131 159
131 162
131 164
131 166
131 168
131 171
131 172
131 173
131 183
131 186
131 187
132 136
132 137
132 138
132 139
132 140
132 143
132 144
132 148
132 149
132 151
132 155
132 162
132 164
132 177
132 179
132 182
132 184
132 186
133 138
133 149
133 155
133 157
133 160
133 161
133 162
133 164
133 165
133 167
133 168
133 171
133 172
133 176
133 177
133 179
133 180
133 182
133 183
133 186
133 187
134 136
134 137
134 138
134 139
134 144
134 145
134 146
134 148
134 149
134 150
134 151
134 152
134 154
134 157
134 159
134 160
134 163
134 166
134 167
134 168
134 171
134 173
134 177
134 178
134 181
134 182
134 185
134 186
134 187
135 136
135 137
135 139
135 143
135 146
135 148
135 150
135 153
135 155
135 156
135 159
135 163
135 165
135 172
135 175
135 176
135 181
135 182
135 185
136 140
136 142
136 143
136 144
136 146
136 148
136 151
136 152
136 155
136 157
136 162
136 167
136 168
136 171
136 173
136 175
136 182
136 184
136 186
137 141
137 149
137 150
137 153
137 166
137 171
137 172
137 174
137 175
137 179
137 180
137 183
137 187
138 143
138 144
138 146
138 148
138 149
138 150
138 155
138 156
138 157
138 158
138 160
138 161
138 168
138 171
138 173
138 175
138 177
138 181
138 182
138 183
138 185
138 187
139 140
139 141
139 144
139 147
139 150
139 151
139 152
139 153
139 157
139 158
139 161
139 162
139 164
139 168
139 171
139 172
139 173
139 174
139 177
139 180
139 183
140 142
140 143
140 144
140 147
140 149
140 150
140 153
140 155
140 156
140 158
140 162
140 163
140 164
140 167
140 169
140 170
140 171
140 172
140 177
141 145
141 153
141 156
141 157
141 158
141 160
141 161
141 167
141 170
141 173
141 179
141 183
141 185
142 143
142 145
142 146
142 155
142 158
142 159
142 160
142 162
142 163
142 167
142 170
142 175
142 176
142 177
142 178
142 179
142 180
142 186
142 187
143 144
143 145
143 147
143 152
143 153
143 154
143 158
143 162
143 163
143 164
143 167
143 170
143 174
143 175
143 178
143 181
143 184
143 186
143 187
144 145
144 152
144 154
144 155
144 159
144 160
144 164
144 166
144 170
144 172
144 173
144 174
144 176
145 150
145 155
145 157
145 159
145 160
145 162
145 164
145 165
145 166
145 167
145 169
145 170
145 173
145 176
145 184
146 151
146 152
146 153
146 156
146 164
146 166
146 168
146 172
146 175
146 176
146 178
146 186
147 150
147 151
147 155
147 156
147 159
147 160
147 161
147 163
147 167
147 169
147 171
147 173
147 179
147 186
147 187
148 153
148 154
148 156
148 161
148 164
148 165
148 167
148 168
148 169
148 170
148 178
148 179
148 182
148 187
149 150
149 154
149 155
149 158
149 160
149 162
149 164
149 166
149 168
149 169
149 173
149 174
149 179
149 181
149 183
149 184
149 185
150 151
150 153
150 156
150 159
150 161
150 162
150 164
150 165
150 167
150 170
150 172
150 174
150 175
150 177
150 185
151 153
151 154
151 159
151 161
151 163
151 167
151 168
151 171
151 175
151 179
151 180
151 185
151 187
152 153
152 156
152 161
152 162
152 165
152 168
152 170
152 171
152 174
152 175
152 185
153 154
153 156
153 157
153 158
153 159
153 161
153 162
153 168
153 169
153 172
153 176
153 183
153 186
153 187
154 156
154 159
154 163
154 165
154 166
154 170
154 173
154 175
154 176
154 180
154 181
154 186
155 157
155 158
155 159
155 163
155 165
155 168
155 173
155 178
155 179
155 183
155 184
155 186
156 157
156 159
156 162
156 168
156 172
156 175
156 179
156 180
156 182
156 184
156 186
157 160
157 163
157 164
157 165
157 168
157 169
157 171
157 172
157 175
157 180
157 183
157 185
158 160
158 163
158 165
158 169
158 171
158 176
158 179
158 181
158 182
158 183
158 185
158 187
159 160
159 162
159 169
159 173
159 176
159 178
159 180
159 181
159 182
159 184
159 185
160 161
160 163
160 169
160 172
160 176
160 177
160 179
160 181
160 182
160 183
160 186
161 162
161 164
161 167
161 173
161 175
161 178
161 179
161 181
161 182
161 184
161 185
162 164
162 167
162 171
162 172
162 174
162 176
162 180
163 164
163 166
163 168
163 171
163 174
163 182
163 183
163 184
163 185
164 169
164 170
164 171
164 172
164 174
164 175
164 176
164 179
164 181
164 183
164 186
165 168
165 172
165 175
165 179
165 183
166 169
166 171
166 173
166 175
166 180
166 183
166 187
167 169
167 170
167 173
167 177
167 179
167 180
167 185
168 170
168 173
168 174
168 176
168 178
168 180
168 181
168 184
168 186
168 187
169 170
169 172
169 173
169 174
169 176
169 177
169 184
169 187
170 173
170 174
170 176
170 177
170 182
170 185
171 173
171 176
171 177
171 179
171 184
172 178
172 180
172 182
172 183
172 184
172 185
172 186
173 175
173 182
173 184
173 187
174 175
174 176
174 177
174 178
174 181
174 186
175 180
175 181
175 183
176 180
176 182
176 187
177 179
177 181
177 182
177 184
177 185
178 182
179 181
179 185
179 186
180 183
180 185
181 182
181 184
181 185
181 187
182 186
183 186
184 185
184 187
186 187
