188
0 1
0 7
0 11
0 12
0 28
0 33
0 38
0 83
0 149
1 2
1 4
1 6
1 10
2 3
2 32
2 54
2 73
2 106
2 143
3 42
3 44
3 50
3 171
3 184
4 5
4 20
4 27
4 45
5 8
5 18
5 31
6 29
6 73
6 107
7 9
7 14
7 88
7 98
7 168
8 53
8 59
8 72
8 92
8 93
8 134
9 35
9 37
9 41
9 142
10 13
10 21
10 36
10 109
10 144
11 22
11 130
12 28
12 42
12 43
12 52
12 76
12 108
12 133
13 19
13 89
13 127
13 130
13 138
13 178
14 15
14 17
14 58
15 16
15 24
15 55
15 91
16 26
16 39
16 62
16 68
16 99
17 30
17 63
18 85
18 118
18 134
18 175
19 23
19 63
20 64
20 77
20 117
20 186
21 25
21 30
21 34
21 59
21 118
21 139
21 168
22 47
22 61
22 84
22 166
23 48
23 64
23 128
23 159
24 50
24 152
25 66
25 81
25 126
25 131
25 174
26 40
26 123
27 176
28 75
28 89
28 139
28 150
29 48
29 49
29 57
29 72
29 95
29 180
29 182
30 163
30 174
31 62
31 67
31 104
32 41
32 79
32 80
32 171
33 44
33 70
33 90
33 101
33 142
34 85
34 110
34 111
34 125
34 140
34 154
35 46
35 51
35 76
35 96
35 123
36 124
36 125
36 151
36 184
37 43
37 70
37 160
38 69
38 80
38 89
38 123
38 142
39 62
39 98
39 114
39 144
40 50
40 56
40 71
40 152
41 77
41 91
42 150
42 179
43 48
43 75
43 88
43 93
43 101
43 103
43 139
43 170
43 187
44 53
44 82
44 97
44 108
45 87
45 115
45 129
46 93
46 112
46 132
47 60
47 74
47 117
47 143
47 163
48 147
48 183
49 94
49 154
50 51
50 89
50 135
51 82
51 88
51 125
52 159
53 64
53 65
53 124
54 106
54 119
54 168
55 75
55 97
55 140
55 177
56 159
57 83
57 92
57 97
57 147
57 172
57 175
58 60
58 69
58 78
58 79
59 69
59 120
60 128
60 130
61 77
61 86
61 105
61 135
62 99
63 145
64 77
64 84
64 164
65 117
65 144
65 151
65 167
66 68
66 90
66 100
66 175
67 130
67 181
69 78
69 111
69 173
70 119
71 93
71 132
71 149
71 177
72 122
72 148
72 149
72 174
73 97
73 173
73 187
74 76
74 103
74 138
74 155
74 158
74 171
75 150
75 175
76 155
76 179
77 145
78 111
78 116
78 136
78 181
79 122
80 92
80 123
80 153
81 96
81 121
82 148
82 186
83 125
83 136
83 154
83 187
84 128
84 137
84 141
85 100
85 152
85 155
86 98
86 137
86 147
86 152
86 183
87 107
87 140
87 169
87 185
88 146
89 113
89 150
90 102
90 116
90 131
91 136
91 152
92 102
92 131
92 179
92 186
93 133
94 98
94 127
94 133
94 134
95 109
95 129
96 100
96 176
97 120
98 118
99 114
99 134
99 136
99 169
100 109
101 112
101 116
101 164
102 157
102 165
103 145
104 133
104 157
104 166
105 119
106 182
107 178
108 174
109 113
109 164
110 128
110 150
110 160
112 170
113 121
113 125
113 130
113 139
113 151
115 158
116 153
118 171
119 184
120 137
121 156
122 172
122 173
122 184
124 169
124 175
126 161
126 165
127 129
127 162
127 180
128 161
129 167
129 179
131 148
133 182
134 165
135 151
136 174
137 140
137 156
138 182
139 178
139 182
141 167
142 160
142 164
143 176
144 171
144 173
145 173
146 169
149 172
149 187
150 160
151 179
156 185
157 164
162 168
165 186
168 183
169 181
171 180
175 187
