180
0 1
0 2
0 4
0 5
0 7
0 9
0 10
0 11
0 13
0 14
0 15
0 16
0 17
0 18
0 19
0 21
0 22
0 23
0 24
0 27
0 29
0 31
0 32
0 33
0 34
0 36
0 37
0 38
0 39
0 43
0 46
0 47
0 48
0 51
0 52
0 55
0 57
0 58
0 59
0 60
0 61
0 63
0 65
0 66
0 68
0 71
0 72
0 74
0 80
0 81
0 82
0 84
0 85
0 86
0 87
0 89
0 90
0 91
0 92
0 93
0 96
0 97
0 99
0 100
0 101
0 102
0 104
0 106
0 108
0 115
0 116
0 119
0 122
0 124
0 126
0 129
0 130
0 131
0 133
0 135
0 139
0 140
0 142
0 147
0 150
0 151
0 152
0 153
0 157
0 158
0 159
0 161
0 162
0 163
0 164
0 166
0 168
0 169
0 170
0 171
0 172
0 173
0 174
0 175
0 176
0 177
0 179
1 2
1 3
1 5
1 6
1 7
1 8
1 10
1 13
1 16
1 17
1 18
1 21
1 22
1 24
1 25
1 26
1 28
1 30
1 31
1 32
1 33
1 35
1 39
1 40
1 41
1 42
1 43
1 44
1 45
1 46
1 49
1 52
1 53
1 54
1 55
1 57
1 59
1 61
1 62
1 63
1 64
1 65
1 66
1 67
1 68
1 70
1 71
1 73
1 75
1 76
1 77
1 79
1 81
1 82
1 84
1 87
1 89
1 90
1 91
1 93
1 98
1 99
1 100
1 101
1 103
1 104
1 106
1 108
1 109
1 114
1 115
1 116
1 117
1 118
1 119
1 120
1 121
1 122
1 123
1 127
1 129
1 131
1 132
1 133
1 135
1 136
1 137
1 139
1 140
1 143
1 144
1 147
1 148
1 150
1 151
1 152
1 154
1 155
1 157
1 159
1 160
1 166
1 167
1 169
1 173
1 174
1 175
1 177
1 179
2 3
2 4
2 6
2 8
2 9
2 13
2 14
2 15
2 16
2 17
2 18
2 22
2 23
2 26
2 28
2 29
2 31
2 35
2 36
2 37
2 38
2 39
2 40
2 41
2 43
2 44
2 45
2 46
2 47
2 50
2 51
2 52
2 53
2 54
2 55
2 56
2 57
2 58
2 59
2 60
2 63
2 67
2 68
2 69
2 70
2 71
2 73
2 74
2 78
2 80
2 82
2 83
2 85
2 87
2 88
2 89
2 90
2 93
2 94
2 95
2 96
2 99
2 100
2 103
2 104
2 106
2 108
2 109
2 110
2 113
2 114
2 115
2 116
2 118
2 119
2 122
2 124
2 125
2 128
2 129
2 133
2 134
2 135
2 138
2 139
2 140
2 141
2 144
2 145
2 148
2 149
2 150
2 154
2 157
2 158
2 162
2 163
2 164
2 165
2 166
2 167
2 168
2 169
2 170
2 173
2 174
2 175
2 176
2 177
3 4
3 6
3 7
3 8
3 9
3 10
3 12
3 14
3 15
3 16
3 17
3 18
3 19
3 20
3 25
3 26
3 27
3 29
3 30
3 32
3 33
3 34
3 35
3 37
3 38
3 40
3 41
3 42
3 43
3 44
3 45
3 46
3 47
3 48
3 53
3 54
3 55
3 56
3 58
3 59
3 62
3 63
3 64
3 66
3 67
3 68
3 70
3 74
3 75
3 76
3 77
3 79
3 84
3 87
3 88
3 91
3 92
3 94
3 95
3 97
3 98
3 104
3 105
3 106
3 109
3 113
3 118
3 120
3 125
3 126
3 130
3 131
3 132
3 135
3 138
3 141
3 144
3 147
3 149
3 151
3 152
3 153
3 154
3 155
3 157
3 159
3 162
3 164
3 167
3 169
3 171
3 174
3 178
4 6
4 8
4 10
4 12
4 13
4 14
4 15
4 18
4 20
4 21
4 22
4 24
4 25
4 26
4 30
4 31
4 32
4 33
4 34
4 35
4 37
4 42
4 45
4 46
4 47
4 51
4 52
4 53
4 56
4 57
4 58
4 60
4 61
4 64
4 65
4 66
4 67
4 68
4 70
4 76
4 77
4 78
4 80
4 81
4 83
4 84
4 86
4 87
4 88
4 89
4 90
4 91
4 92
4 94
4 96
4 97
4 98
4 99
4 100
4 101
4 102
4 103
4 104
4 106
4 107
4 111
4 112
4 113
4 114
4 116
4 118
4 120
4 122
4 124
4 127
4 128
4 129
4 131
4 133
4 136
4 137
4 142
4 143
4 147
4 148
4 149
4 150
4 155
4 157
4 159
4 163
4 164
4 167
4 170
4 171
4 175
4 176
4 179
5 6
5 8
5 9
5 10
5 14
5 15
5 17
5 18
5 20
5 21
5 22
5 27
5 28
5 29
5 30
5 32
5 33
5 36
5 37
5 38
5 42
5 43
5 45
5 47
5 48
5 51
5 52
5 53
5 55
5 58
5 59
5 60
5 64
5 69
5 70
5 72
5 74
5 76
5 77
5 82
5 83
5 84
5 86
5 87
5 89
5 92
5 96
5 98
5 99
5 100
5 104
5 105
5 106
5 108
5 109
5 110
5 112
5 113
5 114
5 115
5 116
5 117
5 118
5 119
5 120
5 122
5 123
5 126
5 128
5 129
5 130
5 131
5 134
5 136
5 138
5 139
5 140
5 142
5 144
5 146
5 147
5 148
5 149
5 151
5 152
5 154
5 158
5 160
5 161
5 162
5 163
5 165
5 166
5 167
5 170
5 171
5 172
5 173
5 175
5 176
5 179
6 7
6 8
6 9
6 10
6 11
6 12
6 13
6 14
6 16
6 17
6 18
6 19
6 20
6 21
6 22
6 24
6 25
6 28
6 29
6 30
6 31
6 32
6 33
6 35
6 36
6 37
6 40
6 41
6 42
6 44
6 49
6 51
6 52
6 54
6 55
6 58
6 62
6 64
6 67
6 68
6 70
6 71
6 74
6 81
6 83
6 84
6 85
6 86
6 87
6 89
6 91
6 93
6 94
6 95
6 96
6 97
6 100
6 101
6 102
6 103
6 104
6 107
6 108
6 113
6 114
6 116
6 118
6 119
6 123
6 124
6 127
6 131
6 133
6 134
6 137
6 138
6 139
6 141
6 142
6 144
6 146
6 147
6 148
6 150
6 151
6 154
6 155
6 157
6 159
6 160
6 161
6 162
6 163
6 164
6 165
6 166
6 174
6 175
6 176
6 177
6 178
7 8
7 9
7 11
7 12
7 13
7 17
7 18
7 19
7 20
7 21
7 24
7 25
7 26
7 27
7 28
7 30
7 31
7 32
7 35
7 36
7 38
7 39
7 41
7 42
7 45
7 47
7 48
7 49
7 50
7 53
7 54
7 56
7 57
7 61
7 62
7 63
7 64
7 67
7 70
7 71
7 72
7 75
7 76
7 77
7 79
7 80
7 81
7 82
7 83
7 85
7 86
7 88
7 89
7 90
7 91
7 93
7 94
7 96
7 98
7 99
7 101
7 102
7 103
7 105
7 107
7 109
7 110
7 113
7 115
7 116
7 117
7 119
7 121
7 125
7 127
7 131
7 134
7 135
7 136
7 138
7 140
7 142
7 143
7 144
7 146
7 148
7 149
7 151
7 152
7 153
7 154
7 156
7 157
7 160
7 161
7 162
7 163
7 169
7 170
7 171
7 172
7 174
7 175
7 177
8 9
8 14
8 15
8 17
8 19
8 20
8 22
8 23
8 24
8 27
8 28
8 30
8 33
8 34
8 36
8 37
8 38
8 40
8 41
8 42
8 45
8 48
8 49
8 50
8 52
8 53
8 55
8 56
8 58
8 59
8 60
8 63
8 64
8 66
8 67
8 69
8 70
8 71
8 72
8 73
8 74
8 76
8 78
8 80
8 81
8 83
8 86
8 88
8 90
8 91
8 92
8 93
8 94
8 95
8 96
8 99
8 100
8 102
8 103
8 104
8 106
8 108
8 110
8 112
8 114
8 118
8 120
8 122
8 123
8 124
8 127
8 128
8 129
8 131
8 132
8 134
8 135
8 136
8 138
8 140
8 145
8 147
8 148
8 151
8 152
8 153
8 154
8 155
8 156
8 158
8 160
8 162
8 166
8 167
8 169
8 171
8 174
8 176
8 177
8 178
8 179
9 10
9 11
9 16
9 17
9 18
9 19
9 21
9 22
9 23
9 24
9 26
9 27
9 28
9 31
9 32
9 34
9 35
9 36
9 38
9 39
9 40
9 41
9 42
9 43
9 45
9 46
9 47
9 48
9 49
9 52
9 55
9 56
9 60
9 61
9 62
9 63
9 64
9 65
9 67
9 68
9 69
9 70
9 71
9 72
9 73
9 75
9 76
9 77
9 81
9 82
9 83
9 84
9 85
9 89
9 91
9 93
9 94
9 97
9 98
9 100
9 102
9 103
9 104
9 108
9 110
9 111
9 113
9 114
9 115
9 118
9 119
9 120
9 121
9 123
9 124
9 125
9 126
9 128
9 131
9 133
9 134
9 135
9 136
9 138
9 139
9 141
9 142
9 143
9 144
9 145
9 146
9 147
9 148
9 149
9 162
9 167
9 168
9 170
9 172
9 175
9 178
9 179
10 15
10 16
10 18
10 19
10 20
10 22
10 23
10 26
10 28
10 30
10 32
10 33
10 34
10 37
10 38
10 39
10 41
10 43
10 45
10 46
10 47
10 48
10 51
10 59
10 60
10 62
10 63
10 64
10 65
10 67
10 76
10 79
10 85
10 86
10 87
10 92
10 93
10 94
10 96
10 98
10 99
10 100
10 101
10 102
10 103
10 104
10 105
10 107
10 108
10 109
10 110
10 111
10 113
10 116
10 117
10 118
10 120
10 121
10 122
10 123
10 124
10 127
10 128
10 129
10 130
10 131
10 132
10 134
10 136
10 137
10 139
10 141
10 143
10 147
10 148
10 150
10 153
10 154
10 155
10 156
10 158
10 159
10 160
10 162
10 163
10 165
10 167
10 170
10 175
10 177
10 179
11 12
11 13
11 14
11 17
11 18
11 22
11 23
11 24
11 25
11 26
11 27
11 28
11 29
11 30
11 31
11 33
11 37
11 38
11 39
11 41
11 42
11 45
11 46
11 49
11 51
11 52
11 54
11 57
11 59
11 60
11 62
11 63
11 65
11 67
11 68
11 69
11 71
11 72
11 73
11 74
11 75
11 76
11 78
11 80
11 81
11 82
11 84
11 85
11 87
11 88
11 89
11 90
11 94
11 99
11 102
11 103
11 104
11 107
11 108
11 109
11 110
11 112
11 113
11 116
11 120
11 121
11 123
11 126
11 127
11 128
11 129
11 130
11 133
11 136
11 139
11 140
11 141
11 142
11 144
11 148
11 149
11 151
11 152
11 154
11 156
11 157
11 158
11 159
11 162
11 163
11 165
11 166
11 172
11 175
11 176
11 177
11 178
11 179
12 14
12 15
12 16
12 21
12 22
12 23
12 24
12 25
12 27
12 28
12 30
12 31
12 32
12 33
12 34
12 36
12 37
12 38
12 39
12 44
12 45
12 47
12 48
12 49
12 50
12 51
12 52
12 53
12 54
12 55
12 56
12 61
12 63
12 64
12 66
12 67
12 68
12 71
12 73
12 74
12 77
12 79
12 80
12 83
12 85
12 87
12 88
12 89
12 91
12 92
12 93
12 94
12 95
12 97
12 98
12 99
12 100
12 101
12 102
12 105
12 106
12 109
12 110
12 112
12 114
12 115
12 117
12 118
12 119
12 121
12 126
12 127
12 133
12 134
12 135
12 136
12 138
12 150
12 152
12 153
12 156
12 157
12 158
12 160
12 161
12 162
12 163
12 164
12 165
12 166
12 172
12 173
12 175
12 178
12 179
13 15
13 19
13 21
13 22
13 23
13 24
13 25
13 27
13 29
13 30
13 31
13 32
13 34
13 36
13 39
13 42
13 43
13 44
13 45
13 47
13 49
13 50
13 52
13 57
13 59
13 62
13 64
13 66
13 67
13 68
13 69
13 72
13 73
13 74
13 79
13 83
13 84
13 92
13 93
13 94
13 98
13 99
13 100
13 101
13 103
13 106
13 110
13 113
13 115
13 116
13 118
13 119
13 122
13 123
13 124
13 126
13 127
13 128
13 130
13 131
13 132
13 133
13 134
13 135
13 136
13 140
13 141
13 142
13 143
13 144
13 145
13 148
13 149
13 152
13 153
13 156
13 158
13 160
13 161
13 162
13 163
13 164
13 168
13 169
13 170
13 171
13 172
13 174
13 176
13 177
14 15
14 16
14 17
14 19
14 20
14 22
14 23
14 24
14 26
14 27
14 28
14 29
14 34
14 36
14 37
14 38
14 39
14 42
14 43
14 44
14 45
14 48
14 52
14 53
14 56
14 57
14 58
14 60
14 62
14 64
14 65
14 68
14 69
14 72
14 74
14 75
14 80
14 84
14 87
14 88
14 89
14 90
14 91
14 92
14 94
14 95
14 98
14 99
14 100
14 101
14 102
14 105
14 106
14 107
14 108
14 109
14 110
14 112
14 113
14 114
14 116
14 117
14 118
14 119
14 120
14 122
14 123
14 124
14 125
14 127
14 128
14 130
14 131
14 133
14 136
14 137
14 140
14 141
14 143
14 144
14 146
14 149
14 150
14 153
14 154
14 156
14 157
14 158
14 159
14 163
14 164
14 165
14 172
14 175
14 176
14 178
15 17
15 20
15 21
15 22
15 23
15 24
15 27
15 30
15 31
15 33
15 34
15 37
15 38
15 44
15 46
15 47
15 49
15 50
15 51
15 52
15 53
15 56
15 57
15 58
15 61
15 62
15 64
15 65
15 66
15 69
15 70
15 73
15 74
15 75
15 76
15 77
15 78
15 82
15 83
15 84
15 85
15 86
15 88
15 89
15 90
15 91
15 92
15 93
15 94
15 95
15 97
15 99
15 100
15 102
15 105
15 106
15 107
15 110
15 111
15 112
15 113
15 114
15 116
15 118
15 120
15 121
15 122
15 125
15 126
15 133
15 134
15 136
15 137
15 138
15 140
15 141
15 142
15 143
15 146
15 147
15 150
15 153
15 155
15 156
15 158
15 167
15 168
15 172
15 173
15 174
15 178
15 179
16 17
16 19
16 20
16 21
16 22
16 23
16 24
16 25
16 26
16 27
16 28
16 29
16 30
16 31
16 32
16 33
16 34
16 35
16 36
16 38
16 39
16 40
16 42
16 43
16 45
16 46
16 48
16 50
16 51
16 52
16 55
16 63
16 65
16 66
16 67
16 70
16 73
16 75
16 77
16 78
16 79
16 80
16 81
16 82
16 83
16 84
16 85
16 88
16 91
16 92
16 94
16 95
16 96
16 98
16 100
16 104
16 105
16 108
16 109
16 112
16 114
16 116
16 117
16 118
16 119
16 120
16 122
16 125
16 126
16 127
16 128
16 129
16 130
16 131
16 132
16 133
16 134
16 136
16 137
16 139
16 141
16 145
16 146
16 147
16 148
16 151
16 153
16 157
16 160
16 162
16 163
16 164
16 168
16 169
16 171
16 172
16 173
16 175
16 176
16 179
17 20
17 21
17 23
17 24
17 25
17 27
17 28
17 31
17 32
17 35
17 36
17 37
17 38
17 39
17 41
17 43
17 44
17 47
17 52
17 54
17 55
17 56
17 60
17 62
17 63
17 64
17 65
17 66
17 69
17 72
17 76
17 78
17 79
17 80
17 81
17 84
17 86
17 87
17 88
17 89
17 91
17 98
17 100
17 101
17 102
17 105
17 106
17 109
17 110
17 113
17 114
17 115
17 118
17 119
17 120
17 121
17 124
17 125
17 126
17 127
17 129
17 130
17 131
17 133
17 134
17 138
17 139
17 143
17 144
17 145
17 149
17 152
17 154
17 157
17 159
17 161
17 162
17 165
17 166
17 167
17 168
17 173
17 176
17 177
17 178
17 179
18 19
18 20
18 23
18 24
18 25
18 26
18 29
18 30
18 31
18 33
18 34
18 35
18 36
18 37
18 39
18 40
18 42
18 43
18 45
18 47
18 50
18 52
18 53
18 55
18 57
18 58
18 61
18 62
18 63
18 66
18 67
18 68
18 69
18 70
18 71
18 72
18 73
18 75
18 76
18 77
18 78
18 80
18 82
18 83
18 87
18 88
18 89
18 91
18 93
18 97
18 100
18 101
18 103
18 104
18 105
18 106
18 109
18 111
18 112
18 113
18 114
18 115
18 116
18 118
18 121
18 122
18 124
18 125
18 126
18 130
18 131
18 132
18 135
18 137
18 138
18 142
18 143
18 146
18 150
18 151
18 153
18 155
18 157
18 158
18 159
18 160
18 161
18 162
18 163
18 164
18 165
18 173
18 174
18 175
18 176
18 179
19 20
19 21
19 24
19 25
19 26
19 28
19 29
19 30
19 31
19 32
19 33
19 34
19 35
19 38
19 39
19 41
19 42
19 44
19 47
19 49
19 50
19 51
19 52
19 54
19 55
19 56
19 57
19 60
19 63
19 64
19 65
19 69
19 70
19 72
19 75
19 76
19 78
19 79
19 84
19 86
19 88
19 89
19 91
19 92
19 95
19 96
19 98
19 100
19 101
19 102
19 104
19 105
19 106
19 111
19 115
19 116
19 117
19 118
19 122
19 124
19 125
19 126
19 127
19 128
19 129
19 134
19 136
19 137
19 138
19 139
19 140
19 141
19 145
19 146
19 147
19 149
19 150
19 154
19 155
19 156
19 157
19 158
19 159
19 161
19 162
19 163
19 164
19 165
19 166
19 172
19 174
19 176
19 177
20 21
20 23
20 24
20 25
20 28
20 29
20 33
20 34
20 35
20 37
20 39
20 42
20 44
20 45
20 47
20 48
20 50
20 51
20 52
20 54
20 56
20 57
20 58
20 60
20 61
20 64
20 65
20 66
20 67
20 68
20 69
20 70
20 71
20 72
20 75
20 77
20 80
20 81
20 82
20 84
20 85
20 88
20 89
20 91
20 93
20 94
20 95
20 97
20 99
20 101
20 102
20 104
20 105
20 107
20 110
20 111
20 112
20 113
20 115
20 117
20 120
20 123
20 126
20 128
20 129
20 131
20 134
20 135
20 136
20 137
20 140
20 141
20 146
20 147
20 149
20 151
20 152
20 153
20 158
20 159
20 160
20 162
20 163
20 166
20 168
20 171
20 176
20 179
21 23
21 24
21 25
21 29
21 30
21 32
21 33
21 34
21 36
21 38
21 41
21 43
21 44
21 45
21 49
21 51
21 52
21 53
21 54
21 55
21 56
21 59
21 60
21 63
21 64
21 67
21 68
21 69
21 71
21 72
21 73
21 75
21 76
21 77
21 79
21 81
21 82
21 88
21 91
21 94
21 98
21 101
21 103
21 105
21 106
21 108
21 109
21 110
21 111
21 114
21 115
21 116
21 122
21 125
21 130
21 132
21 133
21 134
21 135
21 138
21 139
21 140
21 142
21 144
21 145
21 146
21 147
21 150
21 151
21 154
21 155
21 157
21 158
21 159
21 161
21 162
21 163
21 164
21 166
21 171
21 176
21 177
21 178
22 24
22 26
22 28
22 29
22 31
22 34
22 35
22 37
22 38
22 39
22 40
22 41
22 44
22 47
22 48
22 49
22 50
22 51
22 52
22 55
22 57
22 60
22 61
22 62
22 63
22 65
22 66
22 67
22 69
22 70
22 74
22 75
22 76
22 78
22 79
22 80
22 82
22 83
22 84
22 86
22 88
22 89
22 92
22 93
22 94
22 99
22 109
22 111
22 112
22 114
22 115
22 116
22 118
22 119
22 120
22 122
22 123
22 126
22 127
22 128
22 129
22 130
22 133
22 134
22 135
22 137
22 140
22 142
22 143
22 145
22 146
22 147
22 148
22 149
22 150
22 151
22 154
22 155
22 156
22 158
22 160
22 170
22 171
22 172
22 175
22 177
22 178
22 179
23 24
23 25
23 26
23 27
23 28
23 29
23 31
23 32
23 33
23 34
23 35
23 37
23 38
23 39
23 40
23 42
23 43
23 45
23 46
23 47
23 48
23 49
23 50
23 51
23 52
23 53
23 56
23 57
23 58
23 59
23 60
23 61
23 64
23 65
23 68
23 73
23 74
23 76
23 77
23 79
23 83
23 85
23 87
23 91
23 92
23 93
23 94
23 95
23 96
23 97
23 98
23 99
23 102
23 108
23 110
23 111
23 112
23 114
23 115
23 117
23 118
23 121
23 123
23 125
23 130
23 131
23 133
23 135
23 138
23 140
23 141
23 142
23 143
23 145
23 146
23 149
23 150
23 154
23 155
23 158
23 159
23 160
23 161
23 162
23 163
23 166
23 167
23 171
23 173
23 174
23 177
24 26
24 27
24 29
24 31
24 32
24 35
24 41
24 43
24 44
24 45
24 46
24 51
24 53
24 54
24 56
24 57
24 58
24 60
24 62
24 63
24 64
24 70
24 73
24 74
24 75
24 76
24 77
24 78
24 79
24 86
24 88
24 92
24 94
24 95
24 97
24 98
24 100
24 101
24 103
24 104
24 105
24 106
24 108
24 109
24 110
24 111
24 112
24 113
24 114
24 117
24 119
24 121
24 123
24 124
24 125
24 126
24 127
24 128
24 130
24 131
24 132
24 135
24 138
24 139
24 140
24 142
24 144
24 145
24 146
24 148
24 150
24 151
24 152
24 156
24 159
24 162
24 164
24 165
24 166
24 167
24 168
24 169
24 170
24 171
24 172
24 173
24 176
24 179
25 26
25 28
25 29
25 30
25 31
25 32
25 33
25 34
25 35
25 36
25 39
25 40
25 41
25 43
25 44
25 48
25 49
25 50
25 51
25 53
25 54
25 56
25 59
25 60
25 65
25 66
25 67
25 68
25 71
25 72
25 77
25 78
25 79
25 82
25 84
25 86
25 91
25 92
25 93
25 94
25 96
25 98
25 99
25 103
25 106
25 107
25 112
25 116
25 117
25 118
25 120
25 122
25 124
25 125
25 126
25 128
25 129
25 130
25 132
25 133
25 135
25 137
25 138
25 140
25 144
25 145
25 150
25 151
25 155
25 156
25 158
25 161
25 162
25 167
25 168
25 169
25 170
25 171
25 177
25 178
25 179
26 29
26 30
26 31
26 33
26 34
26 35
26 39
26 41
26 42
26 43
26 46
26 47
26 48
26 49
26 51
26 52
26 53
26 54
26 55
26 57
26 58
26 61
26 63
26 66
26 67
26 68
26 69
26 71
26 72
26 76
26 77
26 80
26 81
26 82
26 84
26 85
26 87
26 89
26 91
26 92
26 94
26 95
26 96
26 97
26 98
26 99
26 102
26 103
26 104
26 106
26 117
26 118
26 122
26 123
26 124
26 125
26 127
26 128
26 129
26 130
26 132
26 135
26 136
26 137
26 138
26 139
26 142
26 145
26 147
26 148
26 149
26 152
26 154
26 155
26 157
26 158
26 159
26 160
26 161
26 162
26 163
26 165
26 168
26 169
26 170
26 172
26 173
26 174
26 176
26 177
26 178
26 179
27 28
27 29
27 30
27 31
27 33
27 34
27 36
27 37
27 38
27 39
27 40
27 41
27 42
27 43
27 46
27 48
27 50
27 51
27 52
27 53
27 54
27 55
27 57
27 58
27 60
27 61
27 62
27 63
27 64
27 65
27 68
27 69
27 70
27 71
27 73
27 74
27 77
27 78
27 80
27 81
27 84
27 86
27 88
27 89
27 93
27 96
27 97
27 98
27 99
27 102
27 104
27 105
27 106
27 107
27 109
27 110
27 111
27 113
27 114
27 117
27 118
27 119
27 120
27 121
27 122
27 123
27 126
27 130
27 131
27 132
27 135
27 136
27 138
27 139
27 140
27 144
27 145
27 147
27 148
27 150
27 151
27 156
27 160
27 162
27 164
27 165
27 167
27 168
27 173
27 174
27 177
27 178
27 179
28 29
28 32
28 34
28 36
28 37
28 38
28 40
28 41
28 42
28 43
28 44
28 50
28 51
28 52
28 53
28 57
28 58
28 59
28 61
28 65
28 69
28 75
28 77
28 78
28 79
28 80
28 82
28 83
28 88
28 89
28 90
28 91
28 92
28 94
28 95
28 97
28 98
28 100
28 101
28 102
28 103
28 104
28 105
28 106
28 107
28 109
28 110
28 112
28 114
28 116
28 118
28 119
28 123
28 127
28 129
28 132
28 134
28 135
28 138
28 141
28 142
28 144
28 145
28 146
28 148
28 151
28 154
28 155
28 157
28 160
28 161
28 165
28 166
28 170
28 172
28 174
28 177
29 30
29 31
29 33
29 34
29 35
29 36
29 37
29 40
29 41
29 44
29 45
29 47
29 53
29 54
29 57
29 59
29 62
29 65
29 69
29 70
29 71
29 73
29 75
29 76
29 77
29 78
29 79
29 80
29 81
29 83
29 85
29 87
29 89
29 94
29 96
29 98
29 102
29 103
29 105
29 106
29 107
29 109
29 110
29 112
29 116
29 117
29 120
29 121
29 122
29 123
29 124
29 125
29 126
29 127
29 129
29 133
29 135
29 139
29 141
29 143
29 145
29 148
29 149
29 151
29 156
29 158
29 160
29 161
29 162
29 163
29 165
29 169
29 173
29 175
29 176
29 179
30 32
30 34
30 36
30 37
30 39
30 40
30 41
30 47
30 50
30 51
30 53
30 54
30 59
30 60
30 61
30 62
30 66
30 68
30 69
30 73
30 75
30 76
30 77
30 78
30 79
30 81
30 82
30 84
30 86
30 87
30 89
30 90
30 92
30 93
30 95
30 96
30 97
30 98
30 101
30 102
30 103
30 104
30 105
30 107
30 108
30 110
30 111
30 112
30 113
30 114
30 115
30 118
30 121
30 124
30 126
30 128
30 129
30 133
30 136
30 137
30 140
30 141
30 142
30 143
30 144
30 148
30 149
30 151
30 152
30 156
30 160
30 161
30 162
30 166
30 169
30 170
30 171
30 172
30 173
30 174
30 175
31 34
31 37
31 39
31 40
31 43
31 44
31 47
31 49
31 50
31 51
31 52
31 53
31 54
31 58
31 59
31 60
31 63
31 65
31 67
31 70
31 71
31 73
31 74
31 76
31 79
31 83
31 84
31 88
31 89
31 91
31 95
31 98
31 99
31 102
31 103
31 106
31 108
31 109
31 111
31 112
31 113
31 115
31 116
31 118
31 119
31 122
31 127
31 128
31 129
31 132
31 133
31 136
31 137
31 138
31 140
31 141
31 142
31 148
31 149
31 150
31 152
31 154
31 156
31 159
31 161
31 164
31 165
31 166
31 167
31 168
31 169
31 170
31 171
31 172
31 173
31 174
31 178
32 33
32 38
32 42
32 45
32 48
32 49
32 53
32 56
32 57
32 59
32 63
32 65
32 66
32 67
32 68
32 69
32 71
32 73
32 74
32 75
32 76
32 77
32 78
32 79
32 80
32 81
32 85
32 87
32 88
32 90
32 91
32 93
32 94
32 95
32 99
32 100
32 101
32 102
32 103
32 104
32 105
32 107
32 108
32 110
32 114
32 115
32 116
32 118
32 119
32 123
32 125
32 128
32 132
32 133
32 138
32 139
32 140
32 142
32 144
32 145
32 150
32 152
32 153
32 155
32 159
32 160
32 163
32 166
32 168
32 170
32 172
32 179
33 34
33 35
33 36
33 37
33 38
33 39
33 40
33 41
33 42
33 44
33 46
33 48
33 49
33 51
33 53
33 54
33 55
33 56
33 59
33 60
33 61
33 65
33 67
33 68
33 69
33 71
33 73
33 75
33 77
33 79
33 80
33 81
33 83
33 84
33 85
33 86
33 88
33 89
33 92
33 94
33 95
33 96
33 99
33 101
33 102
33 103
33 107
33 108
33 109
33 110
33 112
33 118
33 121
33 122
33 123
33 126
33 130
33 131
33 132
33 133
33 134
33 135
33 136
33 137
33 140
33 142
33 143
33 149
33 150
33 151
33 152
33 153
33 154
33 158
33 162
33 165
33 168
33 171
33 173
33 174
33 175
33 178
34 38
34 39
34 42
34 46
34 48
34 49
34 53
34 56
34 57
34 58
34 62
34 63
34 66
34 67
34 68
34 71
34 72
34 74
34 76
34 77
34 80
34 81
34 82
34 83
34 86
34 88
34 89
34 90
34 92
34 95
34 96
34 97
34 98
34 100
34 103
34 105
34 107
34 108
34 110
34 111
34 112
34 115
34 117
34 121
34 122
34 124
34 125
34 126
34 129
34 131
34 132
34 133
34 134
34 135
34 142
34 145
34 146
34 148
34 149
34 150
34 151
34 154
34 155
34 156
34 158
34 160
34 164
34 165
34 166
34 169
34 173
34 174
34 179
35 36
35 37
35 38
35 39
35 40
35 41
35 42
35 44
35 45
35 46
35 47
35 49
35 50
35 51
35 52
35 53
35 55
35 57
35 58
35 59
35 60
35 61
35 64
35 66
35 67
35 68
35 69
35 70
35 73
35 74
35 75
35 76
35 77
35 78
35 79
35 82
35 83
35 86
35 88
35 89
35 90
35 91
35 92
35 100
35 102
35 103
35 104
35 106
35 109
35 110
35 111
35 112
35 114
35 115
35 116
35 117
35 119
35 120
35 122
35 125
35 126
35 128
35 130
35 131
35 134
35 135
35 136
35 137
35 140
35 141
35 148
35 150
35 151
35 155
35 159
35 160
35 161
35 163
35 164
35 165
35 166
35 168
35 169
35 170
35 171
35 172
35 173
35 174
35 175
35 176
35 177
36 37
36 39
36 40
36 42
36 43
36 44
36 45
36 48
36 49
36 51
36 52
36 53
36 58
36 60
36 61
36 63
36 64
36 67
36 69
36 71
36 72
36 73
36 74
36 75
36 77
36 78
36 80
36 81
36 82
36 83
36 84
36 85
36 86
36 88
36 90
36 91
36 92
36 93
36 95
36 98
36 102
36 108
36 111
36 112
36 113
36 114
36 117
36 120
36 121
36 122
36 123
36 125
36 126
36 127
36 128
36 131
36 132
36 138
36 141
36 144
36 147
36 149
36 153
36 155
36 156
36 157
36 160
36 161
36 162
36 163
36 164
36 165
36 168
36 170
36 171
36 172
36 173
36 174
36 178
37 39
37 40
37 43
37 44
37 45
37 46
37 47
37 48
37 49
37 50
37 51
37 54
37 55
37 58
37 59
37 60
37 62
37 64
37 66
37 67
37 68
37 69
37 70
37 72
37 73
37 74
37 78
37 79
37 81
37 82
37 84
37 86
37 90
37 91
37 93
37 94
37 96
37 102
37 103
37 106
37 107
37 109
37 113
37 114
37 116
37 118
37 119
37 120
37 122
37 123
37 125
37 126
37 131
37 133
37 134
37 139
37 140
37 141
37 146
37 147
37 150
37 151
37 152
37 153
37 154
37 157
37 159
37 161
37 162
37 169
37 171
37 173
37 174
37 175
37 178
37 179
38 40
38 42
38 43
38 46
38 47
38 48
38 51
38 52
38 55
38 59
38 62
38 63
38 64
38 67
38 68
38 70
38 73
38 74
38 75
38 76
38 78
38 79
38 80
38 81
38 83
38 84
38 86
38 87
38 88
38 91
38 92
38 95
38 96
38 98
38 99
38 102
38 103
38 104
38 107
38 109
38 110
38 111
38 113
38 118
38 120
38 121
38 122
38 123
38 125
38 127
38 128
38 130
38 131
38 137
38 139
38 141
38 143
38 144
38 145
38 146
38 147
38 148
38 150
38 151
38 152
38 158
38 160
38 162
38 163
38 164
38 165
38 166
38 167
38 168
38 172
38 175
38 176
38 178
39 40
39 43
39 44
39 45
39 46
39 47
39 48
39 52
39 54
39 55
39 56
39 57
39 58
39 59
39 63
39 64
39 65
39 67
39 69
39 70
39 71
39 72
39 73
39 75
39 76
39 79
39 84
39 85
39 86
39 91
39 92
39 93
39 95
39 101
39 103
39 105
39 108
39 109
39 110
39 111
39 112
39 113
39 114
39 115
39 117
39 120
39 123
39 128
39 131
39 132
39 133
39 135
39 136
39 137
39 138
39 141
39 143
39 145
39 147
39 148
39 150
39 152
39 153
39 155
39 156
39 159
39 162
39 169
39 172
39 174
39 178
39 179
40 43
40 44
40 50
40 51
40 55
40 57
40 59
40 60
40 61
40 63
40 65
40 68
40 69
40 71
40 72
40 74
40 77
40 78
40 79
40 80
40 84
40 85
40 88
40 89
40 90
40 91
40 93
40 94
40 95
40 96
40 97
40 98
40 99
40 100
40 102
40 103
40 104
40 106
40 107
40 108
40 111
40 112
40 113
40 114
40 117
40 118
40 119
40 120
40 121
40 122
40 123
40 124
40 125
40 127
40 128
40 129
40 130
40 131
40 132
40 134
40 137
40 138
40 139
40 141
40 142
40 143
40 144
40 145
40 148
40 149
40 152
40 157
40 158
40 159
40 160
40 167
40 168
40 169
40 173
40 175
40 179
41 42
41 43
41 44
41 46
41 47
41 48
41 49
41 50
41 51
41 52
41 56
41 57
41 59
41 60
41 62
41 63
41 67
41 69
41 70
41 72
41 74
41 76
41 78
41 79
41 82
41 83
41 85
41 87
41 88
41 92
41 93
41 94
41 97
41 100
41 104
41 105
41 107
41 108
41 110
41 111
41 114
41 116
41 117
41 121
41 124
41 127
41 128
41 131
41 132
41 136
41 137
41 138
41 141
41 142
41 145
41 146
41 150
41 153
41 154
41 156
41 159
41 161
41 162
41 163
41 165
41 167
41 168
41 169
41 170
41 171
41 172
41 174
41 177
41 178
42 44
42 47
42 49
42 51
42 53
42 54
42 55
42 58
42 59
42 60
42 61
42 64
42 66
42 67
42 68
42 69
42 73
42 74
42 76
42 77
42 79
42 80
42 83
42 84
42 85
42 86
42 87
42 88
42 99
42 101
42 105
42 106
42 107
42 108
42 110
42 111
42 114
42 116
42 117
42 119
42 121
42 123
42 124
42 125
42 127
42 128
42 129
42 131
42 134
42 137
42 138
42 139
42 140
42 141
42 143
42 144
42 145
42 146
42 148
42 149
42 152
42 161
42 162
42 163
42 165
42 168
42 170
42 173
42 174
42 175
42 176
42 178
43 46
43 47
43 48
43 49
43 51
43 52
43 54
43 56
43 57
43 58
43 59
43 60
43 61
43 62
43 63
43 64
43 65
43 66
43 67
43 68
43 69
43 70
43 73
43 75
43 76
43 77
43 78
43 79
43 81
43 83
43 84
43 85
43 86
43 87
43 89
43 91
43 94
43 95
43 96
43 97
43 99
43 103
43 104
43 108
43 111
43 112
43 113
43 116
43 118
43 120
43 122
43 123
43 124
43 128
43 129
43 132
43 134
43 137
43 140
43 141
43 142
43 143
43 146
43 147
43 152
43 155
43 158
43 159
43 163
43 165
43 167
43 169
43 170
43 171
43 176
43 179
44 45
44 47
44 48
44 50
44 53
44 54
44 56
44 57
44 58
44 61
44 63
44 64
44 66
44 68
44 69
44 70
44 71
44 72
44 76
44 77
44 78
44 81
44 83
44 85
44 89
44 93
44 94
44 97
44 98
44 99
44 100
44 101
44 102
44 103
44 104
44 105
44 107
44 108
44 109
44 110
44 113
44 115
44 117
44 118
44 119
44 120
44 122
44 123
44 124
44 125
44 129
44 132
44 134
44 137
44 142
44 146
44 147
44 153
44 155
44 156
44 157
44 161
44 164
44 165
44 166
44 167
44 169
44 173
44 179
45 46
45 47
45 48
45 49
45 53
45 55
45 56
45 58
45 59
45 60
45 63
45 65
45 66
45 70
45 71
45 72
45 74
45 75
45 78
45 79
45 80
45 83
45 84
45 85
45 86
45 87
45 88
45 89
45 92
45 94
45 95
45 96
45 99
45 100
45 102
45 104
45 105
45 106
45 109
45 113
45 114
45 117
45 118
45 119
45 120
45 121
45 122
45 123
45 124
45 133
45 137
45 138
45 139
45 140
45 141
45 143
45 145
45 146
45 147
45 148
45 149
45 152
45 153
45 157
45 159
45 160
45 162
45 163
45 168
45 169
45 170
45 171
45 172
45 174
45 176
45 177
45 179
46 48
46 49
46 50
46 52
46 53
46 54
46 55
46 56
46 57
46 58
46 59
46 60
46 61
46 64
46 68
46 69
46 70
46 71
46 75
46 77
46 79
46 80
46 82
46 87
46 89
46 91
46 92
46 93
46 96
46 100
46 104
46 105
46 106
46 107
46 110
46 112
46 113
46 116
46 118
46 120
46 121
46 122
46 126
46 129
46 130
46 132
46 134
46 137
46 138
46 140
46 144
46 146
46 148
46 149
46 150
46 152
46 156
46 159
46 161
46 163
46 166
46 167
46 168
46 170
46 171
46 173
46 174
46 176
46 177
46 179
47 53
47 54
47 55
47 56
47 57
47 59
47 60
47 61
47 62
47 64
47 65
47 66
47 72
47 75
47 76
47 78
47 79
47 80
47 81
47 83
47 85
47 89
47 90
47 92
47 93
47 94
47 96
47 97
47 100
47 103
47 107
47 109
47 112
47 113
47 115
47 118
47 119
47 121
47 124
47 125
47 127
47 128
47 130
47 135
47 139
47 140
47 141
47 142
47 144
47 148
47 149
47 152
47 153
47 154
47 156
47 157
47 158
47 162
47 165
47 167
47 168
47 171
47 175
47 176
48 49
48 50
48 53
48 55
48 57
48 60
48 61
48 65
48 67
48 68
48 70
48 71
48 72
48 73
48 78
48 79
48 80
48 82
48 84
48 85
48 86
48 87
48 88
48 89
48 90
48 92
48 95
48 97
48 100
48 101
48 104
48 105
48 107
48 108
48 109
48 110
48 113
48 115
48 116
48 120
48 126
48 128
48 129
48 130
48 132
48 133
48 134
48 135
48 137
48 141
48 143
48 145
48 148
48 149
48 157
48 163
48 164
48 166
48 168
48 169
48 170
48 171
48 175
48 178
48 179
49 50
49 51
49 52
49 54
49 56
49 58
49 59
49 61
49 62
49 66
49 67
49 68
49 70
49 72
49 73
49 75
49 78
49 79
49 81
49 82
49 87
49 88
49 90
49 91
49 95
49 97
49 100
49 101
49 104
49 105
49 106
49 107
49 108
49 109
49 114
49 115
49 117
49 119
49 120
49 123
49 126
49 127
49 128
49 129
49 130
49 131
49 133
49 136
49 138
49 142
49 143
49 144
49 146
49 148
49 149
49 151
49 152
49 153
49 156
49 157
49 160
49 161
49 163
49 164
49 165
49 170
49 172
49 174
49 176
49 179
50 51
50 52
50 56
50 57
50 58
50 59
50 61
50 62
50 64
50 65
50 67
50 68
50 69
50 70
50 71
50 76
50 78
50 79
50 80
50 85
50 86
50 87
50 90
50 91
50 92
50 93
50 94
50 100
50 101
50 103
50 104
50 105
50 108
50 114
50 115
50 116
50 117
50 118
50 119
50 120
50 121
50 122
50 124
50 125
50 126
50 127
50 128
50 132
50 133
50 137
50 138
50 139
50 140
50 142
50 143
50 144
50 145
50 148
50 150
50 153
50 155
50 156
50 158
50 162
50 164
50 167
50 169
50 170
50 171
50 172
50 173
50 174
50 176
50 179
51 59
51 60
51 62
51 63
51 68
51 69
51 73
51 76
51 78
51 80
51 82
51 86
51 87
51 91
51 92
51 93
51 94
51 97
51 99
51 101
51 102
51 110
51 111
51 113
51 114
51 115
51 116
51 117
51 118
51 119
51 122
51 124
51 125
51 126
51 128
51 129
51 130
51 131
51 137
51 138
51 139
51 140
51 142
51 143
51 145
51 147
51 150
51 151
51 153
51 155
51 157
51 158
51 160
51 162
51 163
51 170
51 171
51 174
51 175
51 177
52 54
52 56
52 59
52 60
52 64
52 65
52 66
52 68
52 72
52 73
52 74
52 76
52 77
52 78
52 79
52 80
52 82
52 87
52 89
52 94
52 96
52 99
52 100
52 102
52 108
52 110
52 111
52 112
52 114
52 115
52 117
52 118
52 119
52 120
52 122
52 123
52 124
52 125
52 126
52 128
52 131
52 134
52 135
52 136
52 139
52 142
52 147
52 148
52 149
52 154
52 156
52 158
52 159
52 160
52 163
52 165
52 166
52 173
52 175
52 177
52 178
52 179
53 54
53 58
53 60
53 61
53 63
53 65
53 66
53 70
53 71
53 73
53 74
53 76
53 78
53 79
53 80
53 81
53 82
53 84
53 85
53 86
53 87
53 88
53 90
53 92
53 94
53 97
53 100
53 101
53 102
53 108
53 110
53 111
53 112
53 113
53 114
53 115
53 119
53 120
53 121
53 122
53 125
53 126
53 127
53 128
53 130
53 132
53 133
53 135
53 140
53 143
53 145
53 146
53 147
53 149
53 150
53 152
53 153
53 156
53 157
53 159
53 160
53 162
53 164
53 165
53 167
53 169
53 170
53 171
53 172
53 173
53 174
53 176
54 56
54 58
54 59
54 60
54 61
54 62
54 64
54 67
54 69
54 71
54 72
54 76
54 78
54 79
54 80
54 83
54 85
54 86
54 88
54 89
54 91
54 93
54 94
54 96
54 98
54 99
54 103
54 106
54 107
54 109
54 111
54 114
54 115
54 116
54 118
54 122
54 123
54 124
54 125
54 128
54 130
54 133
54 134
54 137
54 140
54 145
54 146
54 147
54 148
54 149
54 152
54 153
54 154
54 155
54 160
54 168
54 170
54 171
54 173
54 174
54 175
54 176
55 57
55 58
55 59
55 60
55 66
55 69
55 70
55 71
55 72
55 73
55 77
55 78
55 80
55 82
55 83
55 84
55 85
55 87
55 88
55 90
55 92
55 94
55 95
55 97
55 98
55 99
55 100
55 101
55 102
55 104
55 105
55 107
55 109
55 115
55 116
55 118
55 119
55 120
55 122
55 124
55 127
55 130
55 131
55 133
55 136
55 137
55 138
55 140
55 141
55 143
55 145
55 146
55 148
55 149
55 151
55 152
55 153
55 155
55 157
55 158
55 163
55 166
55 167
55 169
55 173
55 175
55 177
55 178
55 179
56 57
56 58
56 60
56 64
56 65
56 67
56 70
56 72
56 80
56 81
56 82
56 83
56 84
56 85
56 86
56 89
56 90
56 91
56 92
56 94
56 95
56 96
56 99
56 102
56 107
56 109
56 111
56 113
56 115
56 116
56 119
56 120
56 122
56 124
56 126
56 128
56 129
56 130
56 131
56 132
56 133
56 134
56 137
56 139
56 142
56 143
56 145
56 146
56 148
56 149
56 153
56 154
56 155
56 156
56 160
56 161
56 163
56 164
56 168
56 169
56 170
56 172
56 177
56 178
56 179
57 58
57 59
57 60
57 61
57 63
57 64
57 67
57 70
57 72
57 75
57 76
57 80
57 81
57 82
57 83
57 85
57 87
57 91
57 92
57 93
57 94
57 96
57 103
57 107
57 109
57 110
57 111
57 112
57 114
57 115
57 116
57 120
57 121
57 122
57 123
57 124
57 126
57 127
57 128
57 129
57 130
57 131
57 133
57 135
57 137
57 139
57 141
57 146
57 147
57 148
57 149
57 151
57 153
57 162
57 164
57 165
57 166
57 169
57 170
57 172
57 173
57 176
57 177
58 61
58 62
58 63
58 65
58 67
58 68
58 71
58 72
58 81
58 82
58 83
58 86
58 90
58 92
58 93
58 95
58 96
58 99
58 102
58 103
58 104
58 105
58 106
58 107
58 110
58 115
58 117
58 119
58 120
58 121
58 126
58 127
58 129
58 134
58 136
58 138
58 139
58 140
58 144
58 145
58 146
58 150
58 159
58 160
58 161
58 162
58 164
58 165
58 167
58 170
58 171
58 172
58 175
59 60
59 61
59 62
59 66
59 71
59 73
59 75
59 77
59 78
59 80
59 83
59 85
59 88
59 89
59 90
59 94
59 95
59 97
59 104
59 107
59 108
59 109
59 110
59 114
59 117
59 118
59 121
59 122
59 125
59 126
59 127
59 132
59 133
59 134
59 135
59 136
59 143
59 144
59 152
59 158
59 161
59 162
59 163
59 165
59 166
59 169
59 171
59 173
60 62
60 63
60 64
60 65
60 67
60 70
60 72
60 73
60 75
60 76
60 77
60 85
60 86
60 87
60 88
60 92
60 93
60 97
60 98
60 100
60 101
60 102
60 103
60 104
60 107
60 109
60 110
60 111
60 123
60 124
60 125
60 127
60 128
60 133
60 134
60 136
60 137
60 138
60 143
60 150
60 152
60 154
60 155
60 157
60 158
60 159
60 164
60 166
60 167
60 169
60 170
60 172
60 175
60 176
60 177
61 62
61 63
61 64
61 66
61 67
61 70
61 71
61 72
61 74
61 76
61 78
61 79
61 81
61 82
61 83
61 84
61 87
61 89
61 92
61 94
61 95
61 97
61 99
61 100
61 101
61 103
61 104
61 105
61 110
61 111
61 113
61 114
61 115
61 116
61 117
61 119
61 120
61 121
61 122
61 123
61 125
61 127
61 128
61 131
61 132
61 135
61 138
61 139
61 140
61 141
61 145
61 146
61 148
61 149
61 154
61 158
61 159
61 165
61 167
61 169
61 171
61 172
61 173
61 175
61 176
61 178
62 63
62 64
62 66
62 67
62 69
62 70
62 71
62 72
62 74
62 75
62 76
62 77
62 78
62 79
62 81
62 83
62 84
62 94
62 95
62 96
62 97
62 100
62 101
62 102
62 108
62 109
62 110
62 116
62 117
62 118
62 119
62 120
62 121
62 122
62 125
62 126
62 128
62 131
62 133
62 136
62 137
62 138
62 139
62 141
62 142
62 143
62 150
62 151
62 152
62 153
62 154
62 156
62 157
62 159
62 161
62 162
62 165
62 166
62 167
62 169
62 172
62 174
62 176
62 177
62 179
63 65
63 67
63 69
63 70
63 72
63 76
63 80
63 83
63 84
63 85
63 86
63 89
63 91
63 93
63 96
63 97
63 98
63 99
63 100
63 102
63 104
63 105
63 106
63 107
63 108
63 111
63 112
63 114
63 115
63 118
63 119
63 121
63 123
63 125
63 130
63 131
63 133
63 138
63 140
63 144
63 146
63 147
63 148
63 149
63 150
63 152
63 153
63 154
63 155
63 156
63 157
63 158
63 159
63 160
63 161
63 163
63 165
63 166
63 167
63 169
63 174
64 67
64 68
64 71
64 73
64 74
64 75
64 78
64 79
64 81
64 84
64 85
64 86
64 88
64 90
64 91
64 94
64 100
64 101
64 102
64 104
64 109
64 112
64 113
64 114
64 115
64 116
64 117
64 118
64 122
64 123
64 126
64 130
64 132
64 134
64 135
64 136
64 137
64 145
64 147
64 150
64 156
64 157
64 159
64 160
64 163
64 164
64 166
64 176
64 177
64 179
65 66
65 67
65 68
65 69
65 72
65 73
65 74
65 75
65 81
65 84
65 85
65 86
65 89
65 90
65 91
65 92
65 93
65 94
65 95
65 97
65 98
65 100
65 102
65 103
65 104
65 106
65 108
65 109
65 112
65 114
65 115
65 116
65 118
65 120
65 121
65 122
65 123
65 124
65 128
65 129
65 130
65 133
65 134
65 135
65 140
65 141
65 142
65 143
65 144
65 146
65 147
65 149
65 150
65 152
65 156
65 157
65 159
65 163
65 165
65 171
65 173
65 175
65 179
66 67
66 71
66 73
66 75
66 79
66 80
66 81
66 87
66 88
66 89
66 93
66 94
66 95
66 98
66 99
66 107
66 109
66 110
66 113
66 115
66 117
66 120
66 121
66 123
66 125
66 126
66 127
66 130
66 131
66 132
66 135
66 136
66 140
66 141
66 144
66 150
66 151
66 153
66 154
66 155
66 156
66 157
66 158
66 159
66 161
66 164
66 166
66 168
66 169
66 170
66 171
66 177
66 178
66 179
67 69
67 70
67 71
67 72
67 73
67 75
67 76
67 77
67 78
67 81
67 83
67 85
67 86
67 87
67 88
67 89
67 91
67 93
67 98
67 100
67 101
67 102
67 103
67 106
67 108
67 109
67 110
67 113
67 116
67 117
67 118
67 119
67 121
67 123
67 128
67 132
67 134
67 137
67 139
67 140
67 142
67 146
67 147
67 152
67 154
67 160
67 161
67 162
67 168
67 169
67 173
67 176
68 69
68 70
68 72
68 73
68 74
68 75
68 76
68 77
68 78
68 79
68 80
68 82
68 84
68 86
68 89
68 95
68 96
68 97
68 98
68 102
68 104
68 105
68 110
68 112
68 115
68 118
68 119
68 120
68 121
68 123
68 124
68 125
68 126
68 131
68 133
68 134
68 135
68 136
68 137
68 141
68 144
68 150
68 151
68 153
68 154
68 155
68 156
68 158
68 161
68 162
68 163
68 164
68 167
68 168
68 170
68 172
68 173
68 177
69 74
69 75
69 76
69 77
69 78
69 79
69 81
69 84
69 85
69 86
69 87
69 91
69 94
69 95
69 96
69 98
69 99
69 100
69 104
69 105
69 106
69 109
69 110
69 112
69 114
69 116
69 117
69 118
69 120
69 123
69 126
69 127
69 133
69 134
69 135
69 137
69 142
69 145
69 149
69 152
69 156
69 158
69 161
69 166
69 167
69 169
69 171
69 173
69 174
69 175
69 179
70 71
70 73
70 74
70 75
70 76
70 79
70 80
70 81
70 82
70 83
70 85
70 88
70 90
70 91
70 93
70 96
70 97
70 98
70 99
70 100
70 102
70 105
70 107
70 108
70 110
70 112
70 117
70 124
70 128
70 129
70 130
70 131
70 132
70 134
70 135
70 140
70 141
70 142
70 144
70 147
70 149
70 150
70 158
70 159
70 161
70 163
70 164
70 166
70 167
70 168
70 169
70 172
70 177
70 179
71 73
71 74
71 75
71 77
71 78
71 79
71 81
71 82
71 83
71 84
71 85
71 86
71 87
71 88
71 90
71 94
71 96
71 97
71 98
71 99
71 100
71 102
71 103
71 104
71 105
71 107
71 111
71 113
71 116
71 117
71 121
71 122
71 123
71 126
71 130
71 131
71 132
71 133
71 135
71 139
71 141
71 145
71 146
71 147
71 148
71 151
71 154
71 155
71 156
71 158
71 159
71 162
71 164
71 167
71 168
71 173
71 176
71 177
71 179
72 74
72 75
72 76
72 82
72 83
72 85
72 89
72 90
72 96
72 98
72 99
72 100
72 101
72 104
72 105
72 107
72 109
72 115
72 116
72 120
72 124
72 127
72 128
72 130
72 134
72 135
72 136
72 138
72 139
72 141
72 143
72 148
72 149
72 152
72 153
72 155
72 157
72 160
72 161
72 162
72 164
72 166
72 172
72 176
73 75
73 76
73 78
73 80
73 81
73 83
73 86
73 87
73 89
73 90
73 91
73 92
73 93
73 98
73 100
73 102
73 104
73 109
73 110
73 113
73 114
73 115
73 124
73 125
73 127
73 128
73 132
73 137
73 138
73 139
73 140
73 144
73 145
73 146
73 148
73 150
73 151
73 156
73 159
73 163
73 164
73 171
73 173
73 174
73 175
73 177
74 75
74 76
74 77
74 78
74 79
74 82
74 84
74 85
74 87
74 88
74 91
74 92
74 93
74 94
74 96
74 97
74 98
74 99
74 100
74 104
74 105
74 111
74 112
74 120
74 121
74 122
74 124
74 125
74 129
74 132
74 135
74 137
74 138
74 142
74 143
74 145
74 146
74 147
74 149
74 150
74 151
74 152
74 153
74 154
74 156
74 157
74 158
74 165
74 167
74 168
74 170
74 171
74 177
74 178
74 179
75 77
75 86
75 87
75 88
75 90
75 91
75 96
75 97
75 98
75 99
75 102
75 103
75 105
75 106
75 107
75 110
75 112
75 113
75 114
75 115
75 118
75 119
75 125
75 126
75 127
75 128
75 129
75 136
75 139
75 140
75 145
75 147
75 148
75 150
75 151
75 156
75 159
75 161
75 162
75 163
75 165
75 166
75 167
75 169
75 170
75 173
75 174
75 175
75 177
75 178
76 78
76 80
76 82
76 83
76 88
76 89
76 90
76 92
76 93
76 94
76 95
76 96
76 97
76 98
76 101
76 102
76 105
76 106
76 107
76 108
76 111
76 118
76 120
76 123
76 125
76 127
76 128
76 130
76 132
76 137
76 141
76 142
76 143
76 144
76 146
76 149
76 151
76 152
76 153
76 155
76 163
76 165
76 168
76 172
76 176
76 178
76 179
77 79
77 80
77 82
77 83
77 84
77 85
77 86
77 89
77 90
77 91
77 94
77 95
77 97
77 98
77 99
77 100
77 101
77 102
77 103
77 106
77 107
77 111
77 117
77 118
77 119
77 120
77 122
77 123
77 124
77 125
77 130
77 133
77 134
77 135
77 136
77 137
77 138
77 141
77 142
77 143
77 144
77 145
77 146
77 151
77 153
77 154
77 156
77 159
77 160
77 161
77 164
77 165
77 166
77 168
77 169
77 170
77 172
77 176
77 177
77 178
77 179
78 81
78 83
78 85
78 86
78 87
78 94
78 95
78 96
78 98
78 99
78 100
78 104
78 105
78 107
78 110
78 112
78 115
78 116
78 117
78 120
78 121
78 124
78 127
78 131
78 135
78 137
78 138
78 139
78 143
78 144
78 145
78 146
78 150
78 152
78 153
78 157
78 158
78 159
78 160
78 161
78 163
78 165
78 168
78 170
78 175
78 178
78 179
79 82
79 83
79 85
79 89
79 90
79 93
79 95
79 98
79 103
79 104
79 106
79 107
79 108
79 109
79 113
79 114
79 115
79 119
79 121
79 122
79 126
79 127
79 131
79 132
79 136
79 138
79 139
79 140
79 142
79 143
79 144
79 145
79 146
79 149
79 150
79 158
79 160
79 165
79 168
79 171
79 173
79 174
79 176
80 84
80 86
80 90
80 91
80 92
80 96
80 97
80 98
80 101
80 103
80 104
80 105
80 112
80 114
80 115
80 116
80 119
80 120
80 123
80 125
80 127
80 128
80 129
80 131
80 136
80 137
80 138
80 139
80 140
80 146
80 148
80 150
80 152
80 155
80 156
80 157
80 158
80 159
80 160
80 164
80 165
80 170
80 172
80 173
80 174
80 175
80 177
81 82
81 83
81 84
81 85
81 86
81 87
81 90
81 93
81 96
81 97
81 100
81 101
81 107
81 110
81 112
81 117
81 120
81 124
81 128
81 131
81 132
81 136
81 137
81 138
81 141
81 143
81 144
81 146
81 147
81 150
81 153
81 154
81 155
81 157
81 160
81 165
81 168
81 169
81 171
81 173
81 176
81 177
81 178
81 179
82 83
82 84
82 85
82 88
82 89
82 90
82 91
82 92
82 95
82 96
82 97
82 99
82 101
82 102
82 103
82 104
82 106
82 108
82 111
82 112
82 113
82 114
82 116
82 118
82 124
82 125
82 126
82 127
82 129
82 131
82 136
82 140
82 141
82 146
82 151
82 153
82 154
82 156
82 157
82 158
82 160
82 163
82 165
82 166
82 167
82 169
82 171
82 173
82 176
82 177
82 178
82 179
83 85
83 86
83 87
83 88
83 89
83 91
83 93
83 94
83 95
83 99
83 100
83 102
83 104
83 106
83 111
83 112
83 113
83 115
83 119
83 121
83 122
83 124
83 125
83 126
83 127
83 130
83 133
83 134
83 135
83 137
83 141
83 143
83 146
83 149
83 151
83 152
83 157
83 158
83 163
83 164
83 167
83 170
83 171
83 172
83 175
84 85
84 86
84 87
84 90
84 91
84 92
84 94
84 97
84 101
84 102
84 103
84 105
84 107
84 108
84 109
84 112
84 115
84 117
84 124
84 128
84 129
84 132
84 134
84 137
84 138
84 139
84 140
84 142
84 143
84 145
84 146
84 148
84 154
84 155
84 156
84 157
84 158
84 165
84 167
84 172
84 174
84 179
85 86
85 87
85 91
85 92
85 95
85 97
85 100
85 101
85 103
85 108
85 110
85 113
85 115
85 119
85 122
85 123
85 124
85 126
85 127
85 130
85 132
85 133
85 140
85 141
85 142
85 143
85 145
85 147
85 148
85 154
85 155
85 161
85 166
85 168
85 171
85 172
85 174
85 175
85 177
85 178
86 88
86 94
86 95
86 97
86 99
86 100
86 102
86 104
86 109
86 111
86 112
86 114
86 123
86 125
86 126
86 127
86 130
86 133
86 134
86 135
86 136
86 137
86 138
86 144
86 146
86 148
86 149
86 150
86 152
86 153
86 154
86 155
86 157
86 158
86 164
86 167
86 169
86 172
86 177
86 179
87 89
87 90
87 92
87 94
87 96
87 97
87 98
87 99
87 100
87 106
87 107
87 111
87 112
87 113
87 114
87 115
87 117
87 118
87 121
87 124
87 125
87 126
87 127
87 128
87 129
87 130
87 133
87 134
87 135
87 136
87 138
87 139
87 140
87 145
87 147
87 149
87 150
87 153
87 156
87 161
87 162
87 164
87 166
87 167
87 170
87 171
87 175
87 176
87 178
87 179
88 90
88 91
88 92
88 94
88 96
88 97
88 98
88 101
88 107
88 108
88 109
88 111
88 112
88 114
88 117
88 118
88 119
88 121
88 122
88 124
88 125
88 127
88 139
88 140
88 142
88 146
88 147
88 148
88 149
88 150
88 151
88 156
88 157
88 159
88 162
88 164
88 166
88 167
88 168
88 171
88 173
88 174
88 175
88 176
89 90
89 92
89 95
89 96
89 99
89 101
89 102
89 103
89 104
89 105
89 108
89 109
89 110
89 116
89 118
89 121
89 129
89 131
89 132
89 134
89 135
89 136
89 137
89 141
89 143
89 144
89 145
89 146
89 147
89 148
89 153
89 156
89 157
89 158
89 159
89 161
89 162
89 164
89 169
89 170
89 179
90 91
90 92
90 93
90 95
90 96
90 97
90 98
90 99
90 101
90 105
90 106
90 107
90 108
90 111
90 115
90 117
90 119
90 122
90 123
90 124
90 127
90 130
90 132
90 134
90 135
90 137
90 141
90 143
90 144
90 146
90 149
90 150
90 155
90 157
90 158
90 159
90 161
90 165
90 167
90 169
90 170
90 172
90 173
90 174
90 178
91 92
91 95
91 99
91 105
91 109
91 110
91 113
91 114
91 115
91 116
91 121
91 124
91 125
91 127
91 129
91 131
91 132
91 134
91 136
91 137
91 141
91 145
91 147
91 148
91 151
91 155
91 156
91 157
91 160
91 163
91 164
91 165
91 168
91 169
91 170
91 173
91 177
91 179
92 94
92 96
92 103
92 107
92 108
92 111
92 113
92 121
92 122
92 125
92 126
92 130
92 131
92 132
92 133
92 136
92 141
92 144
92 146
92 147
92 148
92 150
92 159
92 163
92 164
92 165
92 166
92 167
92 168
92 169
92 172
92 175
92 176
92 178
93 94
93 96
93 99
93 101
93 102
93 105
93 106
93 109
93 110
93 113
93 115
93 116
93 117
93 120
93 122
93 125
93 130
93 134
93 135
93 137
93 138
93 139
93 141
93 142
93 143
93 144
93 145
93 146
93 151
93 153
93 157
93 160
93 166
93 168
93 170
93 172
93 175
93 176
93 177
93 178
93 179
94 96
94 97
94 98
94 100
94 102
94 104
94 105
94 111
94 113
94 117
94 119
94 121
94 124
94 127
94 130
94 133
94 137
94 141
94 144
94 146
94 148
94 149
94 157
94 159
94 166
94 177
94 178
94 179
95 96
95 97
95 98
95 99
95 100
95 101
95 102
95 104
95 105
95 109
95 110
95 111
95 112
95 114
95 117
95 119
95 123
95 126
95 128
95 129
95 131
95 134
95 135
95 136
95 139
95 147
95 148
95 151
95 153
95 156
95 157
95 158
95 159
95 161
95 162
95 164
95 166
95 167
95 168
95 169
95 170
95 172
95 173
95 175
95 177
95 179
96 97
96 104
96 105
96 106
96 108
96 111
96 112
96 113
96 115
96 117
96 118
96 119
96 120
96 121
96 122
96 123
96 124
96 126
96 127
96 129
96 130
96 131
96 132
96 133
96 136
96 138
96 139
96 147
96 148
96 150
96 151
96 154
96 155
96 157
96 158
96 164
96 166
96 169
96 170
96 175
96 176
97 99
97 102
97 103
97 106
97 108
97 109
97 110
97 113
97 114
97 117
97 118
97 120
97 121
97 122
97 123
97 124
97 125
97 128
97 129
97 131
97 133
97 137
97 138
97 140
97 142
97 144
97 147
97 148
97 152
97 153
97 154
97 156
97 158
97 159
97 162
97 169
97 170
97 172
97 173
97 176
97 178
97 179
98 99
98 100
98 101
98 104
98 106
98 108
98 112
98 113
98 116
98 117
98 118
98 122
98 127
98 129
98 130
98 131
98 132
98 133
98 134
98 135
98 141
98 142
98 143
98 144
98 152
98 154
98 160
98 162
98 165
98 166
98 167
98 171
98 172
98 173
98 175
98 177
98 178
99 100
99 101
99 102
99 108
99 111
99 112
99 118
99 121
99 123
99 124
99 129
99 131
99 134
99 143
99 146
99 149
99 151
99 152
99 156
99 157
99 159
99 160
99 164
99 167
99 169
99 171
99 173
99 176
99 177
100 103
100 106
100 107
100 108
100 109
100 114
100 120
100 122
100 124
100 126
100 134
100 135
100 136
100 137
100 138
100 139
100 142
100 143
100 144
100 148
100 149
100 152
100 153
100 154
100 159
100 162
100 163
100 167
100 172
100 173
100 174
100 175
100 178
101 103
101 104
101 106
101 108
101 111
101 112
101 113
101 117
101 121
101 123
101 124
101 128
101 129
101 130
101 131
101 134
101 136
101 140
101 144
101 145
101 146
101 147
101 148
101 151
101 152
101 154
101 156
101 160
101 161
101 163
101 164
101 167
101 171
101 172
101 174
101 177
102 105
102 106
102 107
102 109
102 110
102 116
102 117
102 118
102 121
102 126
102 135
102 138
102 139
102 141
102 142
102 144
102 146
102 149
102 152
102 155
102 156
102 161
102 164
102 166
102 168
102 171
102 174
102 178
103 104
103 106
103 108
103 109
103 110
103 111
103 112
103 116
103 118
103 120
103 124
103 128
103 130
103 133
103 134
103 136
103 139
103 140
103 144
103 145
103 147
103 150
103 151
103 152
103 153
103 155
103 157
103 158
103 160
103 163
103 166
103 167
103 168
103 169
103 171
103 174
103 179
104 108
104 111
104 113
104 114
104 116
104 120
104 126
104 127
104 129
104 131
104 133
104 137
104 138
104 142
104 144
104 146
104 147
104 153
104 154
104 158
104 160
104 162
104 176
104 178
104 179
105 106
105 107
105 111
105 113
105 115
105 116
105 119
105 120
105 121
105 127
105 128
105 129
105 130
105 131
105 132
105 135
105 136
105 140
105 142
105 144
105 149
105 150
105 151
105 153
105 155
105 162
105 165
105 166
105 168
105 169
105 170
105 171
105 174
105 175
105 177
106 108
106 109
106 110
106 111
106 114
106 115
106 116
106 119
106 121
106 123
106 124
106 125
106 126
106 127
106 128
106 129
106 130
106 131
106 133
106 139
106 143
106 147
106 148
106 151
106 152
106 154
106 155
106 157
106 159
106 161
106 163
106 164
106 165
106 167
106 168
106 169
106 170
106 175
107 108
107 110
107 113
107 114
107 117
107 120
107 123
107 124
107 127
107 128
107 129
107 130
107 131
107 132
107 133
107 136
107 138
107 139
107 140
107 141
107 142
107 144
107 145
107 146
107 148
107 150
107 151
107 152
107 153
107 154
107 155
107 156
107 159
107 163
107 164
107 167
107 168
107 170
107 173
107 177
108 110
108 111
108 114
108 116
108 117
108 119
108 122
108 124
108 126
108 127
108 129
108 130
108 131
108 132
108 134
108 137
108 138
108 139
108 140
108 145
108 150
108 151
108 152
108 153
108 161
108 162
108 164
108 165
108 166
108 171
108 172
108 177
108 178
109 110
109 112
109 114
109 118
109 120
109 121
109 124
109 125
109 126
109 129
109 132
109 133
109 134
109 137
109 138
109 141
109 143
109 147
109 148
109 150
109 152
109 154
109 155
109 156
109 157
109 160
109 161
109 166
109 167
109 170
109 173
109 174
109 175
109 176
109 178
109 179
110 112
110 115
110 116
110 117
110 118
110 120
110 122
110 123
110 124
110 129
110 132
110 133
110 134
110 139
110 141
110 143
110 146
110 147
110 150
110 153
110 157
110 158
110 159
110 165
110 170
110 172
110 175
111 112
111 113
111 114
111 116
111 118
111 120
111 122
111 123
111 128
111 132
111 134
111 135
111 139
111 140
111 143
111 146
111 147
111 149
111 150
111 152
111 153
111 156
111 157
111 160
111 161
111 162
111 164
111 165
111 167
111 174
112 119
112 120
112 121
112 123
112 124
112 127
112 130
112 131
112 135
112 136
112 139
112 142
112 143
112 145
112 146
112 149
112 151
112 152
112 155
112 156
112 157
112 158
112 159
112 161
112 162
112 163
112 164
112 166
112 168
112 172
112 174
112 178
112 179
113 115
113 116
113 121
113 122
113 123
113 128
113 129
113 130
113 132
113 135
113 138
113 139
113 140
113 141
113 142
113 151
113 154
113 155
113 157
113 158
113 159
113 169
113 170
113 171
113 174
113 178
114 116
114 117
114 119
114 121
114 125
114 126
114 131
114 132
114 135
114 137
114 144
114 147
114 148
114 151
114 152
114 153
114 155
114 157
114 158
114 159
114 161
114 163
114 166
114 173
114 174
114 176
114 177
114 179
115 117
115 119
115 120
115 126
115 128
115 129
115 140
115 141
115 144
115 145
115 146
115 149
115 150
115 152
115 155
115 156
115 159
115 162
115 163
115 167
115 171
115 173
115 174
115 176
115 177
115 178
116 117
116 120
116 121
116 125
116 132
116 134
116 137
116 138
116 139
116 141
116 142
116 143
116 144
116 145
116 146
116 150
116 151
116 155
116 156
116 159
116 161
116 164
116 165
116 166
116 169
116 171
116 172
116 173
116 174
116 177
116 178
117 124
117 125
117 127
117 128
117 130
117 132
117 136
117 138
117 139
117 140
117 142
117 143
117 145
117 146
117 149
117 150
117 151
117 153
117 154
117 160
117 165
117 166
117 170
117 171
117 175
118 120
118 122
118 125
118 126
118 128
118 129
118 131
118 132
118 135
118 138
118 139
118 141
118 143
118 144
118 145
118 147
118 149
118 152
118 160
118 161
118 167
118 169
118 171
118 172
118 173
118 175
118 176
118 177
119 123
119 124
119 129
119 132
119 133
119 134
119 136
119 137
119 141
119 147
119 149
119 151
119 153
119 154
119 155
119 157
119 158
119 160
119 164
119 171
119 175
119 176
119 177
119 178
120 124
120 125
120 126
120 129
120 130
120 131
120 132
120 133
120 134
120 135
120 136
120 139
120 140
120 149
120 150
120 151
120 153
120 154
120 156
120 157
120 159
120 164
120 165
120 167
120 169
120 176
121 123
121 124
121 128
121 129
121 130
121 131
121 133
121 136
121 141
121 142
121 144
121 146
121 148
121 149
121 151
121 155
121 161
121 167
121 168
121 169
121 173
121 174
121 177
122 124
122 127
122 129
122 130
122 131
122 133
122 136
122 140
122 142
122 146
122 148
122 150
122 151
122 152
122 159
122 160
122 162
122 163
122 170
122 174
122 175
123 124
123 125
123 128
123 129
123 131
123 132
123 133
123 140
123 146
123 147
123 148
123 149
123 152
123 154
123 155
123 157
123 161
123 162
123 165
123 166
123 168
123 169
123 170
123 172
123 173
123 179
124 128
124 137
124 140
124 141
124 142
124 143
124 147
124 150
124 151
124 155
124 156
124 159
124 162
124 164
124 168
124 173
125 126
125 127
125 132
125 133
125 135
125 138
125 142
125 144
125 145
125 147
125 149
125 150
125 151
125 152
125 155
125 156
125 158
125 159
125 164
125 165
125 166
125 168
125 169
125 171
125 175
125 177
125 178
125 179
126 129
126 135
126 136
126 139
126 145
126 146
126 148
126 150
126 153
126 154
126 155
126 156
126 158
126 159
126 160
126 163
126 164
126 165
126 174
126 178
127 128
127 129
127 133
127 134
127 135
127 136
127 138
127 142
127 149
127 150
127 154
127 155
127 156
127 157
127 161
127 163
127 164
127 166
127 167
127 170
127 178
127 179
128 130
128 132
128 133
128 139
128 145
128 149
128 150
128 152
128 153
128 156
128 158
128 159
128 160
128 162
128 165
128 167
128 168
128 178
129 130
129 135
129 136
129 139
129 143
129 144
129 146
129 147
129 148
129 155
129 161
129 162
129 163
129 164
129 169
129 174
129 175
129 177
129 179
130 131
130 132
130 135
130 136
130 137
130 140
130 142
130 143
130 144
130 147
130 151
130 153
130 155
130 158
130 165
130 166
130 178
131 134
131 137
131 141
131 143
131 149
131 153
131 154
131 158
131 163
131 164
131 165
131 170
131 173
131 177
132 136
132 142
132 144
132 145
132 148
132 150
132 153
132 154
132 155
132 156
132 160
132 162
132 163
132 168
132 169
132 170
132 173
132 176
132 179
133 134
133 135
133 136
133 137
133 138
133 141
133 143
133 145
133 149
133 150
133 151
133 152
133 154
133 156
133 161
133 162
133 163
133 165
133 168
133 176
134 138
134 139
134 140
134 143
134 146
134 147
134 149
134 150
134 153
134 154
134 157
134 158
134 159
134 160
134 167
134 169
134 170
134 173
134 175
134 178
134 179
135 138
135 139
135 142
135 143
135 144
135 149
135 150
135 153
135 154
135 156
135 158
135 159
135 162
135 163
135 166
135 168
135 170
135 171
135 172
135 173
135 175
135 176
136 138
136 140
136 142
136 144
136 145
136 147
136 149
136 154
136 155
136 157
136 158
136 161
136 163
136 164
136 165
136 168
136 169
136 174
136 176
137 138
137 140
137 141
137 143
137 144
137 151
137 153
137 154
137 155
137 158
137 160
137 162
137 164
137 165
137 166
137 172
137 177
137 178
137 179
138 145
138 146
138 148
138 151
138 153
138 155
138 160
138 161
138 162
138 170
138 172
138 173
138 174
138 177
138 178
138 179
139 140
139 142
139 143
139 145
139 146
139 147
139 148
139 149
139 151
139 156
139 158
139 159
139 160
139 161
139 162
139 163
139 167
139 168
139 172
139 173
139 177
140 141
140 155
140 156
140 157
140 158
140 164
140 167
140 168
140 172
141 142
141 143
141 145
141 148
141 151
141 156
141 158
141 159
141 163
141 164
141 166
141 169
141 170
141 171
141 172
141 176
142 143
142 147
142 148
142 149
142 150
142 151
142 158
142 164
142 165
142 166
142 167
142 168
142 169
142 173
142 174
142 177
142 178
142 179
143 144
143 150
143 151
143 152
143 153
143 154
143 156
143 157
143 159
143 166
143 168
143 171
143 172
143 174
143 177
143 178
144 145
144 147
144 148
144 151
144 152
144 153
144 154
144 157
144 160
144 161
144 162
144 163
144 167
144 172
144 174
144 175
144 176
144 177
145 146
145 147
145 149
145 159
145 160
145 161
145 164
145 165
145 168
145 170
145 171
145 177
145 178
145 179
146 147
146 151
146 161
146 165
146 174
146 175
146 177
147 150
147 155
147 158
147 163
147 166
147 169
147 172
147 173
147 178
148 153
148 157
148 161
148 163
148 168
148 169
148 172
149 155
149 160
149 161
149 170
149 175
149 177
149 178
150 155
150 161
150 165
150 166
150 171
150 178
151 156
151 157
151 159
151 160
151 161
151 163
151 166
151 171
151 174
151 176
151 177
152 154
152 155
152 157
152 158
152 159
152 160
152 164
152 166
152 167
152 168
152 170
152 171
152 177
153 154
153 157
153 163
153 166
153 169
153 172
153 175
154 159
154 160
154 161
154 166
154 167
154 170
154 171
154 172
154 175
154 176
154 179
155 157
155 160
155 162
155 164
155 167
155 168
155 169
155 170
155 172
155 176
155 178
156 158
156 160
156 168
156 170
156 171
156 175
156 178
157 158
157 163
157 167
157 169
157 170
157 172
157 174
158 165
158 174
159 160
159 163
159 166
159 167
159 174
159 178
160 161
160 165
160 166
160 167
160 168
160 172
160 173
160 174
160 175
160 179
161 164
161 165
161 168
161 173
161 174
161 176
161 177
162 165
162 166
162 170
162 172
162 173
162 176
162 177
163 164
163 170
163 171
163 173
163 175
163 176
164 171
164 172
164 174
164 175
164 176
165 167
165 171
165 178
166 173
166 176
167 168
167 171
167 175
168 169
168 170
168 171
168 174
168 175
168 176
168 177
168 179
169 171
169 174
169 175
169 176
170 171
170 175
170 176
170 179
171 175
171 178
172 174
172 175
172 176
173 178
173 179
174 175
174 176
174 178
175 177
176 177
177 179
