188
0 1
0 2
0 6
0 132
0 178
1 7
1 8
1 10
1 16
1 32
2 3
2 20
2 40
3 4
3 5
3 39
3 52
3 74
3 87
4 9
4 26
4 28
4 59
4 67
4 97
4 129
4 148
5 64
5 98
5 107
5 110
6 11
6 14
6 56
7 17
7 104
7 124
7 145
7 165
8 15
8 17
8 24
8 110
9 25
9 30
9 76
9 103
9 110
9 131
10 12
10 13
10 22
10 38
10 120
10 130
10 167
11 50
11 142
11 182
12 18
12 21
12 23
12 44
12 72
12 84
12 95
12 124
12 152
13 19
13 185
14 49
14 79
15 27
15 41
15 114
15 127
15 173
16 29
16 31
16 34
16 37
16 42
16 64
16 83
17 34
17 53
17 61
17 63
17 75
17 174
18 57
18 88
18 99
18 133
19 35
19 63
19 80
19 117
19 152
20 22
20 51
20 85
20 93
20 114
20 122
20 181
21 45
21 56
21 71
21 73
21 98
21 142
21 159
21 184
22 37
22 111
22 122
22 135
23 48
23 72
23 85
23 92
24 37
24 45
24 67
24 76
24 99
24 127
24 141
25 70
25 150
25 187
26 36
26 71
26 72
26 117
26 149
26 171
27 30
27 55
28 46
28 74
28 93
28 138
29 33
29 43
29 53
29 57
29 74
29 101
29 116
31 34
31 54
31 99
32 50
32 52
32 177
33 47
33 112
33 148
33 173
34 175
35 58
35 81
35 86
35 94
35 112
36 126
36 133
36 134
36 174
36 176
37 60
37 71
37 141
37 143
38 39
38 111
38 158
39 90
39 163
40 69
40 119
40 157
40 176
41 65
41 91
41 100
41 143
42 80
42 144
42 154
42 176
42 183
43 104
43 114
43 130
43 167
43 182
44 54
44 62
44 153
45 65
45 157
46 143
46 177
47 68
47 84
47 89
47 96
47 147
47 151
47 174
48 54
48 150
48 155
48 175
49 82
49 138
49 173
50 78
50 172
50 173
51 70
51 124
51 134
51 141
52 65
52 103
52 180
53 96
53 182
53 187
54 74
54 182
55 59
55 66
55 112
56 113
57 88
57 159
58 115
59 81
59 84
59 97
59 118
59 130
59 148
60 105
60 119
61 72
61 79
61 111
61 146
62 79
62 118
62 120
64 92
64 105
64 115
64 124
64 175
65 108
65 150
65 151
65 162
66 77
66 91
66 134
66 158
66 174
66 179
67 121
67 141
67 182
68 94
68 116
68 117
69 76
69 96
69 124
69 132
69 145
69 177
70 73
70 87
71 78
71 90
71 133
72 77
73 83
73 113
73 170
73 186
74 83
74 87
74 169
75 99
75 112
75 130
75 142
75 153
76 89
76 103
77 102
77 140
78 87
78 108
79 84
79 172
80 131
80 149
80 160
81 120
81 130
81 132
81 146
81 156
82 118
82 122
82 139
82 153
84 108
84 141
85 109
85 144
86 123
86 156
86 172
87 175
89 97
89 101
89 160
89 166
90 128
90 184
91 92
91 98
91 116
92 163
93 100
93 181
94 106
94 121
94 139
95 134
95 137
95 143
95 147
95 149
95 151
95 172
96 98
96 108
96 123
97 131
97 138
97 154
98 113
98 120
98 160
99 127
100 139
101 112
101 116
101 159
101 180
102 107
102 156
102 169
103 129
104 127
105 117
105 160
106 122
106 167
106 171
107 145
107 158
107 186
108 140
109 115
109 118
110 164
110 171
113 139
113 160
114 128
114 136
114 138
114 157
115 179
116 151
116 163
117 166
120 125
120 148
121 161
122 125
124 163
124 165
124 184
125 135
125 152
126 165
126 178
127 170
128 179
129 184
131 136
132 153
132 158
133 135
135 140
136 171
136 187
137 140
137 181
138 142
139 159
139 173
140 161
142 167
142 172
144 180
145 148
146 157
149 152
149 183
151 156
154 164
155 156
157 170
158 168
159 169
159 183
159 186
161 167
161 186
162 164
168 169
169 185
171 176
181 184
181 185
