188
0 1
0 13
0 49
0 70
0 76
0 81
0 123
0 182
1 2
1 3
1 10
1 108
2 4
2 8
2 103
2 106
2 121
3 5
3 6
3 9
3 31
3 70
3 148
3 183
4 6
4 34
4 35
4 65
4 122
4 126
4 146
5 7
5 12
5 20
5 49
5 65
5 73
5 97
5 138
5 175
5 179
6 11
6 96
6 124
7 19
7 47
7 93
7 105
7 124
8 15
8 30
8 91
8 108
9 21
9 28
9 43
9 56
9 60
9 128
9 152
9 154
10 14
10 29
10 39
10 50
10 134
11 16
11 24
11 52
11 53
11 61
11 74
11 130
11 151
12 14
12 18
12 37
12 45
12 77
13 17
13 55
13 72
13 104
14 18
14 55
14 80
14 85
14 122
14 172
15 22
15 25
15 33
15 52
15 58
15 61
15 69
15 128
16 34
16 36
16 66
16 72
16 177
17 32
17 37
17 78
17 90
17 99
17 120
17 122
17 133
17 183
18 27
18 176
18 181
19 101
19 106
19 142
19 143
19 155
19 162
20 34
20 67
20 91
20 109
20 124
21 23
21 26
21 36
21 71
21 141
22 41
22 87
22 114
22 126
22 129
22 174
23 48
23 74
23 115
23 132
23 149
24 45
24 120
24 158
25 58
25 119
25 127
25 131
26 57
26 63
26 90
26 99
26 107
26 139
26 174
27 38
27 78
27 83
27 119
27 132
28 29
28 46
28 73
28 92
28 97
28 100
28 124
28 157
29 41
29 101
29 116
29 121
29 134
29 169
29 187
30 62
30 84
30 95
31 59
31 79
31 88
32 40
32 44
32 59
32 89
32 158
32 162
33 40
33 94
33 125
33 129
33 136
33 186
34 78
34 87
34 88
34 90
34 115
34 185
35 66
35 96
35 133
35 138
35 141
35 180
36 38
36 51
36 136
37 74
37 103
37 111
37 123
38 50
38 107
38 117
38 160
39 64
39 70
39 108
39 125
39 126
39 166
40 42
40 48
40 99
40 102
40 103
41 55
41 113
41 178
42 65
42 77
42 91
42 101
42 167
43 48
43 55
43 123
43 159
43 162
44 50
44 119
44 143
44 165
44 166
44 168
44 181
45 64
45 87
45 121
45 132
45 177
46 91
46 114
46 117
46 120
47 81
47 83
47 85
47 118
47 119
47 185
48 66
48 87
48 89
48 90
48 95
48 103
48 107
49 52
49 86
49 161
49 165
50 155
50 160
50 179
51 54
51 60
51 64
51 93
51 135
51 136
51 140
51 182
52 73
52 79
52 95
52 113
52 178
53 68
53 131
54 147
54 153
54 180
55 81
55 103
55 135
56 121
56 144
56 146
56 167
57 82
57 86
57 93
57 95
57 138
57 145
57 153
58 63
58 77
58 80
58 83
58 123
59 116
59 159
59 163
59 169
60 62
60 65
60 111
60 127
60 152
60 181
61 77
61 98
61 100
61 123
61 149
61 162
61 186
62 137
62 161
63 71
63 82
63 108
63 149
64 146
64 148
64 152
64 158
65 129
65 156
65 180
66 88
66 102
66 139
66 155
67 98
67 140
67 184
68 79
68 117
68 153
68 170
69 126
69 147
70 97
70 116
70 174
71 87
71 94
71 105
71 112
71 131
71 169
72 75
73 74
73 114
73 139
73 145
74 118
74 166
75 110
75 121
75 150
75 161
75 171
76 101
76 111
76 115
77 91
77 126
77 147
77 149
77 181
78 96
78 111
78 176
78 177
79 92
79 96
79 112
79 141
79 163
79 186
80 109
80 130
80 182
81 84
81 154
81 157
81 163
81 186
82 135
82 156
83 92
84 86
84 106
84 129
84 142
84 158
84 179
84 187
85 90
85 93
85 100
85 186
86 145
86 158
87 137
88 96
88 146
89 95
89 173
89 182
90 129
91 143
92 100
92 140
92 156
93 95
93 144
93 167
94 134
94 141
94 149
94 185
95 128
95 137
96 112
96 152
97 158
97 161
97 173
98 146
100 170
101 151
102 112
102 137
103 118
104 141
104 176
104 183
105 106
105 110
105 145
106 128
107 153
108 113
109 119
109 122
109 155
109 175
109 184
110 151
110 168
111 120
111 139
111 142
111 152
111 162
111 165
112 147
112 154
112 175
113 160
114 167
115 166
115 182
116 126
116 172
117 184
118 137
118 143
118 153
120 131
120 147
124 150
125 173
126 130
126 150
127 145
127 156
128 129
128 131
128 133
132 164
133 160
133 167
133 174
134 143
134 159
135 163
135 172
136 144
136 148
137 164
138 168
139 144
139 170
140 177
142 167
142 170
142 185
145 149
148 154
152 163
154 155
154 169
155 157
155 173
160 177
160 180
162 187
164 172
166 171
168 178
171 178
174 179
175 180
177 187
178 181
