180
0 1
0 13
0 76
0 81
0 123
1 2
1 3
1 10
2 4
2 8
3 5
3 9
3 31
4 6
4 34
4 35
4 65
5 7
5 12
5 20
5 49
5 73
5 97
5 99
5 138
5 175
5 179
6 11
6 62
6 96
7 19
7 47
7 93
8 15
8 30
8 108
8 149
9 21
9 28
9 43
9 56
9 60
9 65
9 154
10 24
10 29
10 39
10 79
10 103
10 107
10 134
11 16
11 24
11 53
11 74
11 130
12 14
12 18
12 37
12 45
12 77
13 17
13 72
13 86
13 104
15 22
15 25
15 33
15 58
15 61
15 69
15 85
15 128
16 179
17 32
18 27
19 58
19 83
19 101
19 125
19 140
19 143
19 162
20 67
20 124
21 23
21 26
21 36
21 71
21 141
21 158
21 164
22 41
22 114
22 174
23 132
24 117
24 158
26 57
26 63
26 99
26 107
26 129
26 178
27 51
27 78
28 46
29 86
29 100
29 116
29 169
30 75
30 84
31 59
31 79
31 88
31 157
32 40
32 44
32 138
33 35
33 157
34 85
34 145
34 169
35 66
36 38
36 51
36 136
37 103
37 111
38 68
39 64
39 70
39 125
39 150
39 166
40 42
40 48
40 102
40 121
41 55
41 74
41 87
41 178
42 89
42 134
43 47
43 97
43 124
43 159
44 50
45 48
45 56
45 125
45 127
45 175
46 91
46 117
46 120
46 144
46 160
47 83
47 85
47 119
47 132
48 87
48 89
48 90
49 52
49 86
49 93
49 142
49 161
49 165
50 93
50 155
51 54
51 55
52 94
53 68
53 148
55 95
55 135
55 141
55 144
55 151
57 72
57 82
57 153
58 80
58 109
58 147
59 127
60 62
60 127
61 118
61 149
62 120
63 123
63 153
64 113
64 148
65 162
66 88
66 108
67 98
69 126
69 175
71 94
71 105
71 114
71 159
72 75
72 161
73 170
74 118
74 177
75 121
75 146
76 82
76 104
76 115
77 90
77 147
78 176
79 92
79 163
80 109
81 101
82 133
83 130
84 129
84 140
84 145
85 100
86 151
87 137
89 95
89 173
90 91
90 102
90 116
90 123
91 130
91 156
92 140
92 141
92 156
94 96
94 118
95 131
95 154
95 160
96 103
96 141
96 154
98 140
98 146
98 151
99 163
99 172
99 175
101 129
101 151
101 157
101 178
102 112
102 130
103 134
104 165
105 106
105 110
105 118
105 144
105 145
106 119
107 111
107 136
108 113
109 122
110 168
111 139
111 142
111 152
114 139
115 139
117 154
120 136
122 169
124 150
125 156
127 146
128 131
128 133
129 153
132 164
132 165
133 149
133 160
133 167
134 147
135 172
136 144
137 177
140 145
140 179
141 165
142 170
148 154
148 166
149 161
153 168
155 157
160 177
165 173
166 171
