188
0 1
0 2
0 3
0 11
0 38
0 43
0 101
0 130
0 170
1 9
1 14
1 93
1 94
1 130
1 157
2 7
2 63
3 4
3 6
3 100
3 146
3 162
3 186
4 5
4 8
4 18
4 23
4 24
4 28
4 48
5 21
5 55
5 71
5 175
6 10
6 12
6 13
6 32
6 36
6 167
7 16
7 73
7 108
7 132
7 154
8 17
8 27
8 29
8 37
8 53
8 120
8 121
8 150
8 151
9 25
9 33
9 57
10 32
10 34
10 41
10 83
10 106
11 31
11 69
12 160
12 178
13 15
13 83
13 137
14 20
14 56
14 142
15 82
15 84
15 176
16 86
16 92
17 54
17 80
18 19
18 28
18 96
19 22
19 77
19 94
19 126
19 179
20 61
20 109
20 118
21 47
21 141
21 142
21 171
22 50
22 52
22 72
22 104
22 109
23 30
23 92
23 176
24 26
24 76
25 49
25 59
25 156
26 39
26 72
26 91
26 153
26 167
26 168
27 68
27 69
28 35
28 45
29 44
29 70
29 117
30 42
30 45
30 61
31 46
31 78
31 159
32 67
32 107
33 64
33 71
33 162
34 60
34 81
35 41
35 62
35 125
35 130
35 166
35 168
36 140
37 49
37 79
38 40
39 62
39 66
39 74
39 87
39 157
39 174
40 73
40 83
40 86
40 105
40 175
41 50
41 67
41 94
41 151
42 69
42 89
42 112
43 75
43 102
43 123
44 78
44 111
44 115
45 66
45 134
46 58
46 126
46 149
47 51
47 120
47 157
47 166
48 63
48 113
49 85
49 119
50 93
50 119
50 152
50 158
51 95
52 143
53 54
53 129
54 121
54 146
55 97
55 116
55 181
56 112
56 144
56 180
57 65
57 70
57 88
57 131
57 147
57 153
59 64
59 117
59 154
59 178
60 133
60 158
61 65
61 70
61 81
61 145
62 66
62 90
62 181
63 141
63 143
64 75
64 122
64 124
65 167
66 185
67 99
68 184
69 182
70 187
71 73
71 77
71 186
72 76
72 106
73 152
74 151
75 170
77 91
77 96
78 79
78 178
79 156
80 138
80 140
80 160
80 165
80 171
81 110
81 118
81 144
81 177
82 139
82 140
82 179
83 100
84 109
84 115
85 128
86 98
86 107
86 153
88 103
88 172
89 95
89 150
90 159
92 165
92 174
93 127
93 182
95 149
96 98
97 119
97 122
97 149
97 180
98 116
99 120
100 152
100 166
101 133
101 135
103 114
103 161
103 166
104 107
104 146
105 115
105 143
105 150
105 158
105 187
106 145
106 160
107 111
107 136
107 183
108 114
108 115
108 164
110 187
111 163
112 125
112 163
114 186
116 123
116 148
116 177
118 141
118 176
119 173
121 140
122 141
122 171
123 184
123 186
124 139
124 147
125 126
125 180
127 158
128 172
129 132
129 156
130 181
132 144
132 174
133 134
133 159
133 172
135 148
136 185
137 173
138 151
138 180
139 155
145 169
148 176
148 177
148 181
149 162
149 164
150 153
150 165
152 179
153 161
157 160
157 170
161 178
164 172
167 173
177 185
