188
0 1
0 14
0 38
0 65
1 2
1 3
1 4
1 7
1 30
1 33
1 70
1 93
1 132
1 140
1 142
2 5
2 10
2 18
2 22
2 91
2 155
3 6
3 15
3 19
3 29
3 35
3 39
3 41
3 65
3 88
4 20
4 154
5 26
5 100
5 104
5 137
6 9
6 149
6 178
7 8
7 10
7 16
7 17
7 59
7 120
8 11
8 12
8 32
8 99
9 64
9 137
9 158
10 47
10 115
11 71
11 111
12 13
12 23
12 49
12 138
13 118
13 167
14 21
14 34
14 117
14 132
15 44
15 94
15 166
16 27
16 159
16 175
17 110
17 151
18 24
18 98
18 176
19 67
19 74
19 170
20 58
20 68
20 100
20 111
21 37
21 40
21 73
21 165
22 25
22 28
23 31
23 57
23 68
23 71
23 143
24 42
24 149
25 57
25 95
25 136
26 46
26 60
27 50
27 52
27 171
28 36
28 86
29 56
29 63
29 81
29 118
29 186
30 40
30 53
30 137
30 139
31 43
31 63
31 121
31 130
31 143
32 52
32 54
32 55
32 124
32 128
32 141
33 61
33 107
33 164
34 84
34 94
34 120
35 58
35 87
35 124
36 45
36 95
37 50
37 51
37 62
37 128
37 129
37 164
37 173
38 44
38 50
38 92
39 79
39 170
40 91
40 113
40 126
40 133
41 89
41 91
41 109
41 187
42 48
42 77
42 114
44 149
44 156
45 106
45 120
45 133
47 66
47 82
48 119
48 125
49 78
49 83
49 180
50 103
50 184
51 83
52 58
52 115
52 168
53 73
53 148
53 174
54 112
55 64
55 65
56 163
56 168
57 101
58 86
59 61
59 72
59 184
60 66
60 131
60 162
61 76
62 98
62 110
63 104
63 177
64 165
64 169
65 160
66 69
66 144
67 80
67 184
68 97
68 162
69 106
69 115
69 177
69 185
70 75
70 85
70 154
71 90
71 141
72 187
73 79
75 90
75 182
76 105
77 80
77 126
77 172
78 83
78 97
78 108
79 172
80 96
80 141
80 163
80 175
81 123
81 143
81 160
81 176
84 108
85 110
86 116
86 130
86 150
87 105
87 134
87 154
89 102
89 113
90 153
91 123
92 114
93 94
93 127
93 169
93 186
94 125
94 140
94 165
96 122
98 162
99 109
99 157
100 144
100 152
101 138
101 140
101 158
101 177
102 162
103 110
103 174
104 109
104 118
105 122
105 178
105 180
106 180
107 147
107 155
108 174
109 118
110 148
111 123
111 145
113 183
114 153
115 130
115 140
116 136
116 154
117 142
117 176
117 177
119 131
121 170
122 152
123 125
124 148
124 161
124 163
124 187
126 147
126 166
126 179
128 164
129 157
129 176
129 185
130 136
131 135
131 155
133 145
133 184
133 186
135 152
135 183
136 139
138 146
142 150
142 158
143 167
144 159
144 170
147 148
151 164
152 185
156 168
157 181
161 166
163 187
167 171
172 178
