180
0 1
0 2
0 6
0 132
1 7
1 8
1 10
1 16
1 32
2 3
2 20
2 21
2 40
3 4
3 5
3 52
3 86
3 99
4 9
4 26
4 28
4 59
4 67
4 97
4 148
5 107
6 11
6 14
6 56
7 17
7 21
7 145
7 165
8 15
8 24
8 71
8 134
8 149
9 25
9 30
9 76
9 103
9 110
9 138
10 12
10 13
10 22
10 38
10 120
10 130
11 56
11 61
11 105
12 18
12 21
12 23
12 44
12 72
12 95
12 152
13 19
13 100
13 176
14 16
14 49
14 105
15 24
15 27
15 41
15 96
15 114
16 29
16 31
16 34
16 37
16 42
16 64
17 61
17 63
17 75
17 113
18 23
18 57
18 71
18 88
18 136
19 27
19 35
19 80
19 130
20 51
21 141
22 83
22 129
22 167
22 168
23 46
23 48
23 78
23 85
23 159
24 45
24 68
24 109
24 146
25 70
25 82
25 83
25 120
25 136
25 150
26 36
26 149
26 171
27 55
27 106
28 46
28 66
28 74
28 93
28 135
29 33
29 43
29 53
29 169
31 99
32 50
33 47
33 127
34 93
34 114
35 58
35 81
35 86
35 159
36 126
36 133
36 162
37 60
37 61
37 71
37 143
38 39
38 111
39 73
39 90
39 106
39 163
40 69
40 176
41 90
41 91
41 100
41 149
42 93
42 154
42 167
43 104
43 167
44 54
44 62
44 179
45 110
45 157
45 174
46 60
46 168
46 170
47 68
47 84
47 89
47 127
47 147
47 174
48 155
48 175
49 76
49 82
49 138
50 78
50 173
51 110
51 124
51 134
51 141
52 65
53 70
55 64
55 66
55 98
56 137
56 144
56 150
57 80
57 111
57 159
58 72
58 115
58 173
59 139
59 174
60 105
60 119
61 142
62 79
62 118
62 122
63 107
63 151
63 161
65 162
66 84
66 88
66 166
67 99
67 121
68 94
68 116
68 150
69 70
69 96
69 177
70 73
70 145
71 99
72 77
72 88
72 113
73 119
73 170
74 83
74 87
74 111
74 171
75 82
75 112
75 125
75 141
75 142
77 96
77 102
77 140
77 142
78 87
78 108
78 178
79 87
79 172
80 85
80 131
81 146
82 121
82 151
83 112
83 138
85 109
85 144
85 149
87 124
87 134
89 101
89 166
90 128
90 175
91 92
91 98
91 164
92 107
92 126
92 153
93 117
93 157
94 106
94 108
94 110
94 136
94 139
95 137
95 151
95 159
96 123
97 130
98 113
98 115
98 178
100 139
101 121
102 160
103 129
104 127
104 156
105 117
106 122
107 116
107 158
108 116
108 133
109 143
110 125
111 147
113 160
115 152
115 169
115 172
116 169
118 124
118 163
119 153
120 139
121 161
121 162
122 125
122 147
123 160
123 163
124 145
125 128
125 135
126 178
127 152
128 133
128 179
131 136
131 157
131 164
132 153
132 160
133 167
134 141
134 156
135 178
137 142
143 175
150 172
154 158
154 164
155 156
155 179
158 166
158 168
160 162
163 179
168 169
