180
0 1
0 2
0 8
0 39
0 53
0 91
0 142
0 172
0 178
1 3
1 4
1 34
1 45
1 58
1 64
1 107
1 119
1 137
1 165
1 166
1 167
2 6
2 7
2 11
2 102
2 161
3 7
3 50
3 80
3 108
4 5
4 9
4 15
4 49
4 120
5 14
5 16
5 21
5 36
5 89
5 97
5 175
6 10
6 13
6 18
6 22
6 51
6 163
7 56
7 84
7 102
7 106
7 140
8 27
8 36
8 67
8 116
8 148
9 12
9 41
9 80
9 99
10 19
10 23
10 44
10 73
10 95
10 101
11 20
11 40
11 70
11 146
12 17
12 24
12 27
12 28
12 40
12 43
12 59
13 21
13 22
13 38
13 132
13 141
13 156
14 58
14 60
14 63
14 101
15 56
15 132
15 138
16 80
16 147
16 174
17 19
17 29
17 30
17 33
17 50
17 70
17 71
17 132
17 152
18 25
18 88
18 93
18 129
18 131
19 55
19 101
19 143
20 152
21 96
21 134
21 136
22 31
22 69
22 100
22 129
23 31
23 46
23 72
23 86
24 76
24 134
24 149
25 26
25 35
25 42
25 169
26 55
26 85
26 105
26 113
27 63
27 116
28 52
28 72
28 117
28 166
28 171
28 177
29 45
29 74
29 122
29 131
29 157
29 174
30 32
30 47
30 131
30 146
30 164
31 109
31 117
31 135
31 138
31 155
32 60
32 87
33 119
34 65
34 88
34 97
34 114
35 37
35 53
35 109
35 110
35 168
36 57
36 82
36 83
36 163
36 176
37 48
37 137
37 162
38 69
38 81
38 93
38 98
39 45
39 51
40 71
40 102
40 118
40 147
41 96
41 102
41 112
41 138
41 143
42 54
42 57
42 110
42 126
42 168
43 52
43 60
43 92
43 149
44 75
44 92
44 108
45 178
46 78
46 105
47 48
47 63
47 117
48 68
48 171
49 61
49 84
49 86
49 149
49 164
50 100
50 123
50 132
50 145
51 62
51 66
51 94
51 108
52 82
53 147
54 75
54 108
54 173
54 179
55 136
55 139
56 143
56 144
57 74
57 90
57 97
57 109
57 114
57 126
57 167
58 61
58 105
58 136
58 166
59 72
59 103
60 137
60 158
61 137
61 174
62 77
62 119
62 149
62 155
62 174
63 135
64 66
64 169
65 103
65 121
65 130
65 148
65 155
66 73
66 141
66 177
67 77
67 85
67 107
68 87
68 125
68 154
68 173
69 93
69 110
69 114
69 162
70 73
70 157
70 176
71 77
71 99
71 127
71 164
72 118
73 79
74 116
74 168
75 92
75 132
75 141
76 136
77 175
78 151
78 159
78 178
79 81
79 136
79 139
80 145
81 144
82 121
82 148
83 97
83 114
83 118
83 138
83 173
84 102
84 116
84 126
84 134
85 95
86 106
86 133
86 156
87 92
87 94
87 139
87 145
87 150
88 97
88 117
88 141
89 98
89 121
90 109
90 140
90 142
90 151
90 157
91 123
91 138
91 146
91 147
91 166
91 179
92 115
93 158
94 104
94 111
95 127
95 135
95 148
95 164
96 124
96 128
99 112
99 115
100 170
100 177
101 115
101 175
102 177
103 140
104 110
104 113
105 124
105 150
106 122
106 131
106 139
106 156
108 121
109 179
110 111
111 125
111 158
115 144
115 163
116 122
118 175
120 143
120 179
121 163
124 177
125 133
125 146
126 176
127 128
128 130
129 154
129 161
129 171
131 163
132 159
133 138
133 151
133 153
134 155
134 175
135 138
135 139
135 152
137 178
138 172
140 153
140 160
141 173
145 147
148 167
149 162
150 170
151 159
152 154
156 165
158 160
158 176
169 171
172 174
