180
0 1
0 2
0 3
0 11
0 38
0 43
0 101
0 104
0 137
1 9
1 14
1 77
1 82
1 93
1 102
1 104
1 157
2 7
2 120
2 132
3 4
3 6
3 100
3 129
3 146
3 151
4 5
4 8
4 18
4 23
4 24
4 48
5 21
5 55
5 71
6 10
6 12
6 13
6 30
6 36
6 74
7 16
7 73
7 106
7 108
7 154
8 17
8 27
8 29
8 37
8 53
8 97
8 121
9 25
9 33
9 57
10 32
10 34
10 41
10 86
11 15
11 31
11 158
11 161
12 32
12 55
12 153
12 164
13 15
13 137
14 20
14 56
14 66
14 91
14 130
14 142
14 174
15 76
15 82
15 84
15 99
15 136
16 43
16 86
17 80
17 92
17 94
17 108
18 19
18 28
18 96
19 22
19 27
19 88
19 94
19 95
19 126
19 179
20 50
20 61
20 82
20 84
20 139
20 176
21 45
21 47
21 88
21 142
22 52
22 72
22 104
22 135
23 30
23 52
23 92
23 160
23 176
24 26
24 76
24 177
25 49
25 59
25 61
25 135
26 39
26 58
26 79
26 86
26 91
26 153
26 155
26 168
27 43
27 51
27 61
27 68
27 86
27 152
27 160
28 35
29 43
29 44
29 104
29 112
29 178
30 42
30 45
30 64
30 114
31 46
31 68
31 78
31 173
32 133
32 138
32 161
33 59
33 64
33 66
33 134
33 137
34 60
34 81
34 157
35 125
35 130
36 97
36 117
36 167
37 118
38 40
38 173
39 62
39 66
39 74
39 75
39 87
39 162
39 174
40 72
40 83
40 91
40 105
40 139
40 175
41 50
41 67
41 178
42 56
42 69
42 89
42 164
43 54
43 69
43 102
43 108
44 166
45 47
45 89
45 91
45 97
45 124
45 134
46 58
46 159
47 51
47 70
48 63
48 96
48 99
48 113
48 140
48 175
49 85
49 119
50 51
50 114
50 117
50 138
50 172
51 61
51 170
52 107
52 148
53 54
53 101
53 129
54 73
54 93
54 141
54 173
55 83
55 97
55 116
56 112
56 140
57 65
57 70
57 88
57 123
57 131
57 147
58 59
58 116
59 117
59 146
59 178
59 179
60 70
60 112
60 158
61 74
61 153
62 68
62 90
62 102
62 106
62 133
63 141
63 143
64 75
64 113
64 122
64 124
65 150
65 167
66 92
66 132
67 99
68 151
70 76
70 148
71 77
71 166
72 73
72 106
72 154
73 94
73 96
74 94
74 151
75 170
76 120
77 82
77 87
77 115
77 166
77 175
78 79
78 127
78 178
79 145
80 138
80 160
80 165
80 171
81 90
81 110
81 118
81 144
82 139
82 167
83 105
83 122
83 130
83 160
84 109
84 115
84 170
85 110
85 120
85 128
85 149
85 160
85 179
86 153
87 109
87 110
87 146
88 103
88 126
88 131
89 95
90 140
91 157
92 163
93 96
93 99
93 127
94 172
95 135
95 149
95 168
96 98
97 162
98 142
99 120
100 133
100 152
101 107
101 114
101 133
101 135
103 114
103 123
103 143
103 161
103 166
104 107
104 157
105 150
105 166
106 138
106 145
107 111
107 136
111 118
111 163
112 151
112 159
116 123
116 177
117 131
117 145
117 163
117 165
117 177
118 169
119 173
120 143
121 140
122 144
122 169
122 171
124 149
124 153
124 165
124 167
125 134
125 170
126 144
126 172
127 140
127 147
128 147
128 172
128 173
129 132
129 156
130 138
131 161
133 134
133 159
134 154
135 148
139 155
142 152
142 159
142 177
143 154
143 155
143 157
145 169
145 170
145 171
146 151
146 154
147 174
149 162
149 164
150 158
156 161
156 163
158 172
162 164
