180
0 1
0 3
0 4
0 5
0 7
0 30
0 99
0 162
0 178
1 2
1 18
1 42
1 45
1 84
1 130
1 176
2 11
2 60
2 104
3 6
3 54
3 58
3 100
3 126
4 9
4 13
4 90
5 8
5 23
5 36
5 49
5 102
5 140
6 12
6 15
6 141
7 16
7 66
7 91
7 129
7 133
7 177
8 10
8 32
8 37
8 75
9 40
9 48
9 52
9 148
10 50
10 57
10 74
10 121
10 147
10 151
10 171
11 22
11 111
11 154
12 14
12 29
12 46
12 102
13 27
13 39
13 48
13 136
13 149
13 161
14 17
14 25
14 105
14 114
15 20
15 43
15 47
15 130
16 19
16 21
16 116
16 124
16 138
16 163
17 24
17 86
17 107
17 143
18 30
18 54
19 33
19 101
19 112
19 164
19 179
20 38
20 69
21 36
21 67
21 69
21 154
22 35
23 28
23 55
23 115
23 126
23 155
24 26
24 31
24 69
24 82
25 103
25 114
25 154
26 40
26 50
26 56
26 80
26 95
26 110
26 128
26 142
26 159
27 75
27 78
28 53
28 59
28 63
28 68
28 92
28 101
28 169
29 34
29 65
29 79
29 127
29 144
30 63
30 156
31 33
31 131
32 66
32 77
32 127
32 131
33 50
33 56
33 93
33 134
33 144
34 41
34 123
34 135
34 179
35 63
35 64
35 98
35 115
35 125
36 78
36 89
37 44
37 57
37 119
37 150
37 173
38 51
38 124
38 159
39 43
39 71
39 157
39 175
40 59
40 68
40 84
40 118
41 73
41 108
41 113
42 76
42 97
42 135
42 146
43 54
43 104
43 128
44 85
44 103
44 116
45 58
45 62
45 82
45 121
46 48
46 72
46 96
46 160
46 178
47 73
47 133
47 171
48 161
49 88
49 96
49 108
49 109
49 136
50 61
50 105
50 113
51 64
51 79
51 80
51 121
51 169
51 179
52 104
52 115
52 133
52 134
52 159
53 129
53 151
54 55
54 70
54 87
55 73
55 93
55 106
55 128
55 155
56 88
56 94
56 140
56 157
57 62
57 98
57 146
58 62
59 71
59 117
60 83
60 111
60 174
60 178
61 77
61 98
61 130
61 134
62 64
62 94
62 126
63 76
63 132
63 139
64 108
65 110
65 123
66 91
66 97
66 115
67 77
67 118
67 129
68 132
68 172
68 178
69 81
69 111
69 148
69 170
69 177
70 74
70 142
70 160
71 105
71 122
71 172
72 150
72 163
73 152
74 85
74 95
74 113
74 121
74 159
74 168
75 92
75 152
76 147
76 162
77 84
77 114
77 133
78 129
78 131
78 146
79 108
79 132
80 152
80 157
81 88
81 109
81 126
81 172
81 175
82 85
82 94
82 147
83 166
84 93
85 131
85 152
86 106
86 120
86 128
86 160
87 112
87 123
87 125
87 128
88 144
88 146
88 165
89 121
89 135
89 137
89 151
90 156
91 161
92 130
93 99
93 101
94 157
95 157
95 158
96 112
97 108
97 166
98 99
99 145
99 174
100 120
101 133
101 169
102 175
103 156
103 163
103 164
104 106
104 168
105 117
105 150
106 134
106 174
107 138
107 172
108 170
109 164
109 167
109 170
110 166
112 119
113 137
114 119
114 124
114 140
114 174
115 150
116 138
117 164
117 176
118 160
118 179
119 158
122 148
122 177
124 156
124 173
125 167
125 169
126 137
126 142
126 151
127 145
127 171
128 149
128 151
134 164
135 137
137 166
139 143
139 153
139 165
139 175
140 142
140 161
140 179
141 147
141 148
142 146
142 163
143 155
143 167
144 153
149 171
151 152
152 158
154 170
155 162
159 161
160 174
165 168
165 178
166 173
174 175
