188
0 1
0 2
0 26
0 33
0 37
0 39
0 58
0 72
0 82
0 84
1 4
1 5
1 20
1 24
1 74
1 112
1 138
1 163
2 3
2 9
2 10
3 7
3 11
3 64
3 110
3 112
4 15
4 27
4 41
4 96
4 97
5 6
5 7
5 18
5 27
5 81
5 113
6 8
6 11
6 13
6 23
6 61
6 62
6 84
6 115
7 12
7 22
7 156
7 180
8 14
8 19
8 32
8 51
8 93
8 122
8 124
8 154
8 160
9 16
9 17
9 45
9 80
9 89
9 117
9 131
9 186
10 29
10 30
10 33
10 37
10 116
10 120
10 144
10 170
11 25
11 43
11 72
11 83
11 144
12 67
12 87
12 146
12 168
12 180
13 76
13 80
14 24
14 34
14 46
14 109
14 186
14 187
15 21
15 25
15 35
15 49
15 55
15 71
15 76
16 55
16 56
16 68
16 69
16 82
16 93
16 136
16 142
17 22
17 34
17 36
17 38
17 88
18 56
18 68
18 90
18 164
19 30
19 39
19 57
19 97
19 101
19 120
19 139
19 186
20 21
20 37
20 56
20 59
20 77
20 78
20 85
20 106
21 51
21 81
21 85
21 145
21 159
21 186
22 85
22 144
22 152
23 31
23 53
23 65
23 68
23 95
23 106
23 160
23 186
24 28
24 122
24 133
25 40
25 42
25 107
26 80
26 83
26 91
26 130
26 149
26 155
26 175
27 46
27 164
28 121
28 140
28 166
28 177
29 42
29 50
29 54
29 66
29 152
29 158
29 173
30 39
30 52
30 71
30 81
30 159
31 46
31 108
31 128
31 169
32 70
32 75
33 35
33 48
33 77
33 134
33 140
34 66
34 94
34 129
34 158
35 44
35 117
35 158
36 47
36 77
36 116
36 122
37 95
37 110
37 168
38 61
38 127
38 162
38 182
39 80
39 86
39 121
39 147
39 175
40 98
40 131
41 47
41 55
41 85
41 92
41 96
41 105
41 118
41 126
42 74
42 89
42 157
42 182
43 80
43 138
43 150
43 151
43 154
43 168
43 187
44 48
44 59
44 73
44 107
44 153
45 48
45 88
45 92
45 140
46 60
46 88
46 137
46 141
46 142
47 64
47 130
47 152
47 172
47 175
48 82
48 135
48 148
48 150
49 63
49 92
49 104
49 105
49 164
49 181
50 60
50 67
50 103
50 134
50 156
50 187
51 70
51 135
51 161
51 174
51 179
52 65
52 121
52 181
52 183
53 103
53 147
53 158
53 167
53 176
54 94
54 103
54 104
54 124
54 186
55 69
55 109
56 57
56 65
56 89
56 139
57 58
57 66
57 99
57 114
58 71
58 151
58 152
59 100
59 105
59 107
59 114
59 119
59 142
59 157
60 69
60 148
60 160
60 180
61 83
61 145
62 63
62 86
62 95
62 153
63 78
63 83
63 91
63 143
63 157
63 184
64 71
64 97
64 102
64 111
65 127
65 163
65 173
66 72
66 108
66 158
66 181
67 94
67 115
67 124
67 128
68 125
68 127
69 132
69 155
69 168
69 178
70 108
70 114
70 169
70 177
70 184
71 76
71 84
71 85
71 119
72 121
72 155
72 180
73 163
73 172
73 183
74 79
74 102
74 110
74 139
75 80
75 111
75 181
76 130
77 184
78 101
78 184
79 130
79 133
79 154
79 156
79 162
79 175
81 86
81 128
81 141
81 146
81 176
82 118
82 137
84 106
84 145
85 117
85 124
85 153
86 122
86 144
86 154
86 172
87 128
87 131
88 98
88 111
88 141
89 104
89 107
89 124
89 126
89 141
89 158
89 176
90 91
90 129
90 142
90 149
91 117
91 119
91 137
91 147
91 171
91 181
92 139
92 149
92 167
93 95
93 125
93 127
93 165
94 113
94 125
94 132
94 155
95 123
95 127
95 173
95 175
96 111
96 156
96 161
96 179
97 102
97 132
97 146
97 157
98 106
98 171
99 110
99 125
99 149
100 127
100 131
100 150
100 185
101 166
101 173
102 113
102 148
102 168
102 174
103 116
103 125
103 134
104 151
104 159
104 166
104 183
105 133
106 153
106 167
107 149
107 173
108 178
109 131
110 142
110 182
111 123
111 174
112 165
112 167
113 144
113 178
113 182
114 171
115 130
115 152
115 165
115 176
115 180
116 135
117 142
117 152
118 119
118 129
118 143
118 145
118 170
119 140
119 172
120 129
120 147
121 122
121 145
121 184
123 138
123 170
124 140
125 180
126 138
128 133
128 169
128 171
129 141
130 136
132 133
132 171
133 136
134 166
135 147
135 187
137 138
137 182
138 157
138 160
139 170
141 164
143 187
144 169
144 175
145 157
145 185
147 176
148 167
149 163
153 177
156 182
156 185
159 185
161 162
163 165
163 168
166 170
170 185
177 179
