188
0 1
0 8
0 14
0 35
0 48
0 77
0 108
0 118
1 2
1 7
1 13
1 19
1 23
1 33
1 36
1 59
1 109
1 135
2 3
2 5
2 9
2 28
2 44
2 57
2 79
3 4
3 6
3 11
3 53
3 55
3 165
4 25
4 44
4 78
4 83
4 108
4 137
4 140
4 158
4 174
5 9
5 12
5 15
5 54
6 10
6 18
6 25
6 33
6 45
6 50
6 128
7 21
7 51
7 77
7 107
7 124
7 175
8 25
8 29
8 46
8 101
8 171
9 16
9 63
9 122
9 131
9 184
10 47
10 103
10 113
10 133
10 143
10 150
11 17
11 24
11 31
11 69
11 73
11 132
11 177
12 20
12 161
13 42
13 78
13 91
13 154
14 26
14 90
14 133
14 167
15 26
15 39
15 90
15 109
16 29
16 80
16 82
16 87
16 118
17 27
17 56
17 152
17 164
18 45
18 79
18 81
18 91
18 139
19 22
19 30
19 94
19 112
19 139
20 43
20 109
20 111
20 127
21 41
21 65
21 93
21 185
22 55
22 67
22 74
22 84
22 85
22 111
22 180
22 183
23 34
23 71
23 75
23 84
23 137
23 148
23 154
24 68
24 70
24 94
24 121
24 144
25 37
25 41
25 46
25 54
25 76
25 78
25 164
26 32
26 44
26 67
26 144
26 166
26 176
26 183
27 47
27 50
27 52
27 82
27 126
27 128
27 156
27 177
28 64
28 128
28 130
28 134
28 167
29 40
29 98
29 119
29 141
30 66
30 93
30 104
30 116
30 132
31 99
31 108
31 119
31 143
32 40
32 67
32 68
32 90
32 129
32 138
32 177
32 179
33 48
33 56
33 107
33 121
33 137
34 38
34 58
34 123
34 136
34 157
35 54
35 59
35 104
35 105
35 107
35 130
35 187
36 37
36 38
36 60
36 73
36 79
36 80
36 96
37 65
37 95
37 98
37 130
37 168
37 169
38 57
38 80
38 136
38 139
38 149
39 141
39 146
39 160
39 185
40 76
40 77
40 85
40 127
40 128
40 178
40 179
41 71
41 131
41 134
41 155
41 176
42 49
42 92
42 165
42 187
43 58
43 125
43 126
43 166
43 186
44 99
44 102
44 145
44 156
44 166
44 186
45 50
45 53
45 66
45 156
46 49
46 61
46 98
46 113
46 123
46 126
46 147
46 151
46 167
47 63
47 76
47 84
47 150
47 173
47 181
48 65
48 137
48 145
48 146
48 159
49 124
49 159
49 174
50 61
50 104
50 160
51 92
51 112
51 158
51 174
52 95
52 96
52 100
53 83
53 116
53 132
53 170
53 171
54 59
54 86
54 110
54 154
55 58
55 84
55 115
55 120
55 126
55 147
55 152
55 163
55 176
56 131
56 174
57 70
57 89
57 150
57 157
57 179
58 72
58 116
59 118
59 122
59 128
59 159
59 180
60 62
60 68
60 98
60 105
60 168
61 111
61 112
61 121
61 130
61 149
61 182
62 67
62 76
62 105
62 116
62 181
63 83
63 97
63 130
64 70
64 84
64 114
64 157
64 161
64 166
65 69
65 83
65 123
66 75
66 89
66 107
66 111
66 134
67 102
68 93
68 105
69 111
69 138
69 164
70 71
70 77
70 95
70 181
71 116
71 121
71 151
72 80
72 165
72 169
73 86
73 105
73 119
73 154
74 75
74 88
74 95
74 114
74 146
74 175
75 113
75 118
75 125
75 135
76 97
76 109
76 152
77 93
77 130
78 85
79 112
81 92
81 93
81 96
81 147
82 95
82 145
83 117
83 119
84 152
85 114
85 156
85 170
85 186
86 120
86 152
86 163
86 170
86 172
87 100
87 106
87 110
87 180
87 182
88 103
88 148
88 153
89 140
89 159
89 168
90 117
90 124
91 99
91 120
91 131
91 154
92 143
92 160
93 115
94 111
94 120
94 133
97 129
97 156
97 172
98 146
98 151
99 140
99 142
100 135
101 122
101 144
101 148
101 172
101 185
101 186
102 106
102 177
103 115
103 121
103 175
104 135
104 147
104 153
104 172
104 180
105 164
106 176
107 108
107 151
108 125
108 155
109 144
109 175
110 127
110 136
110 145
111 138
112 152
114 123
114 128
114 157
114 161
115 118
115 187
117 149
118 143
119 170
119 176
120 123
120 129
121 159
122 159
123 138
123 158
124 129
124 133
124 150
124 171
126 166
127 146
127 162
127 181
129 155
130 131
133 150
133 176
134 182
135 153
135 155
135 177
135 184
136 142
137 164
137 185
138 140
138 163
140 177
141 181
142 162
143 162
143 163
143 173
144 161
146 164
147 169
148 173
148 186
149 153
149 178
150 170
150 180
153 154
155 165
155 180
155 185
160 175
160 181
163 184
163 186
165 183
166 168
170 178
174 182
175 179
