188
0 1
0 2
0 5
0 15
0 53
0 134
0 148
0 183
1 16
1 17
1 18
1 21
1 26
1 52
1 161
2 3
2 4
2 7
2 9
2 12
2 147
3 4
3 8
3 11
3 180
4 7
4 10
4 36
4 60
5 6
5 13
5 25
5 121
6 38
6 46
6 54
6 117
7 22
7 32
7 47
8 17
8 48
8 115
8 173
9 49
9 146
9 147
10 40
10 97
10 125
11 14
11 23
11 82
11 94
11 123
11 131
12 21
12 24
12 28
12 29
12 37
12 84
12 116
13 33
13 56
13 59
13 129
14 20
14 43
14 70
14 77
14 149
15 32
15 47
15 80
15 104
15 185
15 186
16 27
16 58
17 36
17 174
18 19
18 33
18 93
18 127
19 24
19 42
19 58
19 152
20 44
20 61
20 63
20 69
20 147
21 104
21 115
22 83
22 99
22 146
22 155
23 30
23 39
23 41
23 78
23 112
24 70
25 35
25 79
25 81
26 31
26 54
26 133
26 143
26 186
27 44
27 65
27 165
28 34
28 105
28 120
28 158
29 57
29 86
29 126
29 160
30 51
30 88
30 128
31 39
31 169
32 48
32 162
33 44
33 121
33 166
34 59
34 64
34 74
34 82
35 45
35 60
35 72
35 81
35 126
36 84
36 141
36 177
36 182
37 70
37 73
38 76
38 181
39 50
39 126
39 140
40 64
41 76
41 110
41 144
41 163
42 50
42 66
42 103
42 105
43 50
43 99
43 130
43 149
44 54
44 90
44 94
44 109
44 184
45 48
45 56
45 111
45 171
45 176
45 182
46 70
46 123
46 187
47 81
47 119
48 55
48 142
48 170
49 74
49 85
49 93
49 119
49 177
50 72
50 87
50 105
51 62
51 87
51 164
51 169
52 59
52 124
52 137
53 56
53 86
53 87
53 91
53 101
54 91
54 130
54 138
55 62
55 68
55 109
55 120
55 136
55 157
55 182
56 82
56 112
56 140
56 148
56 152
57 93
57 95
57 114
57 127
57 134
58 118
58 129
58 157
59 67
59 96
60 187
61 75
61 98
61 143
61 176
62 138
62 154
62 158
63 109
65 107
66 71
66 104
67 100
67 131
67 155
67 178
68 137
68 177
69 95
69 98
69 108
69 166
69 167
70 90
70 111
70 161
71 101
71 102
71 117
71 129
72 103
73 150
74 85
74 155
75 119
75 135
75 146
76 156
77 83
77 105
77 106
77 117
77 163
78 122
78 144
78 168
79 92
79 105
79 121
79 145
80 94
80 154
80 159
80 168
81 111
83 180
84 100
84 108
84 114
85 168
86 92
86 98
86 175
86 176
87 113
87 122
88 89
88 102
88 123
89 99
89 184
91 115
91 132
92 177
94 99
94 172
95 128
95 139
95 142
95 174
95 183
96 153
96 175
97 98
97 106
97 118
98 143
98 156
99 153
100 135
101 179
102 107
102 167
103 133
103 150
103 155
103 163
104 124
104 165
106 107
106 179
108 168
109 130
109 138
109 157
109 174
110 111
110 152
111 129
111 130
112 121
112 161
113 125
113 144
113 151
113 156
114 167
115 179
116 157
116 160
117 179
117 180
118 150
119 133
120 136
121 145
121 149
121 159
122 132
122 135
122 184
123 143
123 183
124 131
124 151
124 161
125 142
126 136
127 136
127 160
129 141
129 151
130 166
131 147
132 176
133 134
133 169
135 179
137 139
137 145
137 169
138 151
142 179
144 151
146 181
146 186
148 163
148 182
149 170
150 156
155 184
158 163
158 183
159 182
160 171
160 173
161 175
162 167
162 178
164 167
164 172
164 184
168 186
169 175
170 171
171 177
171 185
179 183
