180
0 1
0 14
0 25
0 38
1 2
1 3
1 4
1 7
1 30
1 33
1 70
1 74
1 93
1 99
1 140
1 142
2 5
2 15
2 18
2 22
2 91
2 157
3 6
3 15
3 19
3 29
3 35
3 39
3 41
3 88
4 20
4 155
5 26
5 100
5 104
5 137
6 9
6 149
6 178
7 8
7 10
7 16
7 17
7 59
7 119
8 11
8 12
8 32
8 99
9 139
10 27
10 47
10 73
10 114
11 110
11 113
12 13
12 23
12 49
12 117
12 138
13 65
13 167
14 21
14 34
14 117
14 132
14 175
15 44
15 164
16 27
16 175
17 43
17 110
17 151
18 24
18 98
19 67
19 74
19 99
19 170
20 46
20 58
20 68
20 111
20 170
21 37
21 116
21 159
22 25
22 28
22 173
23 31
23 57
23 71
23 143
24 42
24 176
25 140
26 46
26 60
28 36
28 86
28 107
29 56
29 63
29 81
29 118
29 140
30 40
30 53
30 139
31 43
31 121
31 123
31 128
31 146
32 52
32 54
32 55
33 61
33 107
34 84
34 94
34 120
35 87
35 124
36 45
36 95
36 130
36 160
37 50
37 51
37 62
37 128
37 129
37 173
38 64
38 92
38 112
38 120
39 79
39 92
40 61
40 126
41 51
41 89
41 109
42 48
42 77
44 156
44 163
45 106
45 108
45 133
46 121
47 51
47 82
48 109
48 119
48 125
49 55
49 78
49 83
49 97
50 58
50 103
50 143
50 149
52 115
52 168
53 73
53 148
54 112
55 64
55 65
56 161
57 101
57 104
57 167
57 178
58 82
58 110
59 72
60 66
60 126
61 76
62 83
62 165
63 94
63 105
64 165
64 169
65 96
66 69
66 114
66 144
68 77
68 94
68 103
68 159
69 155
69 177
70 75
70 79
70 85
70 154
71 141
71 173
73 86
73 142
74 135
75 90
76 105
77 80
77 144
77 172
78 83
78 88
78 97
80 96
80 163
81 123
81 160
81 164
81 169
82 116
84 108
86 116
86 124
86 130
86 150
87 109
87 134
89 94
89 102
89 113
89 174
90 99
90 107
90 143
90 153
90 167
92 105
92 114
93 127
95 102
95 133
96 122
97 143
98 105
100 111
100 132
100 151
102 157
102 162
103 174
104 108
104 172
106 138
106 150
107 111
108 123
110 139
112 175
113 146
114 134
115 130
115 153
116 169
116 175
117 129
117 170
118 125
119 131
119 150
121 176
122 152
123 156
124 161
125 132
126 147
126 166
126 179
129 157
129 176
130 136
131 135
131 155
133 138
133 145
135 145
135 177
135 178
138 146
140 169
141 150
142 158
144 152
144 159
145 160
148 153
151 164
153 177
154 164
154 168
155 171
156 166
158 161
158 176
167 171
