180
0 1
0 2
0 5
0 15
0 37
0 53
0 93
0 114
0 135
0 149
0 154
1 16
1 18
1 21
1 24
1 26
1 52
2 3
2 4
2 7
2 9
2 12
2 147
3 8
3 10
3 11
3 177
4 10
4 36
4 60
5 6
5 13
5 25
5 121
6 38
6 46
6 50
6 54
6 117
7 13
7 22
7 47
7 154
8 17
8 115
9 19
9 49
9 146
10 40
10 97
10 125
11 14
11 23
11 94
11 131
12 21
12 24
12 28
12 29
12 37
12 84
12 116
13 46
13 129
13 147
14 20
14 43
14 77
15 32
15 62
15 80
16 27
16 32
17 22
17 90
17 101
18 19
18 33
19 42
19 47
19 58
19 148
20 61
20 63
20 69
20 70
20 107
20 119
21 146
21 166
21 167
22 93
23 30
23 39
23 41
23 78
23 81
25 35
25 36
25 73
25 79
25 81
25 145
26 31
27 44
27 60
27 65
27 165
28 34
28 120
28 128
28 155
29 57
29 86
29 160
30 51
30 88
30 121
30 128
30 174
31 42
31 77
31 127
32 48
32 162
33 101
33 151
33 169
34 74
34 82
34 179
35 45
35 72
35 126
36 42
36 74
36 159
37 56
37 73
37 133
38 76
38 106
38 119
38 135
38 166
38 169
39 50
39 66
39 81
39 90
39 140
40 56
40 64
40 106
40 108
41 110
41 163
42 66
43 61
43 93
43 99
43 130
43 149
43 179
44 54
44 90
44 126
44 130
45 111
45 166
45 171
46 70
47 91
47 170
47 175
48 55
48 133
48 142
48 170
49 93
49 119
49 145
49 160
50 98
51 62
51 87
51 90
51 91
51 164
52 59
52 112
52 124
52 137
53 56
53 91
53 101
53 103
53 179
54 96
55 68
55 71
55 97
55 104
55 140
55 154
56 91
56 112
56 131
56 148
57 95
57 127
57 134
58 92
58 100
58 118
58 155
58 157
59 60
59 67
59 89
59 96
59 123
59 154
60 85
60 99
60 115
61 74
61 75
61 96
61 127
62 138
62 158
63 75
63 109
64 168
65 94
65 116
65 175
66 71
66 104
66 108
67 86
67 114
67 163
68 177
69 90
69 136
69 166
70 111
70 159
71 94
71 104
71 114
71 120
71 126
72 103
72 131
73 94
73 127
73 150
74 85
74 108
74 155
75 106
75 139
76 83
76 112
76 113
76 156
76 162
77 83
77 106
77 168
78 144
79 92
79 105
79 145
80 154
80 159
81 168
82 120
83 99
84 100
84 108
84 114
84 150
85 105
86 98
86 176
87 113
87 122
87 125
87 170
88 89
88 102
88 123
88 175
89 153
90 92
91 132
91 173
92 101
93 125
94 105
95 98
95 139
98 117
98 143
98 144
98 152
98 165
99 136
99 153
99 157
100 135
100 177
101 102
102 107
102 110
102 164
103 133
103 150
104 132
104 158
105 160
106 109
106 132
107 119
107 125
107 158
107 161
107 165
108 168
109 174
110 152
110 156
110 171
111 161
111 175
112 167
112 176
112 178
114 157
114 167
115 158
116 138
117 121
118 171
118 179
119 142
119 169
120 136
120 144
121 149
121 160
122 172
123 144
124 151
124 161
125 143
125 165
126 137
126 174
129 130
129 141
129 153
130 150
131 147
131 159
132 153
133 137
133 169
134 147
136 171
137 162
141 164
141 166
142 165
142 173
142 179
146 155
150 153
154 161
155 167
155 176
157 176
160 173
161 167
162 178
164 172
166 174
168 178
169 175
173 177
