180
0 1
0 2
0 8
0 39
0 53
0 91
1 3
1 4
1 34
1 45
1 64
1 73
1 107
1 165
1 167
1 170
2 6
2 11
2 102
3 7
3 64
3 77
3 98
4 5
4 9
4 15
4 49
4 120
5 14
5 16
5 21
5 36
5 89
5 97
5 175
6 10
6 13
6 18
6 29
6 65
6 163
7 56
7 84
7 129
7 132
7 140
8 43
8 67
8 116
9 12
9 41
9 80
9 99
10 19
10 23
10 26
10 44
10 73
10 101
10 121
10 162
11 20
11 89
11 146
12 17
12 24
12 27
12 28
12 40
12 43
12 59
13 22
13 27
13 38
13 174
14 16
14 58
14 76
15 138
16 147
17 24
17 29
17 30
17 33
17 50
17 70
17 71
17 132
18 25
18 119
18 131
19 55
19 99
20 152
21 96
22 41
22 129
23 31
23 46
23 72
23 86
24 76
24 134
25 26
25 35
25 42
25 169
26 101
26 105
26 107
27 134
27 136
27 142
28 52
28 166
28 171
30 32
30 47
30 164
31 132
32 60
32 87
32 156
32 173
33 113
33 173
34 65
34 88
34 114
35 37
35 109
35 168
36 63
36 83
37 74
37 137
37 177
38 69
38 81
38 93
39 51
40 102
41 117
41 155
42 54
42 57
42 93
42 134
42 138
43 76
43 92
43 149
44 108
45 58
45 97
45 147
45 160
46 78
46 95
47 48
47 57
47 63
47 92
48 68
49 61
50 100
50 158
51 62
51 94
52 56
52 82
52 98
53 135
54 75
55 102
55 112
55 143
55 172
56 111
56 126
57 74
57 90
57 123
57 126
57 139
58 170
59 103
60 105
61 73
61 171
61 174
62 77
62 119
63 135
63 164
64 66
64 145
65 130
65 152
65 155
66 108
66 123
66 166
66 174
67 85
68 110
68 125
68 154
68 173
69 112
69 119
69 162
69 173
70 136
70 157
71 125
71 143
71 144
71 146
71 159
72 118
72 127
72 129
72 177
73 79
73 82
74 166
75 141
76 158
77 85
77 109
77 155
78 151
78 159
78 178
79 136
79 158
79 172
80 145
80 160
80 169
81 144
82 139
82 148
84 177
85 95
86 106
86 133
87 88
87 112
87 120
87 170
87 179
88 117
88 123
89 98
89 121
90 142
91 123
91 179
92 110
94 104
94 111
95 127
95 136
95 145
99 112
99 141
99 168
100 170
100 177
101 115
102 114
104 110
104 113
105 124
105 150
106 122
106 126
106 156
106 172
107 134
108 151
109 115
110 150
111 116
111 157
111 158
113 141
115 140
115 151
116 138
120 143
121 135
121 148
122 145
126 176
127 128
129 161
130 140
131 132
132 178
133 157
133 164
134 156
134 161
135 139
137 142
138 168
138 169
138 172
140 153
140 160
142 163
148 167
151 163
151 168
154 162
157 169
161 164
162 171
171 176
173 174
