188
0 1
0 8
0 14
0 35
0 48
0 97
0 108
0 118
0 151
1 2
1 7
1 13
1 19
1 23
1 36
1 41
1 75
1 134
1 135
2 3
2 5
2 28
2 57
3 4
3 6
3 11
3 55
3 67
3 165
4 44
4 83
4 134
4 140
4 169
4 174
5 9
5 12
5 15
5 54
5 154
6 10
6 18
6 25
6 33
6 45
6 65
6 183
7 21
7 51
7 133
7 153
8 34
8 46
8 101
8 171
9 16
9 63
9 122
9 163
9 184
10 47
10 65
10 103
10 113
10 133
10 140
10 143
10 181
11 17
11 24
11 31
11 69
11 91
11 132
12 20
12 161
12 179
13 42
13 78
13 91
13 186
14 26
14 165
14 167
15 39
15 90
15 109
16 29
16 82
16 87
16 101
17 27
17 56
17 152
18 79
18 81
19 22
19 30
19 139
20 43
20 91
20 139
21 41
21 65
21 119
21 122
21 185
22 74
22 111
22 127
22 136
23 34
23 75
23 84
23 89
23 137
23 148
23 154
24 68
24 70
24 94
24 144
24 151
25 28
25 37
25 55
25 61
25 85
25 96
25 170
25 180
26 32
26 44
26 67
26 183
27 52
27 157
28 64
28 110
28 128
28 130
29 40
29 119
29 124
29 145
30 53
30 78
30 93
30 129
31 50
32 47
32 54
32 126
32 129
32 186
33 114
33 150
33 187
34 38
34 136
35 44
35 59
35 104
35 107
35 162
36 49
36 53
36 59
36 60
36 73
36 80
36 96
36 100
36 119
36 156
37 98
37 116
37 122
37 131
37 162
38 72
38 99
38 108
38 140
38 143
39 68
39 141
39 160
40 88
40 90
40 95
40 156
40 179
41 56
41 89
41 107
42 49
42 157
42 187
43 58
43 73
43 110
43 166
44 99
44 102
44 107
44 128
44 176
45 50
45 53
45 66
45 71
46 61
46 64
46 124
46 126
47 63
47 76
47 105
47 150
48 83
48 126
48 159
48 182
49 168
49 169
50 65
50 80
50 130
50 136
50 139
51 92
51 112
51 158
51 174
52 100
53 146
53 185
54 77
54 110
54 178
55 85
55 150
55 163
55 178
56 131
57 89
57 92
57 103
57 157
57 165
58 72
58 125
58 126
59 114
59 147
59 157
60 62
60 124
61 64
61 113
61 137
61 151
61 158
61 162
61 175
62 96
62 105
62 116
62 137
62 146
63 83
63 97
63 117
63 162
63 167
64 88
64 99
64 128
64 160
65 103
65 152
66 95
66 96
66 115
66 133
66 134
67 116
67 128
67 171
69 83
69 84
69 111
69 115
69 126
69 152
69 179
70 71
70 72
70 77
71 121
71 142
71 174
71 181
72 169
73 86
73 184
74 88
74 94
74 141
74 146
75 122
75 147
75 159
75 180
76 86
76 132
76 180
77 105
77 168
78 85
79 112
79 121
79 138
79 149
79 182
81 147
82 95
82 145
82 157
85 114
85 170
86 130
86 150
87 93
87 105
87 138
88 95
88 135
89 116
89 175
90 92
90 117
90 124
91 119
91 150
92 95
92 118
93 97
93 113
93 125
93 135
94 120
94 136
96 101
96 109
97 130
97 156
97 161
98 151
99 171
99 174
100 111
101 177
102 106
102 177
103 114
103 115
104 135
104 167
104 172
105 152
106 112
106 176
106 187
107 134
108 125
108 152
108 155
109 170
110 111
110 127
110 168
110 173
111 170
111 182
112 180
114 153
114 160
115 168
116 140
116 164
117 131
117 149
118 142
118 143
118 160
120 123
121 129
122 127
123 138
123 141
123 172
124 146
124 161
127 135
127 149
128 148
130 153
131 144
133 151
133 177
134 144
135 186
136 142
136 156
137 154
137 156
138 140
138 142
141 181
142 187
143 147
143 162
146 155
146 164
148 173
149 153
149 178
153 167
155 161
155 180
160 175
163 170
163 175
163 184
163 186
164 175
165 176
166 168
166 182
167 184
169 178
169 185
171 177
174 182
179 184
185 186
