180
0 1
0 2
0 4
0 6
0 8
0 11
0 14
0 16
0 18
0 21
0 22
0 24
0 25
0 29
0 32
0 33
0 34
0 35
0 36
0 37
0 38
0 40
0 41
0 42
0 43
0 44
0 45
0 46
0 48
0 49
0 50
0 52
0 53
0 54
0 55
0 57
0 58
0 61
0 62
0 63
0 64
0 65
0 68
0 70
0 71
0 72
0 73
0 74
0 75
0 76
0 78
0 80
0 81
0 82
0 84
0 86
0 87
0 88
0 90
0 91
0 92
0 93
0 94
0 95
0 98
0 100
0 102
0 103
0 104
0 105
0 106
0 107
0 108
0 109
0 110
0 113
0 114
0 118
0 120
0 121
0 122
0 124
0 126
0 128
0 129
0 130
0 132
0 133
0 134
0 135
0 137
0 138
0 140
0 141
0 143
0 148
0 153
0 154
0 158
0 160
0 161
0 163
0 164
0 165
0 167
0 172
0 173
0 174
0 176
0 177
0 178
0 179
1 2
1 3
1 4
1 6
1 7
1 10
1 13
1 14
1 16
1 17
1 19
1 21
1 22
1 23
1 24
1 25
1 27
1 29
1 30
1 31
1 32
1 35
1 36
1 37
1 41
1 42
1 44
1 45
1 48
1 51
1 52
1 54
1 55
1 56
1 57
1 60
1 61
1 63
1 64
1 67
1 69
1 72
1 73
1 74
1 76
1 77
1 81
1 83
1 84
1 85
1 88
1 89
1 91
1 92
1 95
1 96
1 97
1 99
1 100
1 105
1 107
1 108
1 109
1 110
1 111
1 116
1 117
1 118
1 119
1 121
1 126
1 128
1 130
1 131
1 133
1 134
1 135
1 136
1 138
1 140
1 143
1 144
1 145
1 148
1 149
1 150
1 152
1 154
1 155
1 158
1 161
1 162
1 163
1 164
1 171
1 173
1 176
1 177
1 179
2 3
2 5
2 6
2 7
2 8
2 13
2 15
2 16
2 17
2 19
2 20
2 21
2 22
2 23
2 24
2 26
2 28
2 29
2 31
2 32
2 34
2 35
2 38
2 40
2 42
2 45
2 46
2 47
2 48
2 49
2 50
2 51
2 52
2 53
2 54
2 56
2 57
2 59
2 60
2 61
2 62
2 63
2 64
2 65
2 66
2 67
2 68
2 69
2 70
2 73
2 74
2 76
2 78
2 79
2 80
2 82
2 84
2 86
2 88
2 89
2 91
2 92
2 93
2 94
2 96
2 97
2 100
2 101
2 102
2 103
2 105
2 106
2 107
2 108
2 110
2 111
2 112
2 113
2 114
2 116
2 117
2 121
2 123
2 124
2 125
2 127
2 128
2 129
2 132
2 133
2 135
2 137
2 138
2 139
2 140
2 141
2 142
2 143
2 144
2 147
2 150
2 152
2 154
2 156
2 158
2 159
2 160
2 161
2 162
2 165
2 166
2 171
2 175
2 179
3 4
3 6
3 8
3 9
3 10
3 11
3 12
3 13
3 14
3 18
3 19
3 20
3 21
3 22
3 24
3 26
3 27
3 28
3 29
3 30
3 31
3 34
3 35
3 36
3 38
3 40
3 41
3 42
3 43
3 44
3 45
3 47
3 48
3 50
3 52
3 54
3 55
3 56
3 57
3 58
3 59
3 60
3 61
3 63
3 64
3 65
3 66
3 68
3 69
3 72
3 76
3 78
3 79
3 81
3 83
3 84
3 88
3 90
3 92
3 93
3 95
3 96
3 98
3 99
3 100
3 102
3 104
3 106
3 107
3 108
3 110
3 111
3 112
3 116
3 117
3 130
3 134
3 135
3 137
3 138
3 139
3 140
3 141
3 142
3 145
3 146
3 147
3 152
3 153
3 154
3 156
3 157
3 161
3 163
3 165
3 166
3 167
3 172
3 174
3 175
3 176
3 177
3 178
3 179
4 5
4 6
4 7
4 9
4 10
4 11
4 12
4 13
4 14
4 16
4 17
4 18
4 20
4 22
4 23
4 24
4 25
4 26
4 27
4 28
4 29
4 31
4 32
4 35
4 37
4 39
4 40
4 41
4 42
4 43
4 44
4 45
4 47
4 49
4 51
4 52
4 53
4 55
4 56
4 57
4 58
4 60
4 62
4 64
4 66
4 68
4 69
4 71
4 72
4 73
4 74
4 75
4 77
4 78
4 80
4 83
4 87
4 88
4 89
4 92
4 94
4 96
4 101
4 102
4 103
4 107
4 108
4 111
4 112
4 113
4 115
4 117
4 118
4 125
4 126
4 127
4 130
4 131
4 135
4 136
4 137
4 143
4 145
4 146
4 149
4 150
4 151
4 152
4 153
4 155
4 156
4 158
4 160
4 161
4 163
4 164
4 165
4 166
4 167
4 168
4 172
4 173
4 176
4 179
5 6
5 8
5 9
5 10
5 11
5 12
5 13
5 14
5 15
5 21
5 24
5 25
5 26
5 27
5 30
5 32
5 33
5 34
5 38
5 39
5 42
5 43
5 44
5 46
5 48
5 52
5 53
5 54
5 55
5 57
5 59
5 60
5 62
5 66
5 68
5 70
5 71
5 72
5 73
5 75
5 77
5 78
5 80
5 81
5 82
5 83
5 84
5 85
5 86
5 87
5 88
5 89
5 95
5 97
5 100
5 101
5 102
5 105
5 106
5 107
5 108
5 109
5 115
5 117
5 118
5 120
5 121
5 122
5 123
5 125
5 127
5 129
5 134
5 136
5 138
5 141
5 145
5 146
5 147
5 148
5 154
5 155
5 156
5 157
5 158
5 160
5 164
5 166
5 168
5 172
5 174
5 176
5 177
5 178
6 7
6 8
6 9
6 10
6 11
6 12
6 13
6 14
6 15
6 16
6 17
6 18
6 21
6 24
6 25
6 26
6 27
6 28
6 29
6 30
6 31
6 32
6 33
6 34
6 39
6 41
6 42
6 45
6 46
6 47
6 49
6 51
6 52
6 54
6 55
6 58
6 59
6 60
6 61
6 62
6 64
6 67
6 69
6 71
6 75
6 77
6 79
6 80
6 81
6 83
6 84
6 85
6 86
6 87
6 88
6 97
6 98
6 103
6 105
6 109
6 112
6 113
6 114
6 115
6 116
6 119
6 120
6 124
6 125
6 126
6 128
6 129
6 131
6 132
6 139
6 140
6 142
6 143
6 144
6 146
6 148
6 155
6 156
6 157
6 159
6 161
6 162
6 163
6 166
6 167
6 170
6 173
6 178
7 8
7 9
7 10
7 13
7 14
7 15
7 16
7 17
7 19
7 21
7 22
7 25
7 26
7 27
7 29
7 32
7 33
7 36
7 38
7 40
7 41
7 44
7 47
7 50
7 51
7 52
7 53
7 55
7 58
7 60
7 61
7 63
7 64
7 65
7 66
7 67
7 70
7 71
7 75
7 78
7 79
7 80
7 83
7 89
7 91
7 93
7 94
7 95
7 97
7 98
7 101
7 102
7 108
7 111
7 112
7 113
7 115
7 116
7 118
7 119
7 122
7 123
7 124
7 126
7 127
7 128
7 129
7 133
7 135
7 136
7 142
7 145
7 146
7 147
7 148
7 149
7 150
7 151
7 152
7 153
7 154
7 156
7 157
7 158
7 159
7 160
7 163
7 164
7 170
7 171
7 173
7 174
7 175
7 177
7 179
8 11
8 13
8 14
8 17
8 18
8 19
8 22
8 24
8 25
8 26
8 28
8 29
8 31
8 32
8 33
8 34
8 37
8 38
8 39
8 40
8 41
8 42
8 43
8 44
8 45
8 46
8 47
8 48
8 49
8 50
8 51
8 55
8 56
8 58
8 59
8 60
8 61
8 62
8 67
8 68
8 69
8 71
8 72
8 73
8 74
8 78
8 79
8 81
8 82
8 83
8 86
8 87
8 88
8 89
8 90
8 91
8 92
8 95
8 96
8 98
8 99
8 100
8 101
8 103
8 109
8 110
8 112
8 116
8 117
8 119
8 120
8 125
8 126
8 131
8 132
8 134
8 135
8 136
8 137
8 138
8 140
8 142
8 144
8 146
8 147
8 148
8 149
8 150
8 155
8 158
8 160
8 163
8 165
8 166
8 167
8 168
8 169
8 171
8 179
9 10
9 11
9 12
9 14
9 15
9 16
9 17
9 19
9 20
9 21
9 23
9 24
9 25
9 27
9 29
9 30
9 31
9 33
9 34
9 35
9 36
9 37
9 40
9 42
9 43
9 45
9 46
9 47
9 48
9 50
9 51
9 53
9 54
9 55
9 56
9 58
9 60
9 62
9 63
9 65
9 66
9 69
9 71
9 72
9 75
9 77
9 78
9 80
9 85
9 87
9 88
9 91
9 94
9 95
9 96
9 98
9 100
9 104
9 105
9 106
9 107
9 108
9 110
9 113
9 117
9 119
9 121
9 122
9 124
9 125
9 126
9 127
9 128
9 129
9 130
9 131
9 134
9 135
9 137
9 138
9 139
9 141
9 143
9 146
9 148
9 152
9 153
9 155
9 157
9 158
9 159
9 160
9 164
9 168
9 169
9 171
9 172
9 173
9 175
9 176
9 177
9 178
10 11
10 12
10 13
10 15
10 17
10 21
10 22
10 23
10 26
10 27
10 28
10 29
10 31
10 32
10 33
10 34
10 35
10 36
10 37
10 39
10 40
10 42
10 43
10 44
10 45
10 47
10 48
10 49
10 50
10 53
10 55
10 56
10 57
10 58
10 59
10 60
10 61
10 62
10 63
10 64
10 69
10 71
10 74
10 75
10 82
10 83
10 85
10 87
10 88
10 93
10 94
10 95
10 96
10 100
10 101
10 102
10 103
10 104
10 105
10 106
10 108
10 109
10 111
10 112
10 113
10 114
10 115
10 116
10 118
10 119
10 120
10 124
10 125
10 127
10 129
10 131
10 132
10 133
10 134
10 135
10 136
10 141
10 143
10 145
10 147
10 148
10 149
10 150
10 151
10 154
10 155
10 156
10 161
10 162
10 164
10 168
10 170
10 173
10 174
10 175
10 176
10 177
11 13
11 14
11 15
11 17
11 18
11 19
11 20
11 21
11 24
11 25
11 26
11 27
11 28
11 29
11 30
11 31
11 32
11 35
11 36
11 38
11 39
11 41
11 42
11 43
11 44
11 45
11 46
11 47
11 48
11 49
11 51
11 52
11 53
11 54
11 55
11 57
11 59
11 60
11 61
11 62
11 64
11 67
11 68
11 69
11 71
11 73
11 76
11 77
11 81
11 82
11 85
11 86
11 87
11 89
11 90
11 91
11 92
11 95
11 96
11 98
11 99
11 103
11 104
11 105
11 106
11 107
11 108
11 110
11 112
11 113
11 115
11 116
11 119
11 122
11 123
11 124
11 126
11 127
11 130
11 131
11 132
11 136
11 139
11 140
11 141
11 142
11 143
11 146
11 148
11 149
11 151
11 152
11 154
11 155
11 157
11 158
11 159
11 160
11 161
11 164
11 167
11 168
11 169
11 170
11 173
11 175
11 179
12 13
12 14
12 16
12 18
12 19
12 20
12 22
12 25
12 26
12 27
12 28
12 29
12 30
12 32
12 34
12 35
12 36
12 37
12 38
12 40
12 43
12 47
12 48
12 51
12 52
12 54
12 56
12 57
12 58
12 59
12 63
12 64
12 67
12 68
12 69
12 73
12 74
12 76
12 79
12 86
12 93
12 95
12 98
12 99
12 100
12 101
12 102
12 105
12 107
12 108
12 109
12 110
12 113
12 114
12 115
12 116
12 118
12 121
12 124
12 125
12 128
12 130
12 131
12 134
12 139
12 141
12 142
12 143
12 144
12 147
12 148
12 149
12 150
12 152
12 154
12 155
12 157
12 160
12 161
12 162
12 163
12 164
12 165
12 167
12 168
12 169
12 170
12 171
12 173
12 175
12 179
13 17
13 19
13 20
13 21
13 23
13 27
13 29
13 31
13 32
13 33
13 34
13 38
13 39
13 40
13 41
13 42
13 44
13 45
13 46
13 47
13 49
13 50
13 52
13 53
13 57
13 58
13 59
13 60
13 62
13 64
13 65
13 66
13 67
13 69
13 70
13 71
13 72
13 73
13 74
13 75
13 76
13 77
13 78
13 79
13 80
13 81
13 82
13 84
13 89
13 90
13 91
13 92
13 96
13 97
13 98
13 99
13 101
13 102
13 105
13 107
13 111
13 112
13 113
13 116
13 119
13 123
13 124
13 125
13 126
13 128
13 131
13 132
13 136
13 137
13 139
13 140
13 142
13 144
13 145
13 147
13 149
13 150
13 151
13 153
13 155
13 157
13 165
13 167
13 170
13 171
13 174
13 176
13 177
13 178
13 179
14 16
14 17
14 18
14 20
14 22
14 23
14 24
14 25
14 26
14 29
14 31
14 32
14 34
14 37
14 41
14 42
14 44
14 46
14 48
14 49
14 51
14 52
14 53
14 54
14 55
14 57
14 58
14 59
14 62
14 65
14 67
14 70
14 72
14 75
14 77
14 78
14 79
14 80
14 81
14 86
14 87
14 88
14 89
14 93
14 94
14 95
14 96
14 97
14 101
14 103
14 106
14 109
14 111
14 114
14 115
14 116
14 118
14 123
14 125
14 126
14 127
14 128
14 129
14 132
14 134
14 135
14 136
14 137
14 138
14 140
14 141
14 142
14 143
14 144
14 147
14 148
14 150
14 151
14 152
14 157
14 158
14 159
14 160
14 164
14 166
14 167
14 168
14 170
14 171
14 174
14 178
15 16
15 17
15 18
15 19
15 21
15 23
15 25
15 27
15 28
15 29
15 30
15 33
15 37
15 38
15 39
15 40
15 41
15 42
15 45
15 46
15 47
15 50
15 53
15 55
15 56
15 57
15 58
15 59
15 61
15 64
15 67
15 68
15 69
15 71
15 74
15 75
15 77
15 80
15 81
15 82
15 83
15 85
15 86
15 87
15 88
15 89
15 90
15 94
15 95
15 96
15 99
15 102
15 105
15 106
15 107
15 108
15 109
15 111
15 112
15 115
15 116
15 119
15 120
15 121
15 122
15 124
15 125
15 126
15 128
15 129
15 131
15 132
15 133
15 138
15 139
15 140
15 141
15 142
15 143
15 146
15 148
15 149
15 150
15 153
15 155
15 156
15 157
15 159
15 160
15 162
15 163
15 169
15 170
15 172
15 173
15 175
15 177
15 178
15 179
16 18
16 19
16 20
16 21
16 22
16 23
16 24
16 25
16 28
16 29
16 31
16 33
16 34
16 35
16 38
16 43
16 44
16 45
16 46
16 48
16 50
16 51
16 53
16 54
16 57
16 58
16 60
16 62
16 63
16 65
16 66
16 67
16 69
16 70
16 73
16 75
16 77
16 80
16 81
16 82
16 83
16 84
16 85
16 86
16 87
16 88
16 89
16 92
16 93
16 94
16 97
16 98
16 99
16 100
16 102
16 105
16 107
16 108
16 109
16 110
16 111
16 112
16 113
16 115
16 117
16 118
16 120
16 121
16 122
16 125
16 128
16 133
16 134
16 135
16 138
16 142
16 146
16 148
16 151
16 152
16 156
16 157
16 158
16 163
16 164
16 165
16 167
16 168
16 169
16 170
16 171
16 175
16 176
16 178
16 179
17 18
17 21
17 23
17 24
17 26
17 27
17 28
17 29
17 31
17 32
17 36
17 38
17 39
17 40
17 41
17 42
17 43
17 45
17 46
17 47
17 49
17 51
17 52
17 56
17 57
17 58
17 60
17 61
17 64
17 65
17 67
17 68
17 70
17 72
17 73
17 74
17 76
17 77
17 79
17 81
17 82
17 85
17 87
17 88
17 89
17 90
17 91
17 95
17 96
17 97
17 98
17 99
17 101
17 102
17 103
17 105
17 106
17 107
17 108
17 111
17 114
17 115
17 116
17 118
17 119
17 120
17 122
17 123
17 124
17 125
17 127
17 129
17 131
17 134
17 135
17 139
17 143
17 145
17 146
17 147
17 148
17 149
17 152
17 153
17 154
17 156
17 157
17 158
17 161
17 163
17 167
17 168
17 169
17 170
17 171
17 172
17 173
17 174
17 177
17 178
18 19
18 21
18 22
18 23
18 24
18 26
18 29
18 30
18 31
18 32
18 33
18 35
18 36
18 38
18 41
18 43
18 45
18 46
18 47
18 49
18 50
18 52
18 53
18 55
18 58
18 60
18 61
18 68
18 69
18 70
18 72
18 73
18 74
18 76
18 77
18 79
18 80
18 81
18 83
18 84
18 86
18 87
18 90
18 94
18 101
18 102
18 103
18 106
18 107
18 111
18 113
18 114
18 115
18 116
18 121
18 122
18 123
18 126
18 128
18 130
18 131
18 133
18 135
18 136
18 140
18 142
18 143
18 144
18 146
18 149
18 154
18 157
18 158
18 159
18 161
18 164
18 165
18 169
18 171
18 172
18 179
19 20
19 21
19 22
19 24
19 25
19 27
19 28
19 30
19 31
19 32
19 33
19 35
19 36
19 37
19 39
19 40
19 41
19 42
19 46
19 48
19 49
19 52
19 55
19 56
19 57
19 58
19 59
19 60
19 62
19 63
19 65
19 66
19 67
19 68
19 69
19 72
19 75
19 76
19 78
19 79
19 80
19 81
19 83
19 84
19 85
19 86
19 87
19 88
19 89
19 90
19 91
19 92
19 94
19 95
19 96
19 97
19 99
19 100
19 101
19 102
19 104
19 105
19 107
19 108
19 109
19 110
19 113
19 117
19 118
19 119
19 120
19 123
19 126
19 127
19 128
19 130
19 134
19 135
19 136
19 138
19 139
19 143
19 144
19 145
19 146
19 147
19 148
19 149
19 150
19 152
19 153
19 154
19 155
19 157
19 163
19 165
19 167
19 168
19 173
19 174
19 175
19 179
20 21
20 23
20 24
20 26
20 27
20 29
20 31
20 32
20 33
20 34
20 35
20 36
20 37
20 40
20 42
20 43
20 45
20 46
20 51
20 52
20 53
20 54
20 56
20 58
20 59
20 62
20 65
20 66
20 67
20 70
20 72
20 74
20 75
20 78
20 81
20 82
20 85
20 86
20 88
20 89
20 92
20 93
20 94
20 96
20 97
20 98
20 99
20 100
20 101
20 104
20 109
20 110
20 111
20 113
20 119
20 120
20 122
20 123
20 126
20 127
20 129
20 132
20 133
20 135
20 139
20 141
20 142
20 143
20 146
20 147
20 149
20 152
20 156
20 157
20 158
20 161
20 163
20 164
20 166
20 168
20 170
20 172
20 175
20 176
20 177
20 178
20 179
21 22
21 23
21 26
21 28
21 30
21 32
21 33
21 34
21 35
21 37
21 39
21 40
21 41
21 42
21 43
21 44
21 45
21 46
21 48
21 50
21 54
21 58
21 61
21 63
21 64
21 65
21 66
21 67
21 69
21 71
21 72
21 74
21 76
21 78
21 79
21 80
21 82
21 83
21 86
21 87
21 90
21 91
21 92
21 94
21 95
21 98
21 101
21 102
21 103
21 104
21 105
21 108
21 110
21 111
21 113
21 115
21 116
21 117
21 118
21 119
21 120
21 122
21 123
21 124
21 127
21 128
21 129
21 135
21 141
21 143
21 144
21 145
21 147
21 149
21 150
21 152
21 153
21 157
21 160
21 161
21 162
21 165
21 168
21 169
21 172
21 175
21 176
22 24
22 25
22 26
22 33
22 34
22 35
22 36
22 38
22 39
22 41
22 42
22 43
22 45
22 47
22 48
22 49
22 50
22 52
22 53
22 55
22 56
22 58
22 59
22 60
22 61
22 63
22 64
22 67
22 69
22 70
22 71
22 72
22 73
22 74
22 76
22 77
22 78
22 80
22 82
22 84
22 86
22 88
22 89
22 91
22 93
22 97
22 99
22 102
22 110
22 111
22 112
22 113
22 117
22 118
22 121
22 122
22 124
22 125
22 132
22 135
22 136
22 137
22 138
22 139
22 140
22 142
22 143
22 144
22 146
22 147
22 148
22 154
22 155
22 157
22 158
22 159
22 160
22 162
22 165
22 168
22 177
22 179
23 27
23 28
23 31
23 33
23 34
23 39
23 40
23 42
23 44
23 45
23 48
23 51
23 52
23 54
23 55
23 56
23 57
23 58
23 59
23 60
23 61
23 62
23 63
23 64
23 65
23 67
23 68
23 70
23 72
23 73
23 74
23 75
23 79
23 80
23 81
23 83
23 84
23 87
23 88
23 89
23 90
23 93
23 94
23 96
23 97
23 103
23 104
23 106
23 109
23 111
23 113
23 115
23 116
23 122
23 123
23 124
23 126
23 127
23 128
23 130
23 131
23 132
23 134
23 136
23 137
23 138
23 139
23 141
23 142
23 144
23 148
23 152
23 154
23 155
23 159
23 160
23 161
23 162
23 163
23 166
23 170
23 171
23 174
23 177
23 178
23 179
24 25
24 27
24 29
24 30
24 31
24 32
24 33
24 34
24 35
24 36
24 37
24 41
24 43
24 45
24 47
24 48
24 49
24 50
24 53
24 54
24 55
24 56
24 57
24 58
24 61
24 62
24 64
24 68
24 70
24 73
24 74
24 77
24 79
24 84
24 85
24 87
24 88
24 93
24 94
24 95
24 96
24 97
24 99
24 102
24 104
24 105
24 108
24 109
24 110
24 114
24 115
24 117
24 121
24 122
24 123
24 124
24 126
24 129
24 132
24 133
24 136
24 138
24 139
24 140
24 144
24 145
24 148
24 151
24 152
24 153
24 154
24 159
24 165
24 168
24 172
24 173
24 174
25 27
25 28
25 29
25 30
25 31
25 32
25 33
25 34
25 35
25 36
25 37
25 38
25 39
25 41
25 42
25 43
25 45
25 49
25 50
25 51
25 52
25 54
25 55
25 57
25 58
25 61
25 62
25 63
25 64
25 67
25 68
25 70
25 72
25 73
25 75
25 78
25 81
25 84
25 85
25 87
25 89
25 90
25 91
25 92
25 93
25 94
25 96
25 99
25 100
25 101
25 102
25 103
25 104
25 105
25 106
25 107
25 110
25 111
25 112
25 117
25 118
25 120
25 125
25 126
25 127
25 131
25 136
25 137
25 139
25 141
25 143
25 145
25 146
25 148
25 150
25 151
25 152
25 153
25 158
25 160
25 162
25 163
25 165
25 168
25 169
25 172
25 177
26 27
26 31
26 32
26 33
26 35
26 36
26 37
26 39
26 40
26 41
26 42
26 43
26 44
26 46
26 49
26 50
26 51
26 53
26 54
26 57
26 58
26 61
26 63
26 64
26 65
26 66
26 67
26 68
26 69
26 71
26 72
26 73
26 74
26 75
26 76
26 77
26 78
26 79
26 80
26 81
26 82
26 84
26 85
26 86
26 87
26 89
26 90
26 91
26 93
26 94
26 98
26 99
26 100
26 103
26 104
26 113
26 114
26 117
26 119
26 120
26 123
26 124
26 125
26 126
26 127
26 129
26 130
26 131
26 132
26 133
26 135
26 136
26 137
26 138
26 139
26 143
26 145
26 146
26 149
26 150
26 151
26 152
26 154
26 156
26 157
26 158
26 162
26 163
26 165
26 167
26 168
26 170
26 171
26 173
26 174
26 176
26 179
27 30
27 33
27 35
27 36
27 38
27 39
27 40
27 41
27 42
27 43
27 44
27 46
27 47
27 50
27 52
27 55
27 57
27 58
27 59
27 60
27 61
27 62
27 63
27 64
27 65
27 67
27 70
27 72
27 74
27 75
27 76
27 77
27 79
27 81
27 84
27 85
27 86
27 90
27 91
27 92
27 96
27 100
27 106
27 108
27 109
27 110
27 112
27 115
27 116
27 120
27 121
27 122
27 123
27 124
27 127
27 128
27 129
27 130
27 133
27 134
27 135
27 138
27 140
27 142
27 144
27 146
27 147
27 148
27 149
27 150
27 153
27 156
27 157
27 162
27 163
27 165
27 168
27 169
27 171
27 175
27 177
27 178
28 29
28 33
28 35
28 38
28 39
28 40
28 41
28 42
28 43
28 45
28 46
28 47
28 48
28 49
28 52
28 53
28 55
28 57
28 58
28 59
28 64
28 65
28 67
28 68
28 69
28 70
28 72
28 73
28 74
28 82
28 83
28 84
28 87
28 89
28 91
28 93
28 94
28 97
28 98
28 99
28 100
28 103
28 104
28 105
28 108
28 110
28 111
28 112
28 113
28 115
28 118
28 119
28 124
28 126
28 127
28 128
28 130
28 131
28 132
28 133
28 134
28 136
28 139
28 141
28 143
28 145
28 146
28 147
28 148
28 149
28 153
28 154
28 157
28 161
28 163
28 170
28 171
28 172
28 173
28 174
28 175
28 176
28 178
29 31
29 33
29 34
29 36
29 37
29 38
29 40
29 41
29 44
29 45
29 47
29 48
29 49
29 51
29 53
29 54
29 55
29 56
29 57
29 58
29 61
29 63
29 64
29 65
29 66
29 69
29 70
29 72
29 74
29 75
29 77
29 78
29 79
29 81
29 83
29 84
29 86
29 87
29 89
29 91
29 94
29 95
29 97
29 98
29 99
29 100
29 106
29 108
29 109
29 112
29 113
29 114
29 115
29 119
29 120
29 121
29 122
29 124
29 125
29 131
29 133
29 135
29 137
29 139
29 140
29 146
29 147
29 148
29 151
29 152
29 153
29 156
29 157
29 158
29 161
29 162
29 164
29 166
29 169
29 172
29 176
29 178
30 31
30 32
30 33
30 35
30 36
30 37
30 38
30 42
30 44
30 46
30 47
30 48
30 49
30 50
30 51
30 53
30 54
30 58
30 62
30 63
30 65
30 66
30 68
30 69
30 70
30 71
30 73
30 74
30 75
30 76
30 77
30 79
30 80
30 82
30 83
30 84
30 87
30 88
30 89
30 91
30 92
30 93
30 94
30 95
30 96
30 98
30 101
30 106
30 107
30 109
30 111
30 112
30 116
30 117
30 118
30 120
30 121
30 122
30 124
30 125
30 127
30 128
30 130
30 132
30 134
30 137
30 141
30 142
30 143
30 146
30 148
30 149
30 150
30 151
30 152
30 153
30 154
30 155
30 157
30 160
30 161
30 162
30 163
30 166
30 168
30 169
30 170
30 173
30 174
30 177
31 32
31 34
31 35
31 37
31 39
31 41
31 43
31 44
31 45
31 46
31 49
31 50
31 51
31 52
31 54
31 55
31 57
31 60
31 61
31 62
31 63
31 65
31 67
31 68
31 69
31 70
31 71
31 73
31 77
31 78
31 81
31 84
31 87
31 88
31 89
31 90
31 91
31 95
31 96
31 101
31 103
31 108
31 109
31 111
31 114
31 115
31 119
31 120
31 121
31 125
31 126
31 127
31 135
31 137
31 138
31 139
31 141
31 143
31 147
31 148
31 149
31 151
31 153
31 154
31 155
31 156
31 157
31 158
31 160
31 161
31 163
31 166
31 167
31 170
31 172
31 173
31 177
31 178
32 33
32 35
32 36
32 38
32 39
32 41
32 42
32 43
32 44
32 45
32 47
32 48
32 49
32 51
32 53
32 55
32 56
32 57
32 59
32 60
32 61
32 62
32 63
32 64
32 65
32 66
32 67
32 69
32 76
32 77
32 78
32 79
32 82
32 84
32 86
32 87
32 88
32 91
32 94
32 95
32 97
32 102
32 103
32 106
32 109
32 110
32 113
32 114
32 115
32 117
32 118
32 119
32 120
32 121
32 122
32 123
32 124
32 126
32 128
32 129
32 130
32 131
32 132
32 133
32 135
32 138
32 140
32 141
32 143
32 144
32 145
32 147
32 148
32 153
32 156
32 157
32 159
32 160
32 161
32 166
32 170
32 172
32 173
32 176
32 178
32 179
33 34
33 36
33 37
33 39
33 40
33 43
33 45
33 50
33 55
33 56
33 59
33 60
33 61
33 63
33 64
33 65
33 66
33 69
33 71
33 72
33 75
33 76
33 78
33 80
33 82
33 84
33 85
33 86
33 88
33 93
33 94
33 98
33 99
33 101
33 102
33 103
33 104
33 106
33 112
33 114
33 117
33 120
33 123
33 124
33 125
33 126
33 127
33 129
33 130
33 131
33 133
33 138
33 139
33 140
33 143
33 145
33 146
33 147
33 149
33 150
33 151
33 152
33 153
33 156
33 159
33 160
33 161
33 162
33 165
33 168
33 169
33 171
33 173
33 175
33 176
33 178
34 36
34 37
34 38
34 39
34 41
34 42
34 43
34 44
34 45
34 47
34 49
34 50
34 53
34 55
34 56
34 57
34 59
34 60
34 62
34 63
34 64
34 66
34 67
34 69
34 70
34 72
34 74
34 75
34 78
34 79
34 81
34 83
34 84
34 90
34 92
34 93
34 98
34 102
34 103
34 104
34 108
34 111
34 112
34 114
34 115
34 117
34 122
34 123
34 125
34 126
34 127
34 128
34 129
34 131
34 135
34 136
34 137
34 139
34 141
34 144
34 145
34 149
34 155
34 157
34 158
34 162
34 164
34 166
34 171
34 172
34 174
34 175
34 176
34 177
34 179
35 36
35 37
35 38
35 41
35 42
35 43
35 44
35 46
35 48
35 49
35 56
35 57
35 58
35 59
35 62
35 63
35 64
35 66
35 67
35 71
35 72
35 73
35 77
35 82
35 83
35 84
35 85
35 86
35 87
35 88
35 89
35 90
35 93
35 94
35 98
35 99
35 100
35 101
35 103
35 104
35 105
35 107
35 110
35 112
35 114
35 116
35 118
35 121
35 122
35 123
35 129
35 130
35 131
35 132
35 134
35 136
35 141
35 143
35 144
35 145
35 149
35 151
35 152
35 153
35 154
35 155
35 156
35 157
35 158
35 162
35 166
35 167
35 168
35 172
35 174
35 176
35 177
36 37
36 39
36 40
36 41
36 44
36 45
36 47
36 48
36 49
36 52
36 54
36 58
36 60
36 61
36 62
36 65
36 67
36 70
36 71
36 73
36 74
36 78
36 79
36 80
36 81
36 82
36 83
36 84
36 85
36 88
36 89
36 92
36 94
36 96
36 100
36 101
36 102
36 103
36 104
36 105
36 108
36 110
36 111
36 113
36 116
36 120
36 121
36 122
36 123
36 125
36 130
36 131
36 132
36 133
36 135
36 139
36 141
36 147
36 148
36 149
36 150
36 151
36 153
36 154
36 156
36 159
36 161
36 162
36 164
36 165
36 167
36 168
36 169
36 172
36 174
36 176
36 178
36 179
37 40
37 42
37 43
37 44
37 45
37 47
37 48
37 49
37 50
37 51
37 52
37 54
37 57
37 59
37 60
37 63
37 65
37 66
37 67
37 68
37 70
37 71
37 72
37 74
37 75
37 76
37 77
37 78
37 79
37 80
37 81
37 84
37 85
37 86
37 87
37 90
37 91
37 92
37 93
37 94
37 95
37 96
37 97
37 98
37 99
37 100
37 103
37 108
37 112
37 116
37 118
37 119
37 120
37 123
37 126
37 127
37 130
37 131
37 132
37 133
37 134
37 135
37 136
37 137
37 138
37 140
37 143
37 144
37 145
37 146
37 147
37 148
37 150
37 153
37 157
37 158
37 159
37 160
37 161
37 162
37 164
37 166
37 170
37 171
37 174
37 175
37 177
37 178
38 39
38 41
38 42
38 44
38 49
38 50
38 51
38 54
38 55
38 57
38 60
38 62
38 63
38 66
38 67
38 69
38 74
38 75
38 77
38 78
38 81
38 82
38 85
38 86
38 87
38 88
38 92
38 93
38 94
38 95
38 96
38 98
38 99
38 102
38 103
38 104
38 105
38 107
38 111
38 112
38 114
38 116
38 117
38 118
38 121
38 124
38 125
38 126
38 129
38 131
38 132
38 133
38 134
38 136
38 137
38 138
38 139
38 141
38 143
38 145
38 146
38 148
38 149
38 150
38 153
38 154
38 155
38 156
38 159
38 161
38 162
38 163
38 164
38 166
38 167
38 168
38 169
38 170
38 172
38 176
39 40
39 41
39 42
39 43
39 48
39 49
39 50
39 52
39 53
39 55
39 56
39 57
39 58
39 59
39 60
39 61
39 63
39 64
39 65
39 67
39 70
39 71
39 73
39 74
39 75
39 76
39 77
39 78
39 81
39 83
39 87
39 88
39 91
39 92
39 93
39 96
39 98
39 99
39 101
39 102
39 103
39 104
39 106
39 109
39 110
39 114
39 116
39 118
39 119
39 121
39 123
39 129
39 131
39 132
39 133
39 134
39 137
39 141
39 146
39 148
39 151
39 155
39 157
39 158
39 160
39 161
39 163
39 166
39 168
39 171
39 172
39 173
39 174
39 177
39 179
40 42
40 44
40 45
40 46
40 47
40 48
40 49
40 50
40 52
40 53
40 54
40 55
40 58
40 59
40 60
40 61
40 62
40 63
40 64
40 66
40 69
40 71
40 72
40 73
40 74
40 77
40 85
40 86
40 87
40 88
40 89
40 90
40 91
40 93
40 95
40 101
40 104
40 106
40 107
40 108
40 109
40 110
40 112
40 114
40 116
40 119
40 121
40 123
40 125
40 127
40 128
40 129
40 130
40 132
40 133
40 136
40 137
40 138
40 139
40 142
40 144
40 145
40 146
40 147
40 148
40 150
40 151
40 153
40 157
40 159
40 164
40 165
40 166
40 167
40 168
40 170
40 171
40 172
40 175
40 178
40 179
41 44
41 45
41 47
41 49
41 53
41 55
41 56
41 57
41 59
41 60
41 62
41 63
41 64
41 66
41 68
41 69
41 75
41 76
41 77
41 79
41 80
41 82
41 85
41 86
41 93
41 99
41 100
41 101
41 102
41 103
41 104
41 107
41 108
41 109
41 111
41 112
41 116
41 117
41 119
41 120
41 121
41 122
41 123
41 125
41 127
41 132
41 134
41 136
41 138
41 140
41 142
41 143
41 145
41 146
41 147
41 148
41 153
41 154
41 160
41 161
41 162
41 163
41 164
41 169
41 170
41 172
41 173
41 174
41 176
41 177
41 178
42 44
42 46
42 47
42 48
42 49
42 50
42 51
42 54
42 55
42 56
42 60
42 61
42 63
42 64
42 65
42 66
42 70
42 71
42 73
42 76
42 77
42 78
42 80
42 81
42 85
42 86
42 90
42 91
42 92
42 93
42 97
42 98
42 99
42 100
42 102
42 103
42 105
42 107
42 110
42 112
42 113
42 114
42 116
42 117
42 123
42 124
42 125
42 127
42 128
42 129
42 132
42 133
42 138
42 141
42 150
42 152
42 154
42 155
42 159
42 160
42 161
42 162
42 167
42 168
42 171
42 174
42 175
42 178
43 47
43 48
43 52
43 53
43 54
43 56
43 58
43 60
43 61
43 63
43 64
43 65
43 70
43 71
43 72
43 79
43 89
43 90
43 91
43 92
43 93
43 97
43 98
43 101
43 102
43 104
43 105
43 106
43 107
43 108
43 111
43 114
43 117
43 119
43 120
43 122
43 123
43 124
43 126
43 129
43 132
43 133
43 134
43 139
43 141
43 142
43 143
43 144
43 147
43 149
43 151
43 156
43 157
43 158
43 162
43 163
43 164
43 166
43 167
43 171
43 176
43 177
43 178
43 179
44 45
44 49
44 50
44 51
44 52
44 55
44 56
44 57
44 58
44 59
44 60
44 63
44 64
44 65
44 68
44 70
44 71
44 73
44 75
44 77
44 79
44 80
44 82
44 83
44 84
44 86
44 87
44 88
44 89
44 90
44 91
44 92
44 93
44 94
44 95
44 97
44 99
44 102
44 105
44 106
44 107
44 109
44 111
44 112
44 113
44 115
44 119
44 120
44 121
44 124
44 125
44 126
44 128
44 129
44 130
44 131
44 133
44 138
44 141
44 144
44 145
44 147
44 154
44 156
44 158
44 161
44 166
44 168
44 171
44 176
44 178
44 179
45 46
45 47
45 48
45 50
45 51
45 52
45 53
45 54
45 56
45 57
45 62
45 63
45 65
45 66
45 70
45 71
45 73
45 74
45 76
45 78
45 83
45 88
45 89
45 91
45 94
45 96
45 97
45 98
45 99
45 100
45 101
45 102
45 103
45 105
45 106
45 107
45 113
45 115
45 116
45 119
45 121
45 122
45 123
45 126
45 127
45 129
45 131
45 132
45 134
45 135
45 142
45 145
45 146
45 147
45 151
45 153
45 155
45 157
45 159
45 160
45 163
45 169
45 170
45 171
45 175
45 177
45 178
46 48
46 49
46 50
46 52
46 53
46 54
46 56
46 57
46 60
46 61
46 62
46 68
46 69
46 71
46 73
46 74
46 75
46 76
46 77
46 79
46 80
46 81
46 83
46 87
46 88
46 89
46 90
46 91
46 93
46 96
46 97
46 98
46 99
46 100
46 101
46 104
46 105
46 106
46 109
46 110
46 111
46 114
46 115
46 117
46 119
46 123
46 125
46 126
46 127
46 128
46 129
46 130
46 131
46 132
46 133
46 136
46 138
46 142
46 143
46 144
46 148
46 152
46 154
46 155
46 157
46 159
46 160
46 165
46 166
46 167
46 168
46 170
46 171
46 174
46 176
46 178
47 48
47 49
47 50
47 52
47 54
47 55
47 58
47 60
47 63
47 65
47 66
47 67
47 70
47 73
47 75
47 76
47 77
47 80
47 81
47 83
47 85
47 86
47 90
47 91
47 92
47 93
47 96
47 97
47 100
47 103
47 105
47 107
47 109
47 110
47 111
47 113
47 117
47 118
47 119
47 120
47 121
47 123
47 124
47 127
47 128
47 129
47 131
47 134
47 135
47 136
47 138
47 141
47 143
47 146
47 147
47 150
47 152
47 153
47 155
47 158
47 159
47 162
47 163
47 164
47 167
47 169
47 171
47 173
47 176
47 177
47 179
48 50
48 51
48 52
48 54
48 57
48 61
48 62
48 65
48 66
48 67
48 68
48 69
48 70
48 71
48 72
48 73
48 77
48 79
48 80
48 81
48 84
48 85
48 86
48 87
48 88
48 90
48 91
48 92
48 93
48 97
48 98
48 99
48 104
48 105
48 106
48 107
48 108
48 109
48 110
48 115
48 116
48 117
48 118
48 122
48 123
48 124
48 126
48 129
48 132
48 134
48 137
48 138
48 144
48 145
48 147
48 148
48 150
48 151
48 154
48 156
48 157
48 158
48 159
48 160
48 162
48 166
48 168
48 169
48 170
48 174
48 175
48 177
48 178
49 51
49 53
49 54
49 55
49 56
49 57
49 59
49 60
49 61
49 64
49 67
49 69
49 70
49 71
49 72
49 74
49 75
49 76
49 79
49 85
49 86
49 87
49 88
49 90
49 92
49 95
49 96
49 97
49 98
49 99
49 100
49 101
49 104
49 105
49 106
49 109
49 110
49 112
49 114
49 115
49 116
49 118
49 120
49 121
49 124
49 125
49 126
49 131
49 135
49 136
49 138
49 140
49 142
49 145
49 147
49 148
49 150
49 151
49 152
49 155
49 157
49 159
49 161
49 163
49 167
49 168
49 170
49 171
49 172
49 176
49 177
50 51
50 52
50 54
50 55
50 56
50 58
50 60
50 61
50 63
50 65
50 68
50 72
50 74
50 75
50 76
50 78
50 79
50 80
50 88
50 94
50 96
50 97
50 99
50 100
50 103
50 104
50 105
50 106
50 107
50 108
50 109
50 111
50 113
50 114
50 115
50 120
50 121
50 122
50 123
50 127
50 130
50 131
50 132
50 133
50 135
50 136
50 139
50 141
50 142
50 144
50 149
50 157
50 158
50 162
50 163
50 164
50 165
50 167
50 168
50 170
50 175
50 177
51 52
51 53
51 54
51 56
51 57
51 58
51 60
51 61
51 62
51 63
51 64
51 65
51 68
51 72
51 73
51 74
51 75
51 83
51 84
51 88
51 89
51 90
51 91
51 92
51 93
51 95
51 97
51 100
51 101
51 102
51 103
51 104
51 105
51 107
51 109
51 110
51 112
51 113
51 115
51 117
51 119
51 122
51 123
51 125
51 129
51 131
51 133
51 135
51 137
51 139
51 142
51 147
51 148
51 149
51 150
51 151
51 153
51 155
51 158
51 159
51 160
51 162
51 163
51 168
51 169
51 170
51 173
51 174
51 175
52 54
52 56
52 58
52 60
52 61
52 62
52 64
52 65
52 66
52 67
52 70
52 71
52 74
52 75
52 76
52 81
52 84
52 85
52 86
52 87
52 88
52 89
52 90
52 93
52 94
52 95
52 96
52 98
52 99
52 100
52 105
52 108
52 110
52 111
52 112
52 118
52 120
52 121
52 125
52 126
52 128
52 131
52 134
52 136
52 138
52 140
52 141
52 144
52 145
52 147
52 150
52 151
52 152
52 153
52 154
52 155
52 156
52 158
52 159
52 160
52 161
52 162
52 163
52 165
52 166
52 167
52 169
52 174
52 175
52 178
53 54
53 56
53 57
53 61
53 64
53 65
53 66
53 67
53 70
53 71
53 73
53 74
53 76
53 78
53 79
53 81
53 82
53 83
53 84
53 85
53 86
53 87
53 88
53 91
53 94
53 96
53 97
53 99
53 100
53 104
53 106
53 107
53 114
53 117
53 118
53 119
53 120
53 122
53 124
53 127
53 128
53 129
53 130
53 133
53 134
53 135
53 137
53 138
53 139
53 141
53 143
53 145
53 146
53 147
53 151
53 157
53 159
53 163
53 166
53 167
53 169
53 170
53 171
53 172
53 173
53 176
54 55
54 56
54 58
54 59
54 62
54 63
54 64
54 65
54 68
54 69
54 71
54 73
54 74
54 77
54 78
54 79
54 80
54 81
54 82
54 84
54 85
54 87
54 91
54 94
54 95
54 97
54 98
54 99
54 101
54 102
54 104
54 109
54 110
54 112
54 113
54 114
54 119
54 122
54 125
54 131
54 133
54 135
54 136
54 137
54 138
54 140
54 141
54 143
54 144
54 145
54 147
54 148
54 151
54 152
54 155
54 157
54 158
54 161
54 163
54 165
54 166
54 167
54 169
54 170
54 171
54 172
54 177
55 56
55 57
55 59
55 60
55 62
55 63
55 64
55 66
55 68
55 69
55 70
55 71
55 73
55 76
55 78
55 79
55 81
55 83
55 84
55 87
55 88
55 89
55 90
55 91
55 93
55 97
55 100
55 101
55 103
55 105
55 106
55 107
55 108
55 109
55 110
55 113
55 114
55 115
55 116
55 117
55 120
55 121
55 122
55 123
55 124
55 126
55 128
55 130
55 131
55 132
55 133
55 134
55 135
55 137
55 138
55 142
55 147
55 148
55 149
55 152
55 156
55 161
55 162
55 163
55 169
55 170
55 172
55 175
55 177
55 179
56 57
56 59
56 62
56 64
56 65
56 67
56 70
56 71
56 73
56 74
56 75
56 76
56 77
56 79
56 81
56 82
56 83
56 87
56 88
56 92
56 93
56 97
56 99
56 101
56 102
56 104
56 108
56 112
56 114
56 116
56 117
56 120
56 121
56 123
56 125
56 126
56 127
56 129
56 130
56 131
56 132
56 133
56 134
56 135
56 136
56 140
56 144
56 146
56 150
56 155
56 157
56 158
56 159
56 160
56 161
56 162
56 167
56 168
56 172
56 176
56 177
56 179
57 61
57 63
57 65
57 68
57 70
57 72
57 74
57 76
57 77
57 80
57 82
57 86
57 87
57 89
57 95
57 96
57 100
57 101
57 103
57 104
57 110
57 113
57 114
57 117
57 118
57 123
57 125
57 128
57 132
57 133
57 134
57 135
57 136
57 137
57 138
57 139
57 141
57 144
57 145
57 147
57 149
57 152
57 154
57 157
57 160
57 162
57 163
57 164
57 166
57 167
57 169
57 170
57 172
57 175
57 177
57 179
58 59
58 60
58 61
58 63
58 64
58 66
58 68
58 69
58 70
58 72
58 73
58 74
58 75
58 80
58 81
58 82
58 83
58 84
58 85
58 87
58 90
58 94
58 96
58 98
58 99
58 101
58 102
58 104
58 105
58 110
58 112
58 113
58 114
58 116
58 117
58 119
58 122
58 123
58 125
58 127
58 132
58 133
58 134
58 136
58 137
58 138
58 143
58 144
58 148
58 151
58 153
58 154
58 155
58 156
58 159
58 160
58 163
58 167
58 168
58 169
58 170
58 173
58 175
58 176
59 61
59 62
59 63
59 64
59 65
59 66
59 67
59 72
59 74
59 78
59 80
59 81
59 83
59 84
59 85
59 86
59 87
59 90
59 92
59 94
59 95
59 100
59 102
59 103
59 104
59 105
59 106
59 107
59 108
59 109
59 110
59 117
59 118
59 122
59 123
59 124
59 127
59 131
59 137
59 139
59 140
59 141
59 142
59 145
59 147
59 149
59 158
59 159
59 162
59 163
59 164
59 167
59 168
59 169
59 170
59 171
59 174
59 175
60 62
60 64
60 65
60 66
60 72
60 73
60 76
60 82
60 83
60 86
60 88
60 89
60 90
60 91
60 93
60 94
60 99
60 103
60 104
60 106
60 107
60 108
60 110
60 111
60 113
60 114
60 116
60 117
60 118
60 122
60 124
60 125
60 126
60 127
60 132
60 133
60 141
60 144
60 145
60 148
60 150
60 153
60 159
60 160
60 164
60 166
60 169
60 170
60 172
60 176
60 177
60 179
61 62
61 63
61 66
61 67
61 68
61 70
61 71
61 73
61 75
61 77
61 80
61 81
61 83
61 84
61 85
61 86
61 90
61 92
61 94
61 98
61 99
61 102
61 104
61 106
61 109
61 111
61 114
61 115
61 116
61 119
61 121
61 122
61 127
61 128
61 133
61 134
61 137
61 138
61 140
61 142
61 143
61 144
61 145
61 147
61 148
61 150
61 154
61 155
61 156
61 158
61 165
61 166
61 169
61 170
61 171
61 177
62 63
62 64
62 65
62 70
62 71
62 72
62 73
62 74
62 75
62 78
62 82
62 83
62 85
62 89
62 90
62 91
62 93
62 99
62 100
62 101
62 102
62 103
62 105
62 107
62 108
62 116
62 117
62 118
62 119
62 120
62 122
62 123
62 124
62 129
62 131
62 134
62 136
62 139
62 140
62 145
62 147
62 155
62 158
62 160
62 162
62 163
62 164
62 167
62 172
62 174
62 176
63 65
63 66
63 67
63 68
63 70
63 73
63 77
63 81
63 83
63 84
63 86
63 89
63 92
63 93
63 96
63 97
63 98
63 100
63 102
63 104
63 105
63 106
63 108
63 111
63 112
63 117
63 118
63 122
63 125
63 129
63 131
63 132
63 133
63 139
63 140
63 142
63 143
63 149
63 150
63 151
63 153
63 154
63 163
63 166
63 169
63 170
63 172
63 173
63 175
63 177
63 179
64 65
64 66
64 68
64 69
64 71
64 74
64 76
64 78
64 79
64 80
64 81
64 85
64 89
64 90
64 92
64 93
64 95
64 102
64 103
64 104
64 106
64 107
64 109
64 112
64 114
64 115
64 117
64 120
64 121
64 122
64 129
64 131
64 133
64 135
64 138
64 139
64 140
64 143
64 144
64 149
64 150
64 151
64 153
64 154
64 162
64 163
64 164
64 165
64 167
64 169
64 171
64 174
65 66
65 68
65 72
65 74
65 76
65 77
65 79
65 80
65 82
65 86
65 89
65 90
65 92
65 96
65 97
65 99
65 101
65 102
65 103
65 104
65 105
65 106
65 113
65 115
65 117
65 119
65 120
65 123
65 125
65 126
65 130
65 134
65 139
65 142
65 145
65 151
65 154
65 157
65 159
65 161
65 163
65 167
65 169
65 171
65 173
65 174
65 178
65 179
66 67
66 69
66 70
66 71
66 72
66 73
66 76
66 77
66 78
66 84
66 85
66 87
66 90
66 93
66 99
66 101
66 105
66 107
66 108
66 111
66 113
66 114
66 116
66 118
66 119
66 121
66 123
66 126
66 128
66 131
66 134
66 136
66 137
66 139
66 140
66 141
66 144
66 145
66 149
66 151
66 154
66 156
66 157
66 158
66 159
66 160
66 162
66 163
66 164
66 165
66 166
66 167
66 169
66 178
66 179
67 68
67 69
67 71
67 73
67 74
67 76
67 80
67 82
67 83
67 89
67 90
67 93
67 94
67 95
67 96
67 100
67 103
67 104
67 105
67 107
67 108
67 111
67 113
67 114
67 115
67 117
67 118
67 119
67 120
67 124
67 127
67 130
67 132
67 133
67 134
67 136
67 137
67 140
67 141
67 143
67 144
67 145
67 148
67 150
67 152
67 154
67 155
67 156
67 158
67 159
67 160
67 162
67 163
67 167
67 168
67 172
67 174
67 175
67 176
67 177
67 179
68 73
68 75
68 77
68 78
68 80
68 81
68 82
68 83
68 86
68 88
68 89
68 90
68 91
68 92
68 95
68 96
68 99
68 100
68 105
68 108
68 111
68 112
68 113
68 115
68 117
68 118
68 119
68 120
68 121
68 122
68 123
68 126
68 130
68 132
68 133
68 136
68 137
68 139
68 141
68 143
68 145
68 146
68 152
68 154
68 159
68 163
68 166
68 168
68 170
68 171
68 173
68 174
68 176
69 71
69 72
69 76
69 77
69 79
69 80
69 82
69 83
69 92
69 95
69 96
69 97
69 98
69 100
69 101
69 102
69 103
69 104
69 107
69 109
69 110
69 111
69 112
69 113
69 114
69 116
69 118
69 121
69 122
69 123
69 127
69 128
69 130
69 131
69 132
69 133
69 134
69 137
69 140
69 141
69 142
69 148
69 150
69 151
69 153
69 156
69 157
69 160
69 166
69 168
69 169
69 171
69 172
69 173
69 178
69 179
70 71
70 72
70 73
70 75
70 77
70 83
70 84
70 85
70 88
70 89
70 90
70 92
70 93
70 94
70 95
70 96
70 97
70 98
70 100
70 102
70 103
70 104
70 109
70 110
70 114
70 115
70 118
70 120
70 121
70 125
70 126
70 128
70 129
70 130
70 132
70 133
70 137
70 139
70 140
70 145
70 146
70 147
70 149
70 154
70 155
70 156
70 159
70 163
70 164
70 167
70 168
70 169
70 171
70 174
70 175
70 177
70 178
70 179
71 75
71 76
71 83
71 84
71 86
71 87
71 89
71 90
71 91
71 92
71 93
71 94
71 95
71 98
71 99
71 101
71 102
71 103
71 105
71 106
71 107
71 108
71 109
71 111
71 114
71 115
71 116
71 117
71 119
71 120
71 121
71 124
71 126
71 128
71 129
71 130
71 135
71 136
71 138
71 140
71 141
71 144
71 145
71 147
71 148
71 149
71 150
71 155
71 157
71 159
71 160
71 161
71 164
71 166
71 171
71 172
71 175
71 178
72 75
72 76
72 77
72 79
72 81
72 82
72 83
72 84
72 85
72 91
72 93
72 94
72 95
72 96
72 97
72 98
72 101
72 102
72 104
72 106
72 107
72 108
72 112
72 113
72 114
72 116
72 117
72 118
72 122
72 127
72 129
72 131
72 133
72 135
72 136
72 137
72 139
72 140
72 141
72 142
72 143
72 145
72 147
72 150
72 151
72 153
72 155
72 157
72 159
72 161
72 164
72 167
72 169
72 170
72 171
72 173
72 174
72 176
72 178
73 74
73 76
73 79
73 81
73 82
73 83
73 85
73 86
73 90
73 91
73 92
73 94
73 98
73 99
73 100
73 101
73 102
73 103
73 105
73 107
73 110
73 111
73 113
73 117
73 122
73 126
73 127
73 130
73 132
73 133
73 136
73 137
73 143
73 144
73 148
73 150
73 152
73 154
73 156
73 158
73 159
73 160
73 161
73 165
73 168
73 170
73 173
73 174
73 179
74 75
74 78
74 79
74 80
74 83
74 85
74 86
74 87
74 88
74 92
74 93
74 94
74 95
74 96
74 98
74 99
74 100
74 101
74 103
74 104
74 106
74 107
74 109
74 110
74 111
74 113
74 116
74 117
74 118
74 119
74 120
74 122
74 123
74 125
74 127
74 131
74 132
74 134
74 135
74 136
74 138
74 140
74 141
74 145
74 146
74 151
74 152
74 155
74 157
74 159
74 160
74 162
74 164
74 165
74 171
74 176
75 77
75 78
75 79
75 84
75 85
75 86
75 87
75 92
75 93
75 94
75 95
75 97
75 99
75 101
75 102
75 103
75 105
75 106
75 108
75 109
75 112
75 114
75 115
75 116
75 117
75 118
75 119
75 120
75 122
75 124
75 125
75 126
75 129
75 135
75 137
75 138
75 141
75 142
75 144
75 145
75 150
75 151
75 152
75 153
75 154
75 157
75 158
75 163
75 164
75 167
75 168
75 169
75 171
75 172
75 174
76 77
76 78
76 80
76 82
76 83
76 84
76 86
76 87
76 88
76 89
76 90
76 91
76 95
76 97
76 102
76 103
76 105
76 106
76 107
76 108
76 110
76 111
76 112
76 114
76 115
76 116
76 119
76 122
76 123
76 124
76 128
76 129
76 130
76 134
76 135
76 136
76 137
76 139
76 142
76 143
76 144
76 145
76 146
76 152
76 154
76 155
76 158
76 161
76 163
76 167
76 169
76 170
76 172
76 174
76 179
77 78
77 80
77 81
77 82
77 85
77 87
77 89
77 91
77 93
77 94
77 96
77 97
77 98
77 101
77 102
77 103
77 106
77 108
77 109
77 111
77 113
77 114
77 116
77 119
77 120
77 123
77 124
77 131
77 132
77 134
77 136
77 141
77 146
77 147
77 149
77 152
77 153
77 155
77 157
77 158
77 161
77 162
77 163
77 164
77 166
77 168
77 169
77 173
77 174
77 178
78 80
78 82
78 83
78 84
78 85
78 88
78 89
78 90
78 92
78 95
78 96
78 97
78 98
78 99
78 100
78 101
78 102
78 104
78 105
78 106
78 107
78 109
78 110
78 112
78 115
78 116
78 118
78 119
78 121
78 122
78 125
78 128
78 131
78 134
78 135
78 145
78 146
78 153
78 154
78 155
78 156
78 158
78 163
78 170
78 171
78 174
78 177
79 81
79 83
79 84
79 88
79 93
79 98
79 99
79 100
79 101
79 105
79 106
79 108
79 112
79 114
79 115
79 116
79 117
79 119
79 120
79 121
79 124
79 125
79 126
79 127
79 129
79 130
79 131
79 134
79 135
79 136
79 137
79 138
79 139
79 141
79 144
79 147
79 149
79 150
79 151
79 152
79 156
79 158
79 160
79 163
79 164
79 167
79 169
79 171
79 173
79 174
79 176
79 179
80 81
80 82
80 85
80 88
80 89
80 93
80 94
80 95
80 98
80 100
80 102
80 103
80 104
80 105
80 106
80 110
80 111
80 114
80 115
80 122
80 125
80 127
80 128
80 130
80 132
80 134
80 136
80 137
80 138
80 139
80 140
80 141
80 142
80 143
80 149
80 150
80 152
80 156
80 159
80 160
80 161
80 165
80 168
80 170
80 173
80 175
80 179
81 85
81 88
81 89
81 93
81 96
81 97
81 98
81 99
81 101
81 102
81 106
81 107
81 110
81 114
81 115
81 117
81 119
81 121
81 122
81 124
81 125
81 126
81 127
81 131
81 133
81 134
81 139
81 144
81 146
81 147
81 148
81 149
81 151
81 152
81 153
81 154
81 156
81 157
81 161
81 162
81 165
81 166
81 167
81 168
81 169
81 171
81 172
81 173
81 174
81 175
81 178
81 179
82 83
82 84
82 87
82 89
82 93
82 94
82 95
82 96
82 97
82 100
82 101
82 102
82 106
82 107
82 108
82 109
82 110
82 111
82 112
82 115
82 117
82 118
82 119
82 123
82 124
82 129
82 130
82 132
82 134
82 135
82 137
82 142
82 144
82 145
82 146
82 147
82 148
82 149
82 151
82 155
82 156
82 157
82 162
82 163
82 164
82 169
82 170
82 172
82 173
82 178
83 84
83 86
83 87
83 88
83 89
83 90
83 91
83 92
83 93
83 95
83 96
83 98
83 101
83 103
83 104
83 109
83 110
83 112
83 115
83 117
83 118
83 119
83 120
83 121
83 124
83 126
83 128
83 129
83 134
83 135
83 137
83 139
83 144
83 146
83 150
83 152
83 156
83 158
83 161
83 164
83 165
83 166
83 167
83 168
83 172
83 173
83 179
84 86
84 87
84 88
84 90
84 92
84 93
84 94
84 95
84 96
84 97
84 98
84 99
84 102
84 108
84 109
84 111
84 113
84 114
84 116
84 119
84 120
84 123
84 124
84 125
84 126
84 131
84 132
84 133
84 136
84 137
84 138
84 142
84 144
84 148
84 149
84 150
84 153
84 160
84 170
84 172
84 175
84 179
85 86
85 87
85 90
85 91
85 92
85 94
85 96
85 98
85 99
85 100
85 107
85 108
85 109
85 111
85 114
85 116
85 117
85 118
85 124
85 126
85 129
85 133
85 135
85 136
85 138
85 142
85 155
85 156
85 157
85 159
85 160
85 161
85 163
85 166
85 169
85 170
85 171
85 173
85 174
85 176
85 177
85 178
86 88
86 89
86 92
86 96
86 98
86 99
86 100
86 101
86 103
86 104
86 105
86 107
86 108
86 110
86 113
86 115
86 117
86 118
86 119
86 129
86 134
86 137
86 140
86 141
86 144
86 145
86 150
86 151
86 152
86 154
86 156
86 159
86 161
86 165
86 168
86 170
86 171
86 172
86 173
86 174
86 176
86 178
87 88
87 89
87 90
87 91
87 95
87 96
87 102
87 103
87 105
87 107
87 108
87 111
87 112
87 113
87 114
87 115
87 124
87 126
87 131
87 132
87 134
87 138
87 140
87 143
87 145
87 148
87 149
87 151
87 154
87 156
87 157
87 160
87 161
87 162
87 163
87 166
87 168
87 169
87 170
87 171
87 172
87 173
87 177
87 178
87 179
88 89
88 90
88 91
88 92
88 94
88 96
88 97
88 101
88 106
88 107
88 111
88 112
88 115
88 116
88 121
88 126
88 127
88 129
88 132
88 133
88 135
88 137
88 138
88 139
88 141
88 143
88 145
88 146
88 150
88 151
88 154
88 156
88 160
88 165
88 166
88 167
88 170
88 171
88 173
89 92
89 97
89 98
89 101
89 102
89 103
89 109
89 111
89 112
89 114
89 115
89 118
89 119
89 121
89 122
89 123
89 124
89 125
89 126
89 128
89 130
89 136
89 139
89 143
89 145
89 151
89 153
89 157
89 158
89 159
89 160
89 161
89 164
89 166
89 168
89 170
89 172
89 173
90 93
90 94
90 96
90 99
90 101
90 102
90 104
90 106
90 107
90 109
90 111
90 114
90 115
90 116
90 117
90 118
90 119
90 120
90 121
90 122
90 123
90 124
90 125
90 129
90 130
90 136
90 137
90 139
90 142
90 143
90 147
90 149
90 150
90 152
90 153
90 154
90 155
90 156
90 158
90 160
90 161
90 162
90 165
90 166
90 167
90 170
90 174
90 175
90 176
90 177
90 179
91 94
91 95
91 96
91 97
91 98
91 99
91 104
91 105
91 109
91 110
91 111
91 114
91 115
91 116
91 117
91 118
91 124
91 125
91 127
91 128
91 130
91 131
91 132
91 135
91 140
91 141
91 142
91 145
91 146
91 148
91 150
91 154
91 155
91 156
91 159
91 160
91 161
91 164
91 165
91 166
91 167
91 169
91 170
91 174
91 175
91 176
92 93
92 94
92 95
92 97
92 98
92 100
92 102
92 104
92 105
92 108
92 109
92 111
92 113
92 115
92 120
92 124
92 130
92 133
92 135
92 136
92 139
92 141
92 143
92 146
92 147
92 148
92 150
92 153
92 157
92 158
92 160
92 164
92 165
92 167
92 168
92 169
92 170
92 171
92 172
92 173
92 174
93 94
93 95
93 96
93 99
93 101
93 105
93 106
93 107
93 109
93 110
93 111
93 112
93 113
93 114
93 115
93 116
93 117
93 123
93 124
93 125
93 126
93 128
93 130
93 132
93 133
93 135
93 136
93 137
93 139
93 141
93 142
93 143
93 144
93 146
93 148
93 149
93 152
93 153
93 158
93 160
93 161
93 164
93 167
93 168
93 169
93 170
93 173
93 175
93 176
94 95
94 97
94 98
94 99
94 101
94 104
94 105
94 110
94 113
94 114
94 116
94 117
94 119
94 120
94 122
94 125
94 126
94 127
94 132
94 135
94 138
94 142
94 146
94 147
94 150
94 153
94 155
94 156
94 158
94 159
94 161
94 163
94 164
94 167
94 168
94 171
94 178
94 179
95 96
95 98
95 100
95 101
95 102
95 103
95 105
95 106
95 109
95 112
95 115
95 119
95 120
95 123
95 126
95 127
95 130
95 132
95 134
95 135
95 138
95 140
95 145
95 146
95 150
95 151
95 153
95 154
95 155
95 157
95 158
95 160
95 163
95 170
95 171
95 172
95 173
95 174
95 175
95 178
95 179
96 97
96 99
96 103
96 104
96 106
96 107
96 108
96 110
96 113
96 115
96 116
96 117
96 126
96 127
96 130
96 132
96 133
96 134
96 147
96 149
96 151
96 153
96 155
96 156
96 162
96 164
96 166
96 167
96 169
96 178
97 98
97 100
97 105
97 106
97 109
97 110
97 111
97 113
97 115
97 116
97 121
97 123
97 124
97 126
97 127
97 128
97 129
97 131
97 133
97 137
97 141
97 144
97 149
97 151
97 152
97 153
97 155
97 156
97 160
97 163
97 170
97 173
97 175
97 177
97 179
98 99
98 100
98 103
98 105
98 108
98 111
98 114
98 115
98 117
98 118
98 119
98 120
98 123
98 128
98 129
98 131
98 133
98 134
98 135
98 136
98 137
98 138
98 143
98 144
98 146
98 147
98 148
98 150
98 151
98 158
98 161
98 162
98 164
98 166
98 172
98 177
98 178
99 101
99 102
99 104
99 106
99 108
99 111
99 115
99 116
99 120
99 123
99 130
99 133
99 134
99 135
99 136
99 137
99 138
99 139
99 141
99 144
99 145
99 146
99 151
99 152
99 154
99 156
99 159
99 160
99 165
99 166
99 167
99 173
99 175
100 101
100 103
100 104
100 105
100 106
100 108
100 117
100 118
100 120
100 122
100 123
100 125
100 127
100 128
100 130
100 131
100 132
100 133
100 134
100 135
100 139
100 140
100 144
100 145
100 146
100 149
100 150
100 152
100 160
100 164
100 170
100 174
100 178
100 179
101 102
101 105
101 106
101 108
101 110
101 112
101 113
101 117
101 121
101 123
101 129
101 131
101 133
101 134
101 135
101 137
101 138
101 139
101 140
101 143
101 145
101 147
101 156
101 158
101 161
101 165
101 171
101 172
101 174
101 175
101 176
101 177
102 106
102 107
102 112
102 121
102 122
102 124
102 127
102 128
102 135
102 136
102 139
102 140
102 142
102 144
102 148
102 151
102 157
102 160
102 161
102 162
102 168
102 169
102 170
102 177
102 179
103 104
103 107
103 109
103 110
103 111
103 115
103 119
103 124
103 126
103 127
103 129
103 132
103 133
103 135
103 136
103 137
103 140
103 144
103 146
103 150
103 151
103 152
103 154
103 158
103 162
103 163
103 164
103 168
103 170
103 172
103 174
103 175
103 176
103 177
103 179
104 105
104 106
104 108
104 109
104 110
104 118
104 120
104 121
104 127
104 129
104 133
104 134
104 135
104 136
104 137
104 140
104 143
104 144
104 146
104 149
104 150
104 151
104 152
104 153
104 154
104 158
104 162
104 163
104 167
104 168
104 172
104 177
104 178
105 107
105 108
105 109
105 110
105 112
105 116
105 118
105 119
105 120
105 122
105 124
105 126
105 128
105 129
105 130
105 136
105 138
105 139
105 141
105 142
105 143
105 145
105 146
105 152
105 157
105 158
105 160
105 163
105 164
105 165
105 167
105 168
105 176
105 177
106 107
106 112
106 119
106 120
106 121
106 125
106 128
106 129
106 130
106 133
106 134
106 140
106 141
106 146
106 147
106 153
106 156
106 157
106 158
106 160
106 161
106 164
106 165
106 166
106 168
106 174
106 175
106 176
106 179
107 112
107 113
107 114
107 115
107 119
107 120
107 124
107 125
107 126
107 129
107 130
107 137
107 140
107 141
107 143
107 150
107 151
107 153
107 158
107 159
107 161
107 165
107 167
107 169
107 170
107 172
107 173
107 174
107 175
107 176
107 178
107 179
108 109
108 112
108 113
108 114
108 117
108 120
108 124
108 125
108 128
108 130
108 131
108 132
108 134
108 138
108 139
108 142
108 144
108 146
108 147
108 155
108 159
108 163
108 166
108 168
108 169
108 170
108 171
108 173
108 174
108 176
109 110
109 112
109 113
109 116
109 117
109 119
109 121
109 122
109 123
109 128
109 133
109 138
109 139
109 146
109 148
109 150
109 153
109 154
109 155
109 156
109 158
109 161
109 164
109 166
109 168
109 171
109 172
109 173
109 174
109 176
109 178
109 179
110 111
110 115
110 116
110 119
110 123
110 124
110 126
110 127
110 128
110 130
110 131
110 136
110 137
110 138
110 139
110 140
110 141
110 142
110 145
110 150
110 152
110 153
110 155
110 156
110 157
110 158
110 159
110 161
110 162
110 166
110 167
110 171
110 173
110 176
111 112
111 113
111 114
111 117
111 120
111 123
111 125
111 126
111 131
111 132
111 136
111 138
111 139
111 140
111 142
111 145
111 146
111 150
111 151
111 153
111 156
111 158
111 159
111 161
111 165
111 173
111 175
111 177
111 178
111 179
112 114
112 117
112 120
112 121
112 122
112 123
112 125
112 126
112 127
112 128
112 129
112 131
112 133
112 140
112 143
112 144
112 145
112 146
112 147
112 149
112 152
112 159
112 162
112 163
112 166
112 169
112 171
112 172
112 173
112 176
112 177
113 121
113 125
113 126
113 128
113 130
113 132
113 134
113 136
113 138
113 139
113 140
113 141
113 142
113 143
113 148
113 155
113 156
113 159
113 160
113 164
113 166
113 167
113 170
113 171
113 172
113 173
113 174
113 175
113 177
114 115
114 116
114 120
114 121
114 124
114 128
114 131
114 132
114 136
114 141
114 142
114 144
114 145
114 147
114 149
114 150
114 155
114 156
114 158
114 159
114 162
114 167
114 168
114 172
114 173
114 176
114 177
114 179
115 120
115 121
115 122
115 126
115 127
115 128
115 130
115 131
115 133
115 136
115 137
115 140
115 146
115 148
115 149
115 151
115 152
115 153
115 161
115 162
115 163
115 165
115 166
115 167
115 169
115 173
115 175
115 176
115 178
115 179
116 119
116 120
116 125
116 128
116 129
116 131
116 133
116 136
116 137
116 140
116 142
116 143
116 147
116 148
116 151
116 152
116 155
116 158
116 160
116 161
116 163
116 165
116 168
116 171
116 175
116 176
117 123
117 124
117 125
117 126
117 127
117 132
117 138
117 140
117 142
117 143
117 144
117 145
117 146
117 147
117 149
117 158
117 159
117 160
117 162
117 165
117 166
117 167
117 169
117 174
117 176
117 177
117 178
117 179
118 122
118 123
118 124
118 125
118 127
118 128
118 131
118 133
118 134
118 135
118 136
118 137
118 138
118 141
118 142
118 143
118 144
118 145
118 146
118 147
118 149
118 150
118 151
118 152
118 155
118 157
118 159
118 160
118 165
118 168
118 169
118 171
118 173
118 174
118 177
118 178
119 120
119 121
119 123
119 125
119 129
119 133
119 135
119 137
119 140
119 142
119 146
119 149
119 151
119 154
119 162
119 164
119 165
119 166
119 167
119 172
119 173
119 174
119 175
120 121
120 123
120 125
120 126
120 127
120 128
120 129
120 130
120 133
120 135
120 142
120 143
120 144
120 148
120 150
120 153
120 154
120 155
120 161
120 163
120 164
120 165
120 166
120 168
120 171
120 172
120 174
120 179
121 122
121 124
121 125
121 127
121 128
121 129
121 130
121 131
121 134
121 135
121 138
121 142
121 145
121 146
121 148
121 151
121 152
121 153
121 155
121 156
121 157
121 162
121 165
121 166
121 171
121 172
121 175
121 177
122 125
122 126
122 128
122 129
122 132
122 137
122 138
122 140
122 142
122 143
122 146
122 148
122 153
122 156
122 158
122 159
122 160
122 162
122 163
122 165
122 166
122 167
122 168
122 169
122 170
122 175
123 124
123 125
123 127
123 130
123 136
123 138
123 139
123 148
123 151
123 155
123 158
123 160
123 162
123 163
123 166
123 169
123 172
123 173
123 175
123 177
124 127
124 132
124 133
124 137
124 140
124 143
124 144
124 146
124 150
124 151
124 152
124 154
124 155
124 156
124 162
124 164
124 177
125 128
125 130
125 131
125 132
125 133
125 134
125 138
125 141
125 142
125 143
125 147
125 153
125 154
125 160
125 163
125 166
125 168
125 173
125 174
125 179
126 127
126 128
126 129
126 130
126 134
126 140
126 141
126 148
126 149
126 151
126 152
126 153
126 156
126 157
126 159
126 164
126 165
126 167
127 128
127 131
127 132
127 133
127 134
127 136
127 138
127 142
127 143
127 145
127 146
127 150
127 156
127 161
127 164
127 167
127 168
127 172
127 175
127 178
128 129
128 130
128 131
128 133
128 139
128 140
128 141
128 143
128 144
128 145
128 150
128 153
128 154
128 159
128 160
128 164
128 165
128 170
128 171
128 176
129 134
129 135
129 136
129 146
129 148
129 149
129 151
129 152
129 153
129 165
129 167
129 171
129 172
129 177
129 178
129 179
130 131
130 132
130 135
130 139
130 145
130 146
130 147
130 149
130 151
130 154
130 156
130 157
130 158
130 160
130 161
130 162
130 164
130 165
130 166
130 167
130 169
130 170
130 171
130 173
130 175
130 176
130 177
130 178
131 133
131 134
131 137
131 138
131 141
131 145
131 148
131 151
131 153
131 155
131 158
131 160
131 161
131 172
131 175
131 176
132 135
132 137
132 139
132 140
132 142
132 144
132 145
132 146
132 147
132 148
132 149
132 154
132 161
132 164
132 165
132 168
132 175
132 176
132 178
132 179
133 135
133 139
133 140
133 141
133 142
133 143
133 144
133 148
133 150
133 162
133 164
133 165
133 166
133 169
133 171
133 173
133 177
134 136
134 137
134 140
134 141
134 142
134 144
134 147
134 148
134 153
134 154
134 155
134 156
134 159
134 161
134 162
134 164
134 165
134 172
134 174
134 176
134 177
134 178
135 136
135 141
135 143
135 144
135 150
135 159
135 164
135 169
135 170
135 173
135 176
135 178
136 139
136 142
136 143
136 146
136 147
136 148
136 149
136 151
136 152
136 154
136 158
136 165
136 167
136 170
136 175
136 178
137 138
137 141
137 142
137 146
137 148
137 151
137 154
137 155
137 156
137 161
137 162
137 173
137 175
137 177
137 178
138 140
138 141
138 142
138 152
138 154
138 159
138 162
138 165
138 167
138 172
138 173
138 175
138 179
139 140
139 141
139 142
139 145
139 146
139 148
139 152
139 153
139 154
139 156
139 158
139 160
139 161
139 162
139 164
139 166
139 168
139 170
139 172
139 179
140 143
140 146
140 147
140 151
140 154
140 155
140 156
140 168
140 169
140 175
140 176
140 178
140 179
141 142
141 144
141 145
141 151
141 154
141 159
141 160
141 164
141 165
141 174
141 178
141 179
142 144
142 145
142 149
142 158
142 162
142 163
142 164
142 166
142 167
142 168
142 171
142 178
142 179
143 145
143 148
143 149
143 150
143 151
143 156
143 157
143 158
143 159
143 162
143 164
143 165
143 168
143 170
143 172
144 148
144 150
144 152
144 154
144 155
144 156
144 157
144 160
144 161
144 166
144 170
144 172
144 173
144 175
144 177
145 149
145 151
145 153
145 155
145 156
145 159
145 163
145 169
145 172
145 174
145 176
145 179
146 151
146 152
146 153
146 157
146 164
146 168
146 169
146 177
146 178
147 149
147 150
147 151
147 156
147 157
147 158
147 164
147 165
147 166
147 171
147 172
147 173
148 154
148 165
148 173
148 174
148 176
148 177
149 153
149 155
149 156
149 157
149 158
149 166
149 167
149 168
149 169
149 175
149 176
149 177
149 178
150 153
150 154
150 157
150 158
150 162
150 167
150 169
150 172
150 174
150 176
150 177
151 153
151 154
151 163
151 165
151 174
151 175
151 176
151 177
152 160
152 162
152 169
152 171
152 172
152 173
152 175
152 176
152 177
152 178
152 179
153 157
153 162
153 165
153 167
153 171
153 175
153 176
153 179
154 155
154 156
154 159
154 160
154 162
154 168
154 169
154 170
154 173
154 176
154 177
155 156
155 161
155 163
155 165
155 166
155 169
155 171
155 174
155 175
155 176
156 159
156 166
156 170
156 173
156 174
156 175
156 176
156 177
156 178
156 179
157 158
157 159
157 160
157 161
157 162
157 165
157 166
157 167
157 169
157 171
157 175
157 177
158 159
158 169
158 171
158 173
158 174
158 176
158 178
159 162
159 164
159 165
159 166
159 168
159 171
159 172
159 174
159 177
159 178
160 162
160 163
160 166
160 169
160 175
160 177
160 178
160 179
161 162
161 163
161 164
161 165
161 168
161 169
161 173
161 174
161 176
162 164
162 174
162 179
163 164
163 165
163 166
163 170
163 171
163 173
163 176
163 179
164 165
164 167
164 168
164 169
164 173
164 175
165 170
165 171
165 172
165 173
166 167
166 168
166 169
166 172
166 173
166 179
167 169
167 172
167 177
167 179
168 174
168 175
168 176
168 177
168 179
169 175
170 171
170 172
170 175
170 178
171 172
171 175
172 178
173 178
174 175
174 176
174 177
174 179
176 177
176 178
