188
0 1
0 13
0 76
0 81
0 123
1 2
1 3
1 10
1 159
2 4
2 8
3 5
3 9
3 31
3 183
4 6
4 34
4 35
4 65
4 180
5 7
5 12
5 20
5 49
5 73
5 93
5 97
5 138
5 175
5 179
6 11
6 96
7 19
7 47
7 93
7 156
7 178
8 15
8 30
8 108
9 21
9 28
9 43
9 56
9 60
9 154
9 186
10 17
10 29
10 39
10 56
10 61
10 68
10 97
10 134
11 16
11 24
11 53
11 70
11 74
11 86
11 130
12 14
12 17
12 18
12 37
12 45
12 77
13 17
13 72
13 104
14 79
15 22
15 25
15 33
15 58
15 61
15 69
15 70
15 124
15 128
16 69
16 104
16 173
17 32
17 175
17 177
18 27
19 101
19 143
19 162
20 67
20 124
21 23
21 26
21 36
21 71
21 141
22 41
22 114
22 127
22 163
22 174
23 78
23 132
24 99
24 158
25 37
25 185
26 57
26 63
26 99
26 107
26 131
27 78
27 106
27 122
27 174
28 46
29 58
29 116
29 150
29 169
29 187
30 84
30 95
30 129
30 140
31 59
31 79
31 88
32 40
32 44
33 45
33 130
34 119
34 131
35 66
35 143
36 38
36 51
36 136
36 152
37 103
37 111
38 100
38 124
38 157
39 64
39 70
39 125
39 166
40 42
40 48
40 102
40 149
40 153
41 55
41 178
43 66
43 159
44 50
44 173
45 59
45 127
45 158
46 91
46 117
46 120
47 83
47 85
47 119
47 172
47 185
48 87
48 89
48 90
48 96
48 153
48 159
49 52
49 86
49 126
49 161
49 165
50 155
51 54
51 90
51 133
51 138
52 106
53 68
53 123
54 87
54 107
54 160
55 118
55 135
56 169
57 82
57 125
57 137
57 140
57 153
58 80
58 112
58 178
59 170
60 62
60 127
61 149
62 143
62 165
62 166
63 132
64 148
65 107
65 114
65 187
66 176
66 182
67 98
67 166
68 99
69 126
70 95
71 94
71 105
71 164
72 75
73 147
74 118
75 121
76 115
76 158
76 180
77 147
77 181
78 81
78 97
78 143
78 176
79 92
79 99
79 144
79 163
79 164
79 186
80 109
81 106
81 121
82 83
82 88
82 94
82 169
83 136
83 159
84 111
84 125
84 129
85 100
85 138
86 98
86 123
87 127
87 137
88 137
88 142
88 161
89 95
89 173
89 182
90 108
90 161
90 187
92 140
92 146
92 156
93 162
93 180
94 114
95 132
97 101
97 140
98 146
100 136
101 116
101 151
102 112
104 169
105 106
105 110
105 145
106 155
106 186
107 166
108 113
109 110
109 122
109 150
109 174
110 168
110 176
111 139
111 142
111 152
111 173
111 175
112 142
113 147
116 157
116 163
117 184
118 153
120 183
122 158
122 160
124 150
126 145
126 158
127 130
128 131
128 133
128 163
128 187
132 164
133 160
133 167
135 172
136 144
137 172
138 141
139 146
142 170
144 161
146 168
147 164
153 172
155 157
155 176
156 185
160 177
163 185
166 171
175 180
175 182
