188
0 1
0 2
0 3
0 4
0 5
0 9
0 10
0 15
0 17
0 18
0 19
0 20
0 21
0 22
0 23
0 24
0 25
0 27
0 30
0 32
0 33
0 34
0 35
0 39
0 40
0 42
0 43
0 44
0 45
0 46
0 48
0 50
0 51
0 53
0 54
0 55
0 56
0 57
0 58
0 59
0 60
0 61
0 62
0 63
0 64
0 65
0 66
0 67
0 70
0 71
0 74
0 76
0 79
0 81
0 83
0 84
0 85
0 87
0 92
0 93
0 94
0 96
0 99
0 101
0 102
0 103
0 105
0 106
0 107
0 108
0 110
0 113
0 114
0 117
0 119
0 123
0 128
0 129
0 130
0 131
0 133
0 135
0 136
0 137
0 139
0 141
0 142
0 143
0 144
0 147
0 149
0 150
0 151
0 153
0 154
0 158
0 160
0 163
0 165
0 166
0 167
0 169
0 170
0 172
0 173
0 174
0 176
0 177
0 178
0 179
0 181
0 184
0 186
1 2
1 4
1 7
1 9
1 11
1 13
1 14
1 16
1 17
1 18
1 19
1 20
1 21
1 23
1 24
1 25
1 26
1 28
1 30
1 31
1 33
1 35
1 37
1 39
1 41
1 42
1 44
1 45
1 46
1 47
1 49
1 52
1 54
1 55
1 60
1 62
1 64
1 65
1 66
1 69
1 71
1 73
1 74
1 75
1 77
1 78
1 79
1 80
1 81
1 82
1 84
1 87
1 89
1 90
1 91
1 92
1 93
1 96
1 98
1 101
1 102
1 104
1 107
1 108
1 110
1 116
1 117
1 119
1 120
1 125
1 127
1 129
1 130
1 131
1 132
1 133
1 134
1 135
1 136
1 137
1 138
1 139
1 146
1 148
1 150
1 153
1 154
1 155
1 156
1 157
1 159
1 160
1 162
1 163
1 166
1 167
1 168
1 171
1 174
1 175
1 176
1 178
1 183
1 184
2 3
2 4
2 7
2 8
2 9
2 11
2 12
2 15
2 16
2 18
2 19
2 20
2 21
2 23
2 25
2 28
2 37
2 38
2 39
2 40
2 41
2 42
2 44
2 45
2 47
2 48
2 49
2 50
2 51
2 53
2 54
2 55
2 56
2 57
2 59
2 60
2 61
2 62
2 63
2 65
2 66
2 67
2 68
2 69
2 70
2 71
2 72
2 74
2 75
2 77
2 78
2 79
2 80
2 83
2 86
2 87
2 89
2 90
2 91
2 92
2 94
2 96
2 98
2 99
2 100
2 102
2 105
2 106
2 107
2 108
2 110
2 112
2 114
2 118
2 119
2 121
2 123
2 124
2 125
2 128
2 129
2 137
2 138
2 140
2 142
2 143
2 144
2 146
2 147
2 148
2 149
2 153
2 157
2 159
2 160
2 161
2 163
2 165
2 167
2 168
2 169
2 171
2 172
2 173
2 175
2 178
2 179
2 181
2 183
2 184
3 4
3 5
3 6
3 7
3 8
3 11
3 12
3 13
3 15
3 17
3 18
3 19
3 20
3 22
3 23
3 26
3 28
3 29
3 31
3 33
3 35
3 39
3 40
3 41
3 42
3 43
3 44
3 46
3 47
3 48
3 49
3 51
3 53
3 54
3 56
3 57
3 58
3 60
3 61
3 62
3 63
3 65
3 68
3 70
3 71
3 72
3 74
3 75
3 76
3 77
3 78
3 79
3 82
3 83
3 85
3 86
3 91
3 92
3 95
3 99
3 102
3 105
3 107
3 109
3 111
3 112
3 113
3 117
3 119
3 121
3 122
3 123
3 124
3 125
3 126
3 127
3 129
3 130
3 132
3 134
3 135
3 136
3 137
3 139
3 143
3 144
3 149
3 150
3 154
3 156
3 157
3 158
3 160
3 162
3 166
3 167
3 168
3 169
3 172
3 176
3 177
3 179
3 180
3 184
3 186
3 187
4 5
4 7
4 8
4 9
4 10
4 12
4 13
4 14
4 17
4 19
4 20
4 22
4 24
4 25
4 26
4 29
4 30
4 31
4 33
4 35
4 36
4 43
4 44
4 46
4 47
4 49
4 51
4 52
4 53
4 54
4 55
4 56
4 57
4 58
4 59
4 60
4 61
4 62
4 65
4 69
4 70
4 75
4 76
4 77
4 78
4 79
4 80
4 83
4 84
4 85
4 86
4 87
4 90
4 91
4 93
4 94
4 95
4 97
4 98
4 99
4 103
4 104
4 105
4 107
4 108
4 109
4 111
4 112
4 113
4 115
4 116
4 117
4 118
4 119
4 120
4 121
4 124
4 129
4 131
4 132
4 134
4 135
4 138
4 141
4 143
4 144
4 148
4 154
4 156
4 157
4 158
4 161
4 162
4 163
4 164
4 168
4 170
4 171
4 173
4 174
4 175
4 178
4 180
4 182
4 183
4 184
4 186
5 6
5 7
5 8
5 9
5 10
5 12
5 13
5 14
5 15
5 16
5 17
5 18
5 20
5 21
5 22
5 23
5 24
5 25
5 26
5 28
5 29
5 31
5 34
5 35
5 36
5 38
5 40
5 41
5 42
5 44
5 45
5 48
5 49
5 50
5 54
5 55
5 57
5 59
5 60
5 63
5 64
5 65
5 73
5 74
5 75
5 77
5 80
5 81
5 85
5 86
5 87
5 89
5 90
5 91
5 93
5 95
5 96
5 98
5 99
5 101
5 102
5 105
5 106
5 107
5 108
5 110
5 111
5 113
5 114
5 115
5 121
5 122
5 123
5 125
5 126
5 127
5 130
5 131
5 133
5 135
5 138
5 140
5 142
5 143
5 145
5 146
5 147
5 148
5 149
5 152
5 158
5 159
5 160
5 162
5 163
5 164
5 167
5 169
5 171
5 172
5 174
5 175
5 178
5 181
5 182
5 183
5 185
6 7
6 9
6 10
6 12
6 13
6 14
6 15
6 17
6 19
6 20
6 21
6 22
6 23
6 25
6 27
6 29
6 30
6 32
6 35
6 37
6 38
6 40
6 41
6 42
6 43
6 46
6 47
6 48
6 49
6 50
6 51
6 52
6 54
6 57
6 59
6 60
6 61
6 62
6 63
6 64
6 65
6 66
6 67
6 69
6 71
6 72
6 74
6 75
6 76
6 78
6 79
6 80
6 81
6 82
6 83
6 86
6 88
6 89
6 91
6 92
6 93
6 94
6 97
6 100
6 101
6 104
6 105
6 107
6 108
6 110
6 112
6 113
6 115
6 116
6 117
6 118
6 119
6 124
6 125
6 126
6 127
6 128
6 129
6 131
6 132
6 133
6 138
6 140
6 141
6 143
6 145
6 150
6 152
6 153
6 154
6 155
6 156
6 158
6 159
6 160
6 161
6 162
6 164
6 165
6 167
6 168
6 169
6 171
6 176
6 177
6 178
6 179
6 182
6 187
7 10
7 11
7 12
7 13
7 14
7 16
7 17
7 21
7 22
7 23
7 24
7 26
7 27
7 30
7 33
7 35
7 36
7 37
7 40
7 41
7 43
7 44
7 45
7 46
7 47
7 49
7 52
7 53
7 55
7 59
7 61
7 63
7 65
7 66
7 67
7 68
7 69
7 71
7 73
7 75
7 77
7 78
7 79
7 80
7 81
7 82
7 83
7 84
7 85
7 86
7 87
7 89
7 90
7 92
7 93
7 95
7 96
7 97
7 98
7 99
7 100
7 101
7 102
7 105
7 110
7 116
7 118
7 119
7 120
7 121
7 122
7 123
7 124
7 125
7 129
7 130
7 131
7 134
7 136
7 137
7 140
7 141
7 142
7 143
7 144
7 146
7 147
7 148
7 149
7 151
7 152
7 154
7 156
7 159
7 165
7 166
7 168
7 169
7 172
7 173
7 174
7 177
7 178
7 179
7 180
7 181
7 183
7 187
8 10
8 11
8 12
8 13
8 15
8 17
8 18
8 19
8 20
8 21
8 22
8 23
8 25
8 27
8 29
8 31
8 33
8 34
8 35
8 36
8 37
8 38
8 40
8 41
8 42
8 43
8 46
8 47
8 49
8 54
8 55
8 58
8 60
8 61
8 62
8 63
8 64
8 65
8 66
8 67
8 69
8 72
8 73
8 74
8 75
8 79
8 81
8 83
8 85
8 86
8 87
8 88
8 90
8 92
8 93
8 94
8 95
8 97
8 99
8 100
8 101
8 102
8 105
8 106
8 107
8 108
8 110
8 112
8 113
8 114
8 115
8 118
8 119
8 120
8 121
8 122
8 124
8 125
8 126
8 128
8 129
8 130
8 134
8 138
8 140
8 145
8 146
8 147
8 149
8 154
8 156
8 157
8 159
8 160
8 161
8 162
8 166
8 167
8 168
8 170
8 171
8 177
8 178
8 183
8 186
8 187
9 10
9 11
9 12
9 15
9 16
9 18
9 20
9 21
9 23
9 24
9 25
9 26
9 29
9 30
9 32
9 33
9 36
9 37
9 38
9 41
9 42
9 45
9 46
9 47
9 48
9 49
9 50
9 51
9 54
9 55
9 57
9 58
9 61
9 63
9 64
9 66
9 67
9 69
9 72
9 75
9 76
9 78
9 79
9 80
9 82
9 83
9 84
9 86
9 87
9 88
9 91
9 93
9 96
9 97
9 99
9 100
9 101
9 104
9 105
9 107
9 108
9 110
9 111
9 112
9 114
9 115
9 117
9 118
9 120
9 123
9 124
9 125
9 128
9 129
9 130
9 131
9 132
9 134
9 137
9 138
9 139
9 140
9 141
9 144
9 146
9 148
9 150
9 151
9 152
9 153
9 154
9 155
9 157
9 160
9 162
9 164
9 165
9 166
9 167
9 171
9 172
9 174
9 179
9 182
9 186
10 12
10 13
10 14
10 16
10 17
10 19
10 20
10 21
10 22
10 23
10 24
10 25
10 26
10 28
10 30
10 31
10 32
10 33
10 36
10 37
10 38
10 40
10 41
10 43
10 44
10 47
10 49
10 50
10 51
10 52
10 54
10 57
10 58
10 61
10 62
10 63
10 64
10 65
10 67
10 68
10 69
10 70
10 72
10 74
10 75
10 77
10 78
10 80
10 81
10 83
10 86
10 89
10 93
10 94
10 95
10 96
10 97
10 98
10 100
10 104
10 105
10 106
10 109
10 110
10 111
10 113
10 114
10 115
10 116
10 117
10 118
10 119
10 121
10 123
10 124
10 125
10 130
10 131
10 136
10 137
10 138
10 141
10 142
10 143
10 146
10 147
10 148
10 155
10 158
10 159
10 161
10 163
10 166
10 167
10 168
10 170
10 172
10 173
10 175
10 176
10 177
10 178
10 181
10 183
10 184
10 185
10 186
11 13
11 14
11 15
11 16
11 19
11 20
11 21
11 22
11 23
11 24
11 26
11 27
11 28
11 29
11 32
11 34
11 35
11 36
11 38
11 39
11 40
11 41
11 44
11 45
11 47
11 49
11 51
11 54
11 55
11 57
11 58
11 61
11 64
11 67
11 68
11 69
11 72
11 75
11 79
11 81
11 83
11 84
11 85
11 86
11 87
11 88
11 89
11 90
11 92
11 93
11 94
11 95
11 96
11 99
11 100
11 101
11 102
11 106
11 109
11 112
11 114
11 115
11 117
11 119
11 120
11 121
11 122
11 125
11 126
11 127
11 128
11 129
11 131
11 134
11 136
11 137
11 138
11 139
11 141
11 144
11 150
11 151
11 153
11 154
11 155
11 159
11 160
11 163
11 164
11 165
11 166
11 167
11 168
11 169
11 171
11 172
11 173
11 176
11 177
11 181
11 182
11 184
11 187
12 13
12 15
12 19
12 20
12 21
12 22
12 23
12 24
12 25
12 27
12 28
12 29
12 31
12 33
12 35
12 36
12 37
12 39
12 40
12 41
12 43
12 44
12 46
12 52
12 53
12 54
12 56
12 58
12 59
12 60
12 61
12 64
12 65
12 67
12 68
12 71
12 73
12 74
12 77
12 79
12 81
12 83
12 84
12 86
12 87
12 88
12 89
12 90
12 91
12 93
12 94
12 95
12 97
12 99
12 102
12 104
12 105
12 109
12 112
12 113
12 115
12 116
12 118
12 120
12 122
12 124
12 125
12 129
12 132
12 135
12 137
12 139
12 140
12 145
12 147
12 149
12 150
12 153
12 154
12 155
12 161
12 163
12 165
12 166
12 167
12 168
12 169
12 173
12 175
12 176
12 177
12 181
12 182
12 186
13 14
13 15
13 18
13 19
13 20
13 21
13 22
13 25
13 28
13 31
13 34
13 35
13 36
13 37
13 38
13 39
13 41
13 43
13 44
13 45
13 48
13 50
13 51
13 56
13 57
13 59
13 60
13 62
13 67
13 69
13 70
13 71
13 72
13 73
13 75
13 77
13 78
13 81
13 82
13 83
13 84
13 85
13 87
13 88
13 90
13 91
13 93
13 95
13 97
13 100
13 103
13 105
13 106
13 107
13 111
13 116
13 119
13 120
13 124
13 126
13 128
13 129
13 130
13 131
13 132
13 134
13 136
13 137
13 138
13 139
13 140
13 141
13 142
13 144
13 147
13 149
13 151
13 152
13 154
13 155
13 156
13 157
13 158
13 159
13 160
13 161
13 163
13 165
13 166
13 168
13 169
13 172
13 173
13 175
13 177
13 182
13 184
13 185
13 187
14 15
14 19
14 20
14 21
14 22
14 23
14 26
14 27
14 29
14 31
14 32
14 33
14 34
14 35
14 37
14 39
14 40
14 41
14 42
14 43
14 44
14 45
14 47
14 48
14 49
14 50
14 51
14 52
14 54
14 57
14 58
14 59
14 61
14 64
14 66
14 70
14 72
14 74
14 75
14 77
14 78
14 80
14 81
14 83
14 86
14 87
14 88
14 89
14 93
14 96
14 97
14 98
14 99
14 100
14 101
14 104
14 111
14 112
14 114
14 115
14 116
14 117
14 118
14 121
14 122
14 125
14 126
14 127
14 130
14 131
14 134
14 135
14 140
14 142
14 145
14 146
14 149
14 150
14 151
14 153
14 155
14 159
14 164
14 165
14 166
14 173
14 174
14 175
14 178
14 179
14 180
14 182
14 183
14 184
14 187
15 16
15 18
15 19
15 22
15 23
15 24
15 26
15 27
15 28
15 29
15 30
15 31
15 32
15 38
15 40
15 41
15 42
15 43
15 44
15 45
15 47
15 48
15 52
15 53
15 55
15 58
15 59
15 60
15 61
15 64
15 65
15 66
15 67
15 69
15 73
15 74
15 75
15 76
15 78
15 80
15 81
15 85
15 87
15 88
15 89
15 90
15 93
15 94
15 96
15 97
15 98
15 99
15 100
15 102
15 103
15 105
15 109
15 112
15 114
15 117
15 119
15 121
15 122
15 123
15 125
15 126
15 128
15 132
15 133
15 135
15 141
15 143
15 144
15 145
15 147
15 150
15 151
15 153
15 154
15 155
15 157
15 158
15 159
15 160
15 162
15 163
15 165
15 166
15 168
15 169
15 171
15 172
15 179
15 180
15 182
15 183
15 184
15 185
15 186
16 17
16 18
16 19
16 21
16 22
16 23
16 24
16 25
16 27
16 28
16 29
16 30
16 32
16 33
16 34
16 36
16 37
16 38
16 39
16 40
16 41
16 42
16 47
16 50
16 51
16 52
16 53
16 54
16 56
16 57
16 61
16 64
16 65
16 66
16 69
16 70
16 73
16 75
16 81
16 86
16 88
16 90
16 91
16 92
16 93
16 94
16 97
16 98
16 99
16 102
16 103
16 105
16 106
16 108
16 109
16 114
16 115
16 116
16 117
16 118
16 120
16 123
16 124
16 125
16 126
16 127
16 128
16 130
16 131
16 133
16 134
16 137
16 138
16 139
16 140
16 142
16 144
16 145
16 148
16 153
16 154
16 159
16 160
16 161
16 162
16 164
16 168
16 170
16 173
16 174
16 176
16 177
16 178
16 179
16 181
16 184
16 186
17 18
17 19
17 21
17 26
17 27
17 29
17 30
17 31
17 34
17 35
17 36
17 38
17 39
17 41
17 42
17 46
17 47
17 48
17 49
17 52
17 55
17 56
17 61
17 62
17 63
17 66
17 68
17 70
17 71
17 73
17 75
17 76
17 77
17 79
17 81
17 83
17 85
17 88
17 90
17 92
17 94
17 95
17 97
17 101
17 102
17 103
17 104
17 108
17 109
17 110
17 111
17 115
17 116
17 117
17 118
17 122
17 124
17 125
17 126
17 127
17 132
17 133
17 137
17 139
17 140
17 141
17 143
17 144
17 145
17 146
17 147
17 149
17 150
17 151
17 152
17 153
17 154
17 155
17 157
17 160
17 162
17 163
17 167
17 168
17 171
17 172
17 174
17 176
17 178
17 179
17 180
17 183
17 184
17 186
17 187
18 19
18 22
18 23
18 26
18 30
18 31
18 33
18 34
18 35
18 38
18 42
18 43
18 44
18 45
18 48
18 50
18 51
18 52
18 54
18 55
18 56
18 58
18 62
18 63
18 64
18 65
18 66
18 68
18 69
18 71
18 72
18 73
18 74
18 75
18 77
18 78
18 80
18 83
18 84
18 85
18 88
18 89
18 91
18 92
18 93
18 95
18 99
18 100
18 101
18 103
18 106
18 108
18 114
18 115
18 118
18 120
18 123
18 124
18 127
18 128
18 129
18 133
18 134
18 135
18 138
18 139
18 140
18 141
18 142
18 143
18 145
18 146
18 147
18 148
18 149
18 150
18 151
18 152
18 153
18 154
18 155
18 156
18 157
18 158
18 160
18 163
18 166
18 167
18 168
18 169
18 170
18 173
18 174
18 176
18 177
18 181
18 182
18 183
18 185
18 187
19 20
19 21
19 22
19 23
19 24
19 25
19 27
19 29
19 32
19 33
19 34
19 36
19 37
19 38
19 41
19 42
19 43
19 45
19 46
19 47
19 48
19 50
19 53
19 55
19 56
19 57
19 58
19 59
19 60
19 61
19 65
19 66
19 68
19 69
19 70
19 71
19 72
19 73
19 77
19 78
19 79
19 80
19 82
19 91
19 92
19 95
19 96
19 97
19 100
19 102
19 103
19 104
19 105
19 106
19 107
19 111
19 112
19 114
19 115
19 116
19 117
19 118
19 120
19 121
19 122
19 123
19 124
19 125
19 126
19 131
19 133
19 135
19 137
19 148
19 151
19 153
19 154
19 156
19 157
19 159
19 160
19 161
19 163
19 164
19 169
19 170
19 173
19 177
19 178
19 179
19 181
19 184
19 185
20 22
20 23
20 25
20 29
20 30
20 31
20 32
20 33
20 35
20 36
20 37
20 38
20 40
20 41
20 42
20 44
20 45
20 46
20 51
20 55
20 56
20 59
20 60
20 61
20 62
20 63
20 64
20 65
20 69
20 71
20 73
20 74
20 78
20 79
20 80
20 86
20 87
20 88
20 90
20 91
20 93
20 95
20 97
20 100
20 101
20 104
20 108
20 113
20 115
20 116
20 118
20 119
20 120
20 122
20 123
20 125
20 132
20 133
20 135
20 136
20 142
20 143
20 144
20 146
20 147
20 150
20 151
20 155
20 156
20 157
20 158
20 162
20 163
20 164
20 168
20 169
20 170
20 171
20 172
20 174
20 175
20 176
20 177
20 180
20 183
20 184
20 185
21 23
21 24
21 25
21 27
21 28
21 30
21 31
21 32
21 33
21 34
21 36
21 37
21 38
21 39
21 41
21 42
21 43
21 44
21 45
21 47
21 48
21 49
21 51
21 52
21 53
21 54
21 57
21 58
21 59
21 60
21 61
21 63
21 66
21 67
21 68
21 71
21 72
21 73
21 74
21 75
21 78
21 79
21 80
21 85
21 86
21 94
21 95
21 96
21 97
21 98
21 99
21 101
21 103
21 104
21 105
21 106
21 107
21 108
21 109
21 110
21 111
21 112
21 115
21 118
21 121
21 123
21 125
21 127
21 128
21 130
21 132
21 133
21 134
21 136
21 138
21 142
21 146
21 147
21 148
21 149
21 150
21 151
21 152
21 155
21 156
21 158
21 160
21 161
21 165
21 166
21 167
21 168
21 169
21 172
21 173
21 174
21 176
21 177
21 178
21 179
21 180
21 183
21 185
22 24
22 26
22 27
22 29
22 30
22 32
22 33
22 35
22 37
22 40
22 42
22 44
22 47
22 49
22 53
22 54
22 55
22 56
22 58
22 59
22 60
22 63
22 65
22 67
22 68
22 70
22 72
22 74
22 75
22 76
22 77
22 78
22 79
22 80
22 81
22 82
22 84
22 88
22 89
22 90
22 92
22 93
22 94
22 100
22 103
22 104
22 105
22 106
22 107
22 108
22 110
22 111
22 116
22 117
22 120
22 126
22 127
22 129
22 130
22 131
22 132
22 134
22 137
22 138
22 140
22 143
22 144
22 150
22 151
22 152
22 153
22 154
22 158
22 160
22 161
22 163
22 164
22 168
22 169
22 174
22 175
22 180
22 181
22 182
23 24
23 28
23 29
23 30
23 31
23 32
23 33
23 35
23 36
23 37
23 38
23 39
23 41
23 42
23 45
23 47
23 49
23 50
23 52
23 54
23 58
23 59
23 60
23 61
23 62
23 75
23 76
23 78
23 79
23 81
23 83
23 84
23 86
23 88
23 91
23 92
23 94
23 95
23 97
23 98
23 100
23 102
23 104
23 106
23 108
23 109
23 110
23 111
23 114
23 117
23 118
23 121
23 125
23 128
23 129
23 130
23 131
23 132
23 134
23 135
23 136
23 137
23 140
23 142
23 144
23 145
23 146
23 148
23 150
23 151
23 152
23 153
23 156
23 158
23 160
23 164
23 165
23 166
23 172
23 173
23 175
23 177
23 178
23 179
23 181
23 183
24 25
24 27
24 28
24 30
24 31
24 32
24 33
24 34
24 36
24 37
24 38
24 39
24 40
24 41
24 42
24 47
24 50
24 52
24 53
24 56
24 61
24 62
24 64
24 65
24 67
24 68
24 69
24 70
24 71
24 78
24 79
24 81
24 82
24 83
24 84
24 85
24 86
24 89
24 96
24 97
24 99
24 100
24 101
24 102
24 104
24 105
24 113
24 114
24 115
24 117
24 118
24 119
24 120
24 122
24 124
24 125
24 126
24 127
24 128
24 131
24 133
24 134
24 135
24 136
24 138
24 141
24 143
24 144
24 146
24 149
24 152
24 153
24 154
24 155
24 156
24 158
24 159
24 161
24 162
24 163
24 164
24 165
24 166
24 169
24 170
24 172
24 173
24 174
24 177
24 179
24 181
24 182
24 185
24 187
25 26
25 29
25 30
25 31
25 34
25 35
25 36
25 37
25 38
25 40
25 41
25 42
25 43
25 45
25 46
25 47
25 48
25 49
25 50
25 52
25 55
25 56
25 58
25 59
25 61
25 62
25 63
25 69
25 70
25 71
25 74
25 79
25 80
25 81
25 82
25 88
25 93
25 94
25 97
25 98
25 101
25 102
25 103
25 105
25 106
25 107
25 108
25 109
25 111
25 112
25 115
25 116
25 118
25 120
25 121
25 122
25 123
25 124
25 125
25 129
25 130
25 134
25 135
25 136
25 137
25 139
25 140
25 142
25 143
25 144
25 145
25 147
25 148
25 149
25 150
25 152
25 153
25 155
25 157
25 161
25 163
25 166
25 170
25 171
25 173
25 175
25 176
25 180
25 182
26 28
26 30
26 31
26 33
26 34
26 36
26 38
26 39
26 41
26 42
26 45
26 48
26 50
26 51
26 54
26 55
26 56
26 59
26 60
26 61
26 62
26 66
26 70
26 72
26 73
26 74
26 75
26 76
26 79
26 83
26 86
26 90
26 93
26 95
26 98
26 100
26 103
26 106
26 108
26 110
26 111
26 112
26 113
26 115
26 116
26 118
26 121
26 122
26 123
26 125
26 128
26 129
26 130
26 135
26 136
26 137
26 138
26 139
26 141
26 143
26 147
26 150
26 152
26 153
26 155
26 156
26 157
26 160
26 162
26 163
26 164
26 165
26 167
26 168
26 170
26 171
26 173
26 175
26 176
26 178
26 179
26 180
26 181
26 183
26 184
26 185
26 186
26 187
27 28
27 29
27 31
27 32
27 33
27 42
27 43
27 44
27 45
27 46
27 48
27 49
27 52
27 54
27 55
27 56
27 58
27 59
27 60
27 62
27 64
27 65
27 66
27 67
27 68
27 71
27 72
27 74
27 75
27 76
27 80
27 81
27 82
27 84
27 87
27 88
27 90
27 91
27 93
27 94
27 96
27 97
27 98
27 100
27 103
27 104
27 105
27 106
27 107
27 108
27 109
27 112
27 113
27 115
27 116
27 117
27 122
27 124
27 126
27 131
27 135
27 140
27 143
27 146
27 147
27 148
27 149
27 154
27 155
27 159
27 160
27 162
27 165
27 166
27 167
27 168
27 169
27 170
27 173
27 175
27 176
27 177
27 178
27 180
27 183
27 184
27 187
28 29
28 33
28 34
28 35
28 36
28 37
28 40
28 41
28 44
28 45
28 46
28 49
28 50
28 52
28 53
28 54
28 55
28 57
28 58
28 59
28 65
28 67
28 71
28 73
28 75
28 76
28 77
28 80
28 81
28 83
28 85
28 91
28 92
28 93
28 94
28 95
28 96
28 97
28 98
28 101
28 102
28 104
28 106
28 109
28 110
28 112
28 114
28 120
28 121
28 122
28 123
28 125
28 126
28 128
28 129
28 131
28 133
28 138
28 139
28 142
28 143
28 144
28 146
28 147
28 154
28 155
28 156
28 157
28 158
28 159
28 161
28 162
28 164
28 165
28 166
28 168
28 171
28 174
28 175
28 177
28 178
28 179
28 182
28 187
29 31
29 32
29 34
29 36
29 37
29 38
29 39
29 40
29 42
29 43
29 44
29 45
29 46
29 47
29 48
29 49
29 52
29 53
29 54
29 55
29 56
29 57
29 58
29 59
29 63
29 64
29 67
29 70
29 73
29 78
29 79
29 85
29 86
29 87
29 89
29 92
29 94
29 95
29 96
29 98
29 99
29 101
29 103
29 105
29 106
29 107
29 108
29 110
29 111
29 113
29 114
29 117
29 118
29 119
29 121
29 123
29 125
29 126
29 131
29 133
29 136
29 137
29 138
29 139
29 144
29 146
29 148
29 150
29 151
29 152
29 154
29 155
29 156
29 157
29 160
29 164
29 167
29 169
29 172
29 173
29 175
29 180
29 181
29 182
29 183
29 185
30 31
30 32
30 33
30 34
30 36
30 37
30 38
30 39
30 40
30 42
30 46
30 50
30 51
30 52
30 54
30 56
30 57
30 58
30 61
30 62
30 63
30 66
30 71
30 73
30 74
30 79
30 84
30 86
30 88
30 89
30 91
30 95
30 96
30 100
30 103
30 104
30 107
30 109
30 112
30 114
30 115
30 118
30 119
30 120
30 123
30 125
30 126
30 127
30 128
30 129
30 130
30 134
30 135
30 136
30 137
30 138
30 139
30 140
30 142
30 143
30 145
30 148
30 149
30 152
30 153
30 161
30 163
30 164
30 167
30 169
30 172
30 179
30 180
30 181
30 182
30 184
30 186
30 187
31 32
31 37
31 38
31 39
31 40
31 41
31 42
31 43
31 44
31 45
31 46
31 48
31 49
31 51
31 52
31 53
31 54
31 58
31 59
31 61
31 62
31 64
31 65
31 67
31 68
31 70
31 71
31 74
31 75
31 76
31 77
31 78
31 81
31 82
31 83
31 86
31 88
31 89
31 90
31 97
31 98
31 100
31 102
31 105
31 106
31 108
31 111
31 112
31 113
31 116
31 117
31 118
31 119
31 121
31 125
31 131
31 133
31 135
31 138
31 139
31 141
31 142
31 147
31 148
31 152
31 154
31 155
31 156
31 157
31 158
31 162
31 166
31 167
31 169
31 170
31 171
31 178
31 182
31 183
31 185
31 186
32 33
32 35
32 36
32 37
32 40
32 43
32 44
32 46
32 47
32 48
32 49
32 50
32 54
32 58
32 60
32 63
32 65
32 68
32 72
32 75
32 76
32 77
32 80
32 81
32 82
32 84
32 85
32 86
32 87
32 88
32 89
32 94
32 97
32 98
32 99
32 102
32 103
32 104
32 105
32 106
32 107
32 108
32 109
32 111
32 114
32 120
32 121
32 122
32 124
32 125
32 126
32 127
32 128
32 129
32 131
32 132
32 134
32 138
32 139
32 141
32 144
32 145
32 146
32 148
32 151
32 154
32 155
32 162
32 163
32 164
32 165
32 171
32 172
32 173
32 174
32 175
32 176
32 178
32 180
32 181
32 184
32 187
33 34
33 39
33 40
33 42
33 44
33 45
33 46
33 47
33 50
33 52
33 53
33 57
33 62
33 63
33 64
33 68
33 69
33 70
33 71
33 72
33 77
33 78
33 79
33 82
33 84
33 85
33 86
33 88
33 89
33 90
33 91
33 92
33 95
33 98
33 99
33 101
33 103
33 104
33 106
33 107
33 108
33 111
33 112
33 114
33 115
33 118
33 119
33 120
33 121
33 123
33 124
33 126
33 129
33 130
33 131
33 132
33 135
33 137
33 139
33 143
33 144
33 145
33 147
33 151
33 152
33 153
33 156
33 158
33 160
33 161
33 162
33 165
33 168
33 170
33 173
33 179
33 180
33 181
33 182
33 183
33 184
33 185
33 186
34 38
34 44
34 45
34 48
34 50
34 52
34 53
34 55
34 59
34 60
34 61
34 62
34 64
34 65
34 66
34 69
34 70
34 71
34 73
34 74
34 75
34 76
34 78
34 79
34 80
34 81
34 82
34 84
34 87
34 89
34 90
34 91
34 92
34 97
34 99
34 101
34 103
34 105
34 106
34 107
34 108
34 109
34 110
34 111
34 116
34 118
34 119
34 121
34 122
34 124
34 126
34 129
34 130
34 133
34 134
34 135
34 136
34 137
34 138
34 139
34 141
34 142
34 144
34 145
34 146
34 151
34 152
34 154
34 156
34 157
34 162
34 163
34 164
34 167
34 170
34 173
34 175
34 177
34 179
34 180
34 181
34 182
34 183
34 184
34 186
34 187
35 36
35 40
35 42
35 45
35 47
35 49
35 51
35 53
35 54
35 55
35 57
35 60
35 61
35 62
35 64
35 65
35 68
35 70
35 71
35 72
35 73
35 78
35 79
35 80
35 83
35 84
35 88
35 89
35 90
35 91
35 93
35 94
35 96
35 98
35 99
35 100
35 105
35 108
35 109
35 111
35 115
35 116
35 117
35 119
35 120
35 123
35 126
35 127
35 128
35 130
35 131
35 132
35 133
35 134
35 139
35 140
35 141
35 142
35 145
35 146
35 148
35 149
35 153
35 154
35 155
35 157
35 158
35 160
35 165
35 167
35 168
35 170
35 171
35 173
35 175
35 176
35 183
35 187
36 39
36 43
36 45
36 46
36 49
36 50
36 51
36 53
36 55
36 56
36 57
36 58
36 59
36 61
36 64
36 65
36 66
36 70
36 71
36 72
36 73
36 75
36 76
36 77
36 78
36 80
36 81
36 82
36 85
36 87
36 88
36 89
36 91
36 92
36 94
36 95
36 98
36 101
36 102
36 103
36 104
36 107
36 110
36 113
36 119
36 121
36 123
36 124
36 126
36 127
36 132
36 134
36 135
36 136
36 138
36 139
36 141
36 142
36 143
36 144
36 145
36 147
36 150
36 151
36 153
36 155
36 156
36 157
36 159
36 162
36 164
36 165
36 166
36 171
36 172
36 173
36 175
36 178
36 179
36 182
36 184
36 185
37 39
37 41
37 42
37 45
37 46
37 48
37 51
37 52
37 53
37 54
37 55
37 58
37 60
37 64
37 65
37 67
37 68
37 69
37 72
37 73
37 75
37 77
37 78
37 80
37 81
37 82
37 83
37 87
37 89
37 91
37 92
37 95
37 96
37 99
37 100
37 101
37 103
37 107
37 108
37 109
37 112
37 118
37 120
37 121
37 122
37 127
37 130
37 134
37 135
37 136
37 138
37 140
37 141
37 142
37 144
37 151
37 152
37 153
37 154
37 155
37 159
37 160
37 162
37 163
37 164
37 173
37 176
37 177
37 180
37 182
37 184
37 187
38 39
38 41
38 43
38 44
38 46
38 47
38 48
38 50
38 54
38 55
38 56
38 57
38 58
38 59
38 60
38 61
38 64
38 65
38 66
38 68
38 69
38 71
38 72
38 73
38 74
38 76
38 79
38 83
38 85
38 87
38 89
38 93
38 95
38 96
38 97
38 100
38 102
38 106
38 108
38 109
38 111
38 112
38 114
38 119
38 122
38 123
38 124
38 125
38 126
38 127
38 128
38 129
38 130
38 131
38 132
38 135
38 137
38 143
38 144
38 147
38 151
38 153
38 154
38 155
38 156
38 157
38 159
38 164
38 165
38 166
38 167
38 170
38 171
38 172
38 173
38 175
38 176
38 177
38 180
38 182
38 187
39 40
39 41
39 42
39 46
39 47
39 48
39 50
39 52
39 53
39 54
39 56
39 57
39 59
39 60
39 61
39 62
39 63
39 68
39 70
39 73
39 75
39 76
39 77
39 78
39 79
39 80
39 81
39 82
39 83
39 89
39 90
39 91
39 93
39 95
39 99
39 101
39 103
39 104
39 111
39 112
39 116
39 118
39 119
39 121
39 122
39 124
39 126
39 127
39 135
39 136
39 137
39 139
39 140
39 142
39 143
39 144
39 146
39 147
39 148
39 150
39 151
39 152
39 153
39 156
39 159
39 161
39 165
39 169
39 170
39 171
39 172
39 173
39 174
39 178
39 179
39 180
39 182
39 184
39 185
39 186
40 41
40 45
40 54
40 55
40 57
40 64
40 65
40 66
40 68
40 69
40 70
40 71
40 72
40 74
40 75
40 79
40 81
40 82
40 83
40 84
40 85
40 86
40 88
40 89
40 90
40 93
40 97
40 99
40 100
40 101
40 103
40 104
40 107
40 109
40 112
40 113
40 115
40 117
40 119
40 121
40 122
40 125
40 126
40 127
40 132
40 133
40 134
40 135
40 136
40 139
40 145
40 146
40 150
40 156
40 157
40 158
40 159
40 164
40 165
40 166
40 167
40 169
40 172
40 174
40 175
40 177
40 179
40 180
40 181
40 187
41 43
41 45
41 46
41 47
41 50
41 51
41 54
41 56
41 61
41 62
41 64
41 66
41 67
41 69
41 70
41 72
41 77
41 78
41 79
41 80
41 82
41 84
41 89
41 90
41 93
41 95
41 96
41 98
41 99
41 100
41 101
41 102
41 104
41 110
41 111
41 112
41 113
41 114
41 115
41 116
41 118
41 120
41 128
41 130
41 132
41 133
41 135
41 136
41 137
41 145
41 146
41 148
41 149
41 150
41 153
41 155
41 156
41 159
41 160
41 162
41 163
41 164
41 167
41 170
41 171
41 172
41 185
42 43
42 44
42 45
42 46
42 49
42 52
42 55
42 60
42 61
42 62
42 66
42 70
42 71
42 72
42 73
42 74
42 76
42 77
42 78
42 80
42 82
42 84
42 85
42 88
42 91
42 92
42 93
42 94
42 96
42 97
42 98
42 99
42 101
42 103
42 104
42 105
42 110
42 111
42 112
42 114
42 115
42 118
42 119
42 120
42 122
42 124
42 126
42 128
42 135
42 137
42 139
42 143
42 145
42 146
42 151
42 154
42 156
42 157
42 158
42 159
42 160
42 163
42 166
42 168
42 169
42 171
42 172
42 173
42 175
42 176
42 177
42 181
42 182
43 46
43 47
43 48
43 49
43 51
43 52
43 53
43 55
43 56
43 57
43 58
43 61
43 63
43 65
43 66
43 67
43 69
43 70
43 71
43 72
43 73
43 81
43 82
43 83
43 85
43 87
43 90
43 94
43 96
43 97
43 98
43 99
43 101
43 105
43 106
43 107
43 109
43 110
43 111
43 112
43 114
43 115
43 116
43 117
43 119
43 120
43 121
43 123
43 125
43 126
43 127
43 129
43 130
43 131
43 133
43 137
43 139
43 141
43 142
43 143
43 147
43 149
43 155
43 156
43 162
43 164
43 165
43 168
43 169
43 170
43 171
43 173
43 174
43 176
43 177
43 178
43 180
43 181
43 184
43 185
43 186
43 187
44 45
44 48
44 49
44 50
44 51
44 53
44 54
44 56
44 58
44 59
44 61
44 62
44 63
44 64
44 65
44 67
44 68
44 69
44 71
44 74
44 75
44 76
44 77
44 78
44 79
44 81
44 82
44 85
44 88
44 89
44 90
44 91
44 93
44 94
44 95
44 96
44 97
44 98
44 100
44 104
44 105
44 106
44 109
44 110
44 115
44 116
44 117
44 118
44 119
44 121
44 124
44 129
44 130
44 132
44 134
44 136
44 137
44 139
44 140
44 143
44 155
44 157
44 160
44 161
44 164
44 165
44 167
44 170
44 172
44 173
44 176
44 178
44 179
44 181
44 182
44 183
44 184
44 187
45 46
45 47
45 49
45 50
45 51
45 53
45 55
45 56
45 58
45 59
45 69
45 71
45 72
45 73
45 74
45 76
45 77
45 80
45 81
45 82
45 83
45 84
45 85
45 86
45 87
45 88
45 90
45 97
45 102
45 103
45 104
45 109
45 110
45 111
45 112
45 113
45 114
45 117
45 120
45 121
45 122
45 123
45 124
45 125
45 127
45 135
45 138
45 139
45 140
45 141
45 143
45 144
45 145
45 146
45 147
45 149
45 150
45 151
45 152
45 154
45 155
45 157
45 161
45 163
45 165
45 166
45 167
45 168
45 170
45 171
45 173
45 176
45 179
45 185
45 186
46 47
46 48
46 51
46 52
46 57
46 58
46 59
46 60
46 62
46 63
46 64
46 66
46 69
46 70
46 72
46 73
46 74
46 76
46 77
46 79
46 82
46 84
46 85
46 87
46 88
46 94
46 95
46 96
46 97
46 98
46 100
46 101
46 104
46 107
46 108
46 110
46 111
46 113
46 115
46 116
46 117
46 118
46 123
46 127
46 128
46 129
46 130
46 131
46 132
46 134
46 135
46 136
46 137
46 138
46 139
46 140
46 141
46 142
46 144
46 145
46 149
46 153
46 154
46 155
46 156
46 160
46 162
46 164
46 165
46 170
46 171
46 176
46 177
46 179
46 182
46 184
46 185
46 186
46 187
47 49
47 52
47 54
47 55
47 56
47 61
47 64
47 65
47 67
47 68
47 70
47 71
47 74
47 76
47 78
47 82
47 83
47 84
47 86
47 87
47 91
47 92
47 94
47 96
47 98
47 99
47 101
47 102
47 104
47 106
47 107
47 109
47 111
47 113
47 114
47 115
47 116
47 117
47 122
47 124
47 126
47 127
47 128
47 129
47 130
47 132
47 135
47 138
47 141
47 143
47 147
47 149
47 153
47 155
47 158
47 160
47 161
47 163
47 165
47 171
47 173
47 174
47 175
47 176
47 178
47 180
47 187
48 49
48 50
48 51
48 53
48 55
48 56
48 59
48 60
48 61
48 62
48 63
48 66
48 68
48 69
48 72
48 73
48 76
48 79
48 80
48 81
48 82
48 83
48 86
48 87
48 88
48 90
48 94
48 100
48 101
48 104
48 106
48 107
48 111
48 114
48 116
48 117
48 120
48 121
48 122
48 124
48 126
48 127
48 130
48 131
48 133
48 134
48 136
48 137
48 138
48 139
48 140
48 141
48 142
48 143
48 144
48 147
48 149
48 150
48 151
48 152
48 155
48 157
48 158
48 164
48 169
48 170
48 171
48 172
48 173
48 174
48 176
48 179
48 181
48 182
48 183
48 185
49 51
49 52
49 53
49 54
49 55
49 59
49 60
49 62
49 67
49 69
49 71
49 76
49 78
49 80
49 81
49 82
49 83
49 85
49 86
49 88
49 90
49 91
49 92
49 93
49 99
49 100
49 102
49 103
49 105
49 106
49 108
49 112
49 114
49 115
49 116
49 117
49 119
49 121
49 122
49 123
49 124
49 127
49 130
49 133
49 134
49 135
49 136
49 138
49 139
49 140
49 142
49 143
49 145
49 148
49 150
49 155
49 158
49 163
49 165
49 169
49 170
49 173
49 174
49 179
49 180
49 182
49 183
49 184
49 187
50 59
50 61
50 62
50 64
50 65
50 66
50 67
50 68
50 69
50 70
50 71
50 74
50 75
50 76
50 78
50 80
50 81
50 82
50 83
50 84
50 86
50 87
50 89
50 91
50 92
50 93
50 95
50 96
50 97
50 100
50 101
50 102
50 103
50 106
50 107
50 109
50 110
50 111
50 113
50 114
50 116
50 117
50 125
50 126
50 129
50 132
50 135
50 136
50 138
50 139
50 140
50 141
50 143
50 146
50 147
50 151
50 154
50 156
50 157
50 158
50 162
50 164
50 167
50 170
50 171
50 172
50 173
50 175
50 177
50 180
50 183
50 186
50 187
51 55
51 56
51 58
51 59
51 60
51 62
51 63
51 65
51 66
51 67
51 70
51 73
51 74
51 75
51 76
51 78
51 79
51 81
51 82
51 83
51 87
51 88
51 89
51 90
51 94
51 95
51 96
51 98
51 100
51 102
51 103
51 107
51 109
51 113
51 115
51 116
51 117
51 118
51 119
51 121
51 125
51 126
51 127
51 128
51 130
51 134
51 135
51 140
51 142
51 144
51 145
51 146
51 148
51 151
51 153
51 156
51 157
51 158
51 159
51 161
51 162
51 163
51 164
51 165
51 166
51 167
51 169
51 170
51 175
51 176
51 177
51 178
51 179
51 180
51 182
51 185
51 186
52 54
52 56
52 58
52 59
52 60
52 62
52 63
52 65
52 67
52 69
52 70
52 71
52 73
52 75
52 76
52 79
52 80
52 81
52 82
52 83
52 84
52 85
52 86
52 88
52 90
52 93
52 94
52 95
52 97
52 98
52 101
52 102
52 103
52 107
52 108
52 109
52 110
52 112
52 115
52 118
52 121
52 122
52 124
52 125
52 127
52 128
52 129
52 134
52 136
52 137
52 139
52 142
52 143
52 144
52 148
52 149
52 150
52 152
52 153
52 154
52 155
52 156
52 157
52 158
52 159
52 164
52 165
52 167
52 170
52 172
52 173
52 177
52 178
52 181
52 182
52 183
52 185
52 186
53 55
53 56
53 58
53 63
53 66
53 67
53 68
53 69
53 70
53 71
53 72
53 73
53 75
53 79
53 83
53 84
53 86
53 87
53 88
53 89
53 91
53 92
53 94
53 96
53 98
53 99
53 101
53 102
53 103
53 104
53 108
53 109
53 110
53 112
53 113
53 117
53 118
53 120
53 121
53 122
53 123
53 126
53 131
53 134
53 135
53 138
53 140
53 141
53 146
53 147
53 149
53 150
53 152
53 153
53 156
53 157
53 158
53 163
53 165
53 166
53 168
53 169
53 172
53 176
53 179
53 184
53 186
54 55
54 58
54 59
54 60
54 62
54 63
54 64
54 65
54 66
54 67
54 68
54 69
54 70
54 71
54 76
54 77
54 78
54 80
54 84
54 85
54 86
54 89
54 90
54 91
54 92
54 93
54 95
54 97
54 98
54 101
54 103
54 104
54 107
54 109
54 112
54 115
54 117
54 119
54 120
54 121
54 123
54 125
54 128
54 132
54 140
54 145
54 146
54 149
54 155
54 156
54 158
54 159
54 162
54 163
54 167
54 168
54 170
54 171
54 172
54 173
54 178
54 179
54 181
54 183
55 57
55 59
55 60
55 61
55 62
55 65
55 66
55 68
55 70
55 73
55 75
55 76
55 77
55 79
55 81
55 82
55 83
55 84
55 85
55 87
55 89
55 91
55 92
55 93
55 94
55 101
55 102
55 105
55 106
55 107
55 112
55 113
55 115
55 116
55 117
55 120
55 121
55 124
55 125
55 127
55 129
55 130
55 131
55 132
55 135
55 136
55 138
55 139
55 141
55 142
55 145
55 146
55 148
55 149
55 151
55 154
55 157
55 158
55 162
55 164
55 168
55 172
55 177
55 178
55 180
55 181
55 186
56 59
56 60
56 61
56 63
56 67
56 68
56 70
56 72
56 73
56 76
56 77
56 79
56 80
56 81
56 84
56 86
56 87
56 88
56 89
56 91
56 94
56 96
56 97
56 99
56 100
56 102
56 105
56 106
56 108
56 111
56 112
56 114
56 116
56 117
56 119
56 120
56 121
56 123
56 125
56 126
56 129
56 131
56 133
56 136
56 137
56 139
56 141
56 143
56 144
56 145
56 148
56 152
56 155
56 156
56 161
56 163
56 164
56 168
56 173
56 178
56 180
56 181
56 183
56 185
56 186
56 187
57 58
57 60
57 61
57 64
57 65
57 66
57 68
57 69
57 70
57 73
57 74
57 80
57 83
57 84
57 85
57 87
57 88
57 89
57 91
57 93
57 95
57 98
57 102
57 103
57 108
57 109
57 111
57 115
57 119
57 124
57 125
57 127
57 128
57 130
57 134
57 136
57 137
57 138
57 140
57 141
57 143
57 145
57 146
57 147
57 148
57 150
57 151
57 154
57 156
57 159
57 161
57 162
57 164
57 167
57 168
57 169
57 170
57 172
57 173
57 175
57 176
57 177
57 178
57 179
57 180
57 181
57 183
57 185
58 60
58 62
58 63
58 66
58 69
58 70
58 71
58 73
58 78
58 85
58 86
58 87
58 89
58 90
58 92
58 94
58 96
58 101
58 103
58 104
58 105
58 107
58 108
58 109
58 110
58 112
58 113
58 117
58 118
58 120
58 121
58 122
58 123
58 126
58 127
58 128
58 129
58 130
58 131
58 133
58 134
58 139
58 141
58 142
58 143
58 145
58 148
58 150
58 151
58 153
58 157
58 158
58 160
58 161
58 163
58 164
58 165
58 170
58 171
58 172
58 173
58 176
58 180
58 183
58 186
59 60
59 63
59 64
59 65
59 66
59 67
59 68
59 70
59 72
59 73
59 74
59 75
59 76
59 77
59 79
59 80
59 83
59 84
59 85
59 87
59 92
59 95
59 96
59 97
59 100
59 101
59 103
59 106
59 110
59 111
59 112
59 113
59 114
59 125
59 127
59 129
59 131
59 132
59 135
59 136
59 139
59 142
59 143
59 144
59 145
59 146
59 148
59 149
59 150
59 151
59 152
59 153
59 155
59 157
59 158
59 159
59 160
59 163
59 164
59 165
59 166
59 168
59 173
59 174
59 179
59 180
59 183
59 186
60 61
60 62
60 63
60 65
60 68
60 70
60 73
60 76
60 77
60 78
60 79
60 81
60 82
60 83
60 85
60 86
60 89
60 90
60 96
60 97
60 102
60 103
60 104
60 105
60 107
60 108
60 109
60 110
60 111
60 112
60 116
60 118
60 120
60 122
60 123
60 125
60 126
60 127
60 128
60 133
60 135
60 136
60 137
60 140
60 142
60 143
60 147
60 150
60 152
60 153
60 160
60 161
60 163
60 165
60 167
60 169
60 171
60 176
60 177
60 182
60 183
60 186
60 187
61 62
61 63
61 65
61 68
61 69
61 71
61 72
61 74
61 75
61 76
61 78
61 79
61 82
61 83
61 86
61 88
61 89
61 91
61 92
61 93
61 94
61 95
61 96
61 97
61 100
61 103
61 104
61 105
61 107
61 109
61 110
61 111
61 114
61 115
61 117
61 119
61 124
61 125
61 129
61 131
61 134
61 136
61 138
61 139
61 140
61 144
61 145
61 146
61 148
61 149
61 152
61 155
61 156
61 157
61 160
61 164
61 165
61 167
61 168
61 169
61 178
61 179
61 180
61 183
61 187
62 63
62 65
62 72
62 74
62 76
62 79
62 82
62 85
62 86
62 88
62 89
62 90
62 91
62 93
62 94
62 96
62 98
62 99
62 102
62 103
62 104
62 106
62 109
62 113
62 114
62 116
62 118
62 119
62 121
62 122
62 123
62 124
62 126
62 128
62 130
62 132
62 134
62 138
62 140
62 141
62 142
62 144
62 145
62 147
62 148
62 149
62 151
62 153
62 155
62 157
62 158
62 161
62 165
62 170
62 173
62 179
62 181
62 182
62 183
62 184
62 187
63 64
63 66
63 68
63 69
63 70
63 71
63 72
63 77
63 78
63 79
63 81
63 82
63 83
63 84
63 85
63 86
63 87
63 92
63 93
63 94
63 95
63 96
63 97
63 98
63 99
63 105
63 106
63 107
63 108
63 109
63 110
63 115
63 116
63 117
63 118
63 122
63 126
63 127
63 129
63 130
63 136
63 137
63 138
63 141
63 142
63 143
63 144
63 146
63 148
63 149
63 150
63 156
63 157
63 160
63 162
63 163
63 164
63 167
63 170
63 175
63 176
63 180
63 181
63 185
63 186
63 187
64 67
64 68
64 70
64 73
64 74
64 75
64 79
64 81
64 83
64 84
64 85
64 87
64 88
64 93
64 94
64 95
64 97
64 98
64 100
64 101
64 102
64 107
64 108
64 110
64 111
64 112
64 119
64 120
64 122
64 124
64 125
64 128
64 131
64 132
64 133
64 134
64 137
64 138
64 141
64 142
64 144
64 145
64 147
64 148
64 152
64 153
64 158
64 159
64 161
64 164
64 165
64 166
64 167
64 168
64 171
64 172
64 180
64 181
64 183
64 187
65 66
65 67
65 71
65 72
65 73
65 74
65 75
65 77
65 81
65 82
65 84
65 87
65 90
65 91
65 92
65 94
65 99
65 101
65 102
65 103
65 104
65 105
65 107
65 109
65 112
65 114
65 117
65 118
65 120
65 123
65 124
65 127
65 128
65 131
65 133
65 137
65 142
65 144
65 149
65 150
65 160
65 161
65 162
65 165
65 166
65 167
65 168
65 169
65 173
65 175
65 180
65 181
65 182
65 183
66 68
66 69
66 71
66 73
66 75
66 79
66 80
66 82
66 84
66 85
66 86
66 87
66 88
66 89
66 90
66 95
66 98
66 101
66 103
66 104
66 107
66 108
66 110
66 111
66 113
66 117
66 118
66 119
66 120
66 121
66 127
66 128
66 130
66 131
66 132
66 133
66 134
66 138
66 139
66 144
66 147
66 151
66 152
66 153
66 156
66 158
66 160
66 161
66 162
66 163
66 165
66 168
66 169
66 170
66 174
66 175
66 176
66 180
66 181
66 182
66 187
67 71
67 74
67 78
67 79
67 82
67 84
67 85
67 86
67 88
67 89
67 90
67 91
67 92
67 94
67 96
67 98
67 99
67 102
67 104
67 105
67 106
67 109
67 110
67 111
67 112
67 114
67 116
67 117
67 118
67 120
67 123
67 124
67 125
67 126
67 128
67 132
67 134
67 135
67 137
67 140
67 143
67 144
67 145
67 146
67 147
67 148
67 149
67 150
67 151
67 152
67 153
67 154
67 158
67 159
67 160
67 168
67 169
67 171
67 174
67 175
67 176
67 177
67 178
67 179
67 180
67 182
67 183
67 184
67 185
68 72
68 73
68 74
68 76
68 77
68 78
68 79
68 80
68 81
68 82
68 84
68 87
68 88
68 89
68 90
68 92
68 93
68 94
68 96
68 97
68 98
68 99
68 102
68 109
68 110
68 111
68 112
68 115
68 116
68 117
68 119
68 120
68 121
68 122
68 124
68 126
68 128
68 130
68 131
68 135
68 137
68 138
68 140
68 145
68 148
68 150
68 153
68 154
68 156
68 158
68 160
68 163
68 167
68 170
68 174
68 175
68 176
68 177
68 178
68 180
68 181
68 183
68 186
68 187
69 71
69 72
69 75
69 77
69 79
69 80
69 81
69 83
69 84
69 87
69 88
69 89
69 90
69 91
69 92
69 94
69 96
69 97
69 101
69 103
69 107
69 110
69 111
69 113
69 114
69 115
69 116
69 120
69 123
69 126
69 127
69 129
69 134
69 135
69 136
69 137
69 145
69 146
69 149
69 151
69 152
69 154
69 155
69 158
69 159
69 166
69 167
69 168
69 174
69 175
69 176
69 177
69 178
69 183
69 185
69 186
70 71
70 72
70 73
70 74
70 75
70 80
70 82
70 83
70 85
70 86
70 87
70 89
70 92
70 93
70 94
70 96
70 97
70 101
70 102
70 103
70 106
70 110
70 111
70 112
70 113
70 114
70 116
70 117
70 118
70 119
70 120
70 122
70 123
70 124
70 126
70 128
70 129
70 133
70 135
70 136
70 137
70 138
70 141
70 144
70 146
70 149
70 150
70 153
70 154
70 155
70 156
70 157
70 163
70 166
70 167
70 168
70 169
70 170
70 172
70 176
70 177
70 178
70 179
70 181
70 182
71 72
71 73
71 76
71 78
71 79
71 80
71 82
71 83
71 88
71 91
71 92
71 94
71 95
71 97
71 99
71 101
71 104
71 105
71 106
71 108
71 109
71 110
71 111
71 114
71 118
71 119
71 121
71 122
71 123
71 124
71 126
71 129
71 130
71 131
71 132
71 133
71 134
71 135
71 138
71 139
71 147
71 148
71 149
71 153
71 156
71 159
71 163
71 165
71 166
71 169
71 170
71 171
71 174
71 177
71 179
71 181
71 185
71 187
72 74
72 78
72 79
72 80
72 83
72 89
72 90
72 91
72 93
72 95
72 98
72 99
72 101
72 102
72 103
72 104
72 107
72 108
72 112
72 113
72 114
72 115
72 118
72 119
72 123
72 124
72 125
72 129
72 130
72 131
72 133
72 134
72 135
72 137
72 138
72 139
72 140
72 141
72 142
72 147
72 148
72 149
72 150
72 151
72 155
72 158
72 165
72 166
72 168
72 170
72 171
72 173
72 174
72 175
72 177
72 178
72 185
72 187
73 74
73 77
73 78
73 79
73 85
73 87
73 91
73 92
73 94
73 95
73 96
73 99
73 100
73 101
73 103
73 104
73 105
73 106
73 110
73 111
73 112
73 117
73 120
73 121
73 123
73 125
73 126
73 128
73 129
73 132
73 134
73 136
73 137
73 138
73 139
73 145
73 147
73 149
73 150
73 152
73 156
73 159
73 160
73 163
73 164
73 166
73 167
73 168
73 170
73 171
73 176
73 178
73 179
73 182
73 184
73 185
73 187
74 78
74 81
74 82
74 83
74 85
74 86
74 89
74 90
74 91
74 92
74 94
74 96
74 97
74 98
74 100
74 102
74 103
74 104
74 105
74 106
74 107
74 113
74 114
74 115
74 116
74 120
74 121
74 124
74 125
74 126
74 127
74 130
74 131
74 132
74 134
74 136
74 137
74 140
74 141
74 143
74 144
74 146
74 147
74 148
74 151
74 155
74 156
74 158
74 159
74 160
74 161
74 167
74 168
74 169
74 171
74 172
74 174
74 181
75 76
75 77
75 78
75 79
75 80
75 82
75 83
75 84
75 86
75 87
75 88
75 90
75 91
75 92
75 93
75 95
75 96
75 98
75 99
75 101
75 102
75 103
75 104
75 105
75 112
75 114
75 115
75 118
75 119
75 121
75 122
75 123
75 125
75 126
75 128
75 129
75 130
75 132
75 137
75 140
75 142
75 145
75 146
75 150
75 151
75 152
75 155
75 156
75 158
75 159
75 162
75 166
75 168
75 170
75 171
75 173
75 179
75 181
75 183
75 185
76 77
76 80
76 83
76 87
76 90
76 91
76 92
76 93
76 94
76 96
76 98
76 99
76 102
76 104
76 110
76 111
76 113
76 114
76 119
76 120
76 122
76 123
76 124
76 126
76 128
76 131
76 133
76 134
76 135
76 136
76 137
76 139
76 141
76 142
76 146
76 147
76 148
76 150
76 153
76 156
76 157
76 159
76 160
76 163
76 166
76 169
76 170
76 171
76 173
76 174
76 175
76 176
76 179
76 182
76 183
76 185
77 78
77 80
77 83
77 84
77 85
77 87
77 88
77 90
77 91
77 93
77 95
77 98
77 99
77 100
77 102
77 103
77 105
77 106
77 107
77 109
77 111
77 121
77 122
77 124
77 128
77 130
77 132
77 136
77 138
77 140
77 141
77 144
77 145
77 146
77 148
77 150
77 154
77 155
77 156
77 158
77 161
77 162
77 163
77 166
77 167
77 168
77 169
77 171
77 172
77 173
77 174
77 178
77 179
77 180
77 182
77 183
77 184
77 186
78 79
78 80
78 81
78 83
78 84
78 86
78 88
78 89
78 90
78 94
78 95
78 98
78 99
78 100
78 105
78 107
78 109
78 113
78 114
78 117
78 119
78 123
78 127
78 129
78 132
78 135
78 140
78 142
78 143
78 144
78 145
78 146
78 149
78 151
78 156
78 159
78 161
78 164
78 165
78 166
78 167
78 168
78 169
78 170
78 173
78 175
78 177
78 179
78 181
78 182
78 184
78 186
79 81
79 82
79 86
79 87
79 92
79 94
79 99
79 100
79 104
79 105
79 106
79 108
79 109
79 112
79 114
79 118
79 121
79 122
79 124
79 126
79 128
79 129
79 131
79 132
79 133
79 136
79 143
79 144
79 145
79 149
79 151
79 157
79 158
79 161
79 163
79 166
79 168
79 170
79 171
79 172
79 174
79 175
79 178
79 181
79 182
79 183
79 185
79 186
79 187
80 85
80 87
80 88
80 91
80 93
80 94
80 99
80 100
80 101
80 104
80 106
80 107
80 108
80 110
80 113
80 114
80 120
80 121
80 124
80 126
80 128
80 129
80 130
80 131
80 134
80 135
80 136
80 137
80 139
80 140
80 141
80 142
80 145
80 148
80 149
80 150
80 151
80 152
80 154
80 155
80 157
80 159
80 166
80 168
80 169
80 172
80 174
80 180
80 181
80 186
80 187
81 83
81 84
81 85
81 86
81 87
81 91
81 95
81 96
81 97
81 99
81 104
81 105
81 107
81 109
81 111
81 112
81 115
81 116
81 118
81 121
81 122
81 123
81 125
81 126
81 132
81 134
81 136
81 140
81 142
81 146
81 147
81 152
81 158
81 161
81 163
81 164
81 165
81 166
81 167
81 168
81 172
81 174
81 176
81 180
81 181
81 187
82 83
82 84
82 85
82 90
82 92
82 96
82 97
82 100
82 101
82 102
82 106
82 107
82 111
82 112
82 113
82 114
82 115
82 118
82 120
82 122
82 124
82 125
82 126
82 133
82 138
82 139
82 140
82 142
82 144
82 145
82 148
82 150
82 152
82 153
82 155
82 156
82 157
82 159
82 161
82 162
82 163
82 167
82 170
82 171
82 172
82 173
82 175
82 177
82 179
82 184
82 185
83 85
83 86
83 93
83 94
83 95
83 96
83 97
83 99
83 102
83 103
83 105
83 107
83 113
83 116
83 117
83 118
83 119
83 120
83 121
83 122
83 123
83 124
83 129
83 132
83 133
83 138
83 140
83 145
83 148
83 152
83 159
83 160
83 162
83 165
83 166
83 169
83 175
83 176
83 178
83 180
83 184
83 185
84 87
84 88
84 90
84 91
84 92
84 93
84 96
84 99
84 100
84 101
84 104
84 105
84 106
84 107
84 108
84 109
84 110
84 111
84 113
84 114
84 115
84 118
84 119
84 122
84 128
84 129
84 130
84 131
84 133
84 134
84 136
84 137
84 142
84 143
84 148
84 154
84 156
84 157
84 158
84 159
84 160
84 162
84 163
84 164
84 167
84 171
84 172
84 177
84 180
84 183
84 184
84 185
84 186
84 187
85 86
85 87
85 95
85 97
85 99
85 108
85 109
85 110
85 112
85 113
85 114
85 116
85 117
85 119
85 121
85 122
85 125
85 130
85 132
85 133
85 141
85 143
85 144
85 145
85 148
85 149
85 150
85 151
85 152
85 153
85 154
85 155
85 159
85 160
85 163
85 164
85 165
85 166
85 167
85 170
85 174
85 175
85 176
85 178
85 182
85 184
85 186
86 88
86 89
86 90
86 92
86 93
86 94
86 95
86 98
86 107
86 108
86 109
86 110
86 114
86 115
86 117
86 120
86 122
86 123
86 128
86 131
86 132
86 134
86 137
86 144
86 147
86 148
86 150
86 152
86 154
86 156
86 161
86 162
86 164
86 165
86 170
86 171
86 173
86 175
86 176
86 177
86 179
86 181
86 182
86 183
86 184
86 186
86 187
87 92
87 94
87 95
87 96
87 97
87 98
87 100
87 102
87 104
87 105
87 106
87 107
87 108
87 109
87 111
87 112
87 113
87 117
87 120
87 121
87 122
87 123
87 125
87 126
87 128
87 132
87 136
87 138
87 139
87 140
87 143
87 144
87 148
87 149
87 152
87 153
87 158
87 161
87 164
87 165
87 167
87 172
87 175
87 178
87 182
87 184
87 185
88 89
88 92
88 93
88 94
88 95
88 97
88 98
88 99
88 100
88 102
88 103
88 105
88 106
88 115
88 116
88 117
88 121
88 122
88 123
88 126
88 127
88 128
88 129
88 132
88 133
88 134
88 135
88 136
88 139
88 142
88 151
88 154
88 157
88 158
88 159
88 160
88 163
88 165
88 167
88 170
88 171
88 180
88 183
88 185
88 186
89 92
89 93
89 94
89 97
89 99
89 101
89 102
89 103
89 104
89 105
89 108
89 109
89 110
89 111
89 113
89 115
89 116
89 117
89 118
89 119
89 122
89 126
89 132
89 133
89 134
89 135
89 136
89 138
89 140
89 141
89 144
89 145
89 146
89 148
89 151
89 154
89 155
89 156
89 157
89 163
89 165
89 169
89 170
89 172
89 178
89 181
89 182
90 92
90 93
90 94
90 95
90 96
90 98
90 100
90 101
90 103
90 104
90 108
90 109
90 110
90 114
90 116
90 117
90 118
90 119
90 122
90 123
90 125
90 128
90 131
90 132
90 137
90 141
90 144
90 145
90 150
90 152
90 153
90 157
90 162
90 164
90 170
90 171
90 173
90 176
90 177
90 178
90 184
90 185
91 92
91 93
91 94
91 96
91 97
91 98
91 100
91 101
91 102
91 107
91 110
91 111
91 112
91 114
91 115
91 116
91 120
91 121
91 124
91 128
91 129
91 130
91 132
91 133
91 134
91 135
91 136
91 140
91 141
91 145
91 147
91 154
91 155
91 156
91 157
91 158
91 159
91 162
91 163
91 166
91 168
91 169
91 174
91 175
91 177
91 179
91 180
91 185
91 186
91 187
92 93
92 94
92 95
92 96
92 97
92 98
92 100
92 101
92 104
92 106
92 107
92 108
92 109
92 111
92 112
92 113
92 114
92 115
92 117
92 118
92 119
92 122
92 123
92 124
92 128
92 129
92 133
92 136
92 140
92 142
92 145
92 147
92 148
92 151
92 154
92 156
92 158
92 159
92 160
92 164
92 165
92 178
92 180
92 184
92 186
93 95
93 96
93 97
93 102
93 103
93 106
93 107
93 108
93 110
93 112
93 113
93 116
93 117
93 119
93 120
93 123
93 124
93 126
93 129
93 132
93 133
93 134
93 139
93 141
93 143
93 145
93 147
93 148
93 149
93 151
93 152
93 153
93 154
93 157
93 159
93 161
93 162
93 166
93 169
93 179
93 181
93 182
93 184
93 185
93 186
93 187
94 98
94 99
94 103
94 104
94 105
94 106
94 108
94 109
94 110
94 111
94 113
94 114
94 115
94 124
94 127
94 136
94 139
94 140
94 143
94 145
94 146
94 148
94 149
94 151
94 153
94 154
94 157
94 158
94 161
94 162
94 165
94 168
94 171
94 174
94 177
94 179
94 180
94 186
95 96
95 97
95 98
95 100
95 103
95 104
95 108
95 109
95 112
95 114
95 116
95 120
95 121
95 123
95 127
95 128
95 130
95 131
95 136
95 139
95 140
95 144
95 145
95 146
95 149
95 150
95 151
95 153
95 155
95 160
95 168
95 169
95 170
95 172
95 173
95 176
95 178
95 180
95 181
95 185
95 186
95 187
96 98
96 101
96 103
96 109
96 111
96 114
96 115
96 116
96 119
96 122
96 124
96 126
96 127
96 131
96 132
96 134
96 135
96 136
96 138
96 141
96 142
96 147
96 148
96 149
96 150
96 151
96 155
96 160
96 162
96 165
96 171
96 172
96 174
96 176
96 179
96 181
96 184
97 98
97 99
97 102
97 104
97 108
97 111
97 112
97 118
97 120
97 121
97 122
97 123
97 125
97 129
97 131
97 133
97 134
97 135
97 137
97 140
97 141
97 142
97 147
97 150
97 153
97 154
97 155
97 158
97 161
97 162
97 165
97 166
97 172
97 175
97 177
97 180
97 182
97 184
98 99
98 102
98 106
98 115
98 116
98 118
98 121
98 122
98 124
98 125
98 126
98 127
98 132
98 135
98 136
98 138
98 140
98 141
98 142
98 143
98 144
98 147
98 149
98 150
98 151
98 153
98 154
98 156
98 157
98 161
98 167
98 168
98 169
98 172
98 175
98 176
98 185
98 186
99 100
99 103
99 106
99 108
99 112
99 117
99 119
99 121
99 122
99 123
99 126
99 127
99 133
99 135
99 137
99 143
99 144
99 149
99 150
99 151
99 152
99 153
99 158
99 160
99 165
99 170
99 175
99 176
99 178
99 179
99 184
99 186
100 102
100 103
100 104
100 107
100 109
100 111
100 112
100 113
100 114
100 116
100 117
100 119
100 122
100 123
100 129
100 131
100 133
100 134
100 135
100 138
100 139
100 141
100 142
100 144
100 146
100 149
100 150
100 152
100 155
100 157
100 163
100 169
100 170
100 172
100 174
100 176
100 177
100 178
100 181
100 182
100 184
100 185
100 187
101 103
101 105
101 106
101 111
101 112
101 113
101 115
101 117
101 118
101 121
101 130
101 131
101 132
101 140
101 141
101 142
101 143
101 146
101 147
101 150
101 156
101 159
101 160
101 166
101 171
101 173
101 174
101 177
101 179
101 181
101 182
101 183
101 184
101 186
102 103
102 105
102 106
102 107
102 109
102 111
102 112
102 113
102 114
102 116
102 117
102 121
102 123
102 125
102 129
102 130
102 133
102 136
102 137
102 139
102 140
102 141
102 144
102 145
102 146
102 149
102 150
102 151
102 152
102 153
102 161
102 163
102 164
102 174
102 178
102 180
102 181
102 182
102 183
102 184
102 185
102 187
103 104
103 105
103 109
103 111
103 112
103 113
103 114
103 118
103 119
103 123
103 128
103 131
103 132
103 133
103 138
103 139
103 141
103 143
103 146
103 151
103 153
103 155
103 156
103 157
103 160
103 161
103 164
103 168
103 171
103 172
103 174
103 176
103 177
103 179
103 181
103 185
103 187
104 106
104 110
104 114
104 115
104 116
104 117
104 120
104 122
104 124
104 125
104 128
104 129
104 130
104 134
104 142
104 145
104 146
104 147
104 149
104 150
104 153
104 154
104 157
104 161
104 162
104 164
104 165
104 170
104 177
104 181
104 183
104 184
104 185
105 107
105 108
105 109
105 110
105 115
105 116
105 120
105 125
105 127
105 128
105 129
105 131
105 132
105 137
105 139
105 141
105 143
105 145
105 146
105 147
105 152
105 154
105 158
105 160
105 162
105 163
105 171
105 172
105 173
105 174
105 176
105 177
105 181
105 183
105 184
105 187
106 108
106 111
106 112
106 113
106 118
106 119
106 121
106 124
106 130
106 131
106 133
106 136
106 137
106 139
106 140
106 144
106 145
106 147
106 150
106 152
106 155
106 156
106 158
106 160
106 163
106 167
106 169
106 170
106 174
106 175
106 177
106 180
106 186
107 115
107 116
107 118
107 120
107 121
107 122
107 125
107 129
107 134
107 135
107 136
107 137
107 139
107 141
107 144
107 146
107 148
107 149
107 150
107 151
107 152
107 156
107 161
107 165
107 169
107 170
107 171
107 175
107 176
107 179
107 181
107 183
107 185
107 187
108 109
108 110
108 111
108 113
108 114
108 121
108 127
108 128
108 129
108 132
108 133
108 134
108 138
108 139
108 142
108 143
108 144
108 146
108 150
108 156
108 157
108 158
108 161
108 165
108 166
108 168
108 171
108 172
108 173
108 176
108 178
108 180
108 183
109 110
109 111
109 112
109 117
109 125
109 126
109 128
109 131
109 132
109 133
109 136
109 137
109 139
109 140
109 143
109 144
109 147
109 152
109 153
109 154
109 158
109 164
109 165
109 168
109 169
109 174
109 177
109 179
109 180
109 184
110 111
110 115
110 116
110 119
110 120
110 124
110 125
110 127
110 129
110 131
110 132
110 133
110 134
110 135
110 136
110 138
110 140
110 142
110 143
110 144
110 146
110 149
110 151
110 152
110 157
110 158
110 159
110 160
110 162
110 164
110 167
110 173
110 175
110 176
110 178
110 182
110 184
111 114
111 115
111 116
111 118
111 121
111 123
111 124
111 126
111 127
111 129
111 130
111 131
111 132
111 136
111 138
111 139
111 142
111 145
111 153
111 154
111 166
111 167
111 170
111 175
111 176
111 184
112 113
112 115
112 124
112 126
112 127
112 128
112 130
112 131
112 132
112 138
112 142
112 143
112 146
112 149
112 152
112 158
112 159
112 161
112 162
112 164
112 166
112 168
112 174
112 177
112 179
112 180
112 183
112 184
112 186
113 114
113 116
113 117
113 118
113 120
113 121
113 123
113 124
113 125
113 128
113 130
113 132
113 134
113 136
113 137
113 138
113 139
113 141
113 143
113 146
113 147
113 149
113 151
113 152
113 153
113 156
113 157
113 158
113 159
113 161
113 163
113 164
113 168
113 169
113 170
113 171
113 175
113 178
113 181
113 182
113 183
113 186
113 187
114 115
114 118
114 119
114 120
114 124
114 133
114 134
114 135
114 137
114 138
114 139
114 142
114 145
114 146
114 149
114 150
114 152
114 154
114 157
114 163
114 166
114 167
114 171
114 172
114 178
114 180
114 182
114 183
114 184
115 120
115 121
115 122
115 124
115 127
115 128
115 129
115 131
115 139
115 140
115 142
115 143
115 145
115 146
115 147
115 153
115 154
115 157
115 160
115 161
115 163
115 169
115 171
115 176
115 177
115 178
115 184
115 187
116 117
116 118
116 119
116 120
116 123
116 125
116 127
116 128
116 129
116 133
116 134
116 136
116 137
116 139
116 142
116 143
116 148
116 149
116 151
116 152
116 160
116 162
116 163
116 166
116 167
116 169
116 171
116 173
116 176
116 180
116 182
116 185
117 119
117 123
117 130
117 131
117 133
117 135
117 136
117 139
117 140
117 141
117 143
117 144
117 146
117 147
117 148
117 151
117 155
117 159
117 160
117 161
117 170
117 171
117 173
117 176
117 178
117 180
117 184
118 120
118 122
118 123
118 126
118 127
118 133
118 136
118 138
118 140
118 142
118 147
118 149
118 150
118 152
118 153
118 154
118 157
118 162
118 167
118 168
118 170
118 171
118 172
118 173
118 176
118 177
118 179
118 181
118 184
119 120
119 121
119 122
119 123
119 124
119 125
119 128
119 129
119 131
119 132
119 134
119 135
119 141
119 143
119 144
119 148
119 149
119 150
119 153
119 154
119 156
119 159
119 160
119 162
119 166
119 172
119 175
119 176
119 179
119 182
119 186
120 126
120 129
120 130
120 132
120 133
120 135
120 136
120 143
120 146
120 149
120 150
120 152
120 153
120 154
120 158
120 159
120 165
120 167
120 174
120 177
120 178
120 179
120 183
120 185
120 187
121 123
121 126
121 128
121 130
121 132
121 135
121 136
121 139
121 149
121 156
121 157
121 158
121 160
121 161
121 162
121 165
121 166
121 178
121 180
121 184
121 185
122 124
122 127
122 128
122 130
122 132
122 133
122 134
122 137
122 139
122 141
122 143
122 147
122 149
122 152
122 153
122 155
122 160
122 162
122 169
122 170
122 173
122 177
122 179
122 180
122 183
122 184
122 186
123 124
123 127
123 128
123 129
123 131
123 134
123 135
123 137
123 141
123 142
123 147
123 152
123 157
123 159
123 160
123 161
123 164
123 166
123 167
123 169
123 171
123 174
123 178
123 182
123 184
124 127
124 130
124 132
124 133
124 134
124 138
124 140
124 147
124 148
124 151
124 157
124 159
124 161
124 162
124 163
124 165
124 170
124 171
124 180
124 181
124 184
125 127
125 128
125 131
125 134
125 138
125 140
125 141
125 143
125 149
125 150
125 151
125 153
125 154
125 155
125 158
125 159
125 164
125 167
125 172
125 174
125 175
125 180
125 181
125 184
125 186
126 127
126 131
126 133
126 134
126 138
126 141
126 143
126 144
126 148
126 153
126 155
126 162
126 164
126 165
126 167
126 172
126 174
126 176
126 177
126 179
126 180
126 185
126 186
126 187
127 128
127 131
127 137
127 138
127 141
127 142
127 143
127 144
127 145
127 149
127 154
127 155
127 156
127 157
127 159
127 161
127 162
127 165
127 167
127 168
127 171
127 175
127 178
127 179
127 182
127 183
127 186
128 129
128 131
128 135
128 137
128 139
128 142
128 143
128 145
128 146
128 147
128 154
128 155
128 156
128 158
128 159
128 162
128 165
128 167
128 169
128 171
128 173
128 175
128 177
128 178
128 182
128 183
128 184
128 187
129 132
129 134
129 141
129 142
129 143
129 146
129 147
129 151
129 152
129 160
129 161
129 165
129 169
129 176
129 178
129 181
129 182
129 183
130 131
130 133
130 134
130 135
130 139
130 140
130 142
130 144
130 147
130 149
130 152
130 155
130 158
130 161
130 163
130 166
130 170
130 171
130 174
130 175
130 179
130 180
130 183
130 186
131 137
131 138
131 146
131 147
131 148
131 149
131 157
131 158
131 161
131 167
131 170
131 175
131 177
131 181
131 185
131 186
132 135
132 136
132 140
132 143
132 144
132 149
132 150
132 152
132 157
132 158
132 160
132 162
132 164
132 165
132 166
132 167
132 168
132 169
132 171
132 172
132 173
132 175
132 177
132 178
132 183
132 185
133 135
133 136
133 137
133 138
133 140
133 142
133 143
133 145
133 152
133 153
133 154
133 156
133 159
133 163
133 164
133 166
133 167
133 168
133 169
133 172
133 176
133 177
133 181
133 182
133 185
133 186
133 187
134 135
134 139
134 142
134 144
134 148
134 151
134 156
134 157
134 158
134 161
134 162
134 163
134 166
134 167
134 169
134 172
134 174
134 183
134 185
134 186
135 137
135 138
135 142
135 143
135 150
135 151
135 157
135 160
135 161
135 166
135 171
135 174
135 175
135 176
135 178
135 179
135 181
135 183
135 185
135 187
136 137
136 139
136 140
136 142
136 143
136 144
136 147
136 149
136 152
136 156
136 159
136 161
136 166
136 167
136 169
136 174
136 179
136 180
136 181
136 183
136 187
137 140
137 141
137 142
137 144
137 145
137 146
137 147
137 148
137 157
137 158
137 161
137 162
137 164
137 165
137 166
137 170
137 172
137 174
137 181
137 185
137 186
137 187
138 139
138 146
138 148
138 153
138 154
138 156
138 160
138 162
138 168
138 171
138 172
138 173
138 178
138 180
138 181
138 184
138 186
139 141
139 143
139 144
139 146
139 148
139 151
139 155
139 158
139 159
139 160
139 167
139 168
139 172
139 179
139 185
139 186
140 141
140 150
140 156
140 158
140 159
140 160
140 161
140 162
140 163
140 166
140 169
140 171
140 172
140 174
140 175
140 176
140 178
140 181
140 184
140 187
141 144
141 146
141 148
141 150
141 152
141 154
141 155
141 157
141 160
141 161
141 164
141 167
141 171
141 172
141 173
141 174
141 177
141 179
141 183
141 185
142 144
142 145
142 147
142 154
142 157
142 162
142 165
142 169
142 170
142 172
142 174
142 176
142 177
142 179
142 181
142 182
142 185
143 145
143 151
143 152
143 153
143 155
143 162
143 164
143 166
143 169
143 172
143 173
143 176
143 177
143 179
143 180
143 181
143 185
144 145
144 151
144 157
144 160
144 163
144 164
144 165
144 169
144 174
144 177
144 182
144 185
144 186
145 148
145 151
145 153
145 154
145 155
145 156
145 161
145 163
145 164
145 166
145 174
145 175
145 179
145 185
145 187
146 148
146 149
146 150
146 151
146 154
146 161
146 163
146 164
146 165
146 167
146 170
146 173
146 181
146 184
146 186
147 149
147 151
147 152
147 153
147 154
147 155
147 156
147 158
147 159
147 161
147 164
147 168
147 169
147 171
147 174
147 175
147 179
147 182
147 185
147 187
148 150
148 151
148 152
148 159
148 161
148 164
148 166
148 171
148 172
148 174
148 178
148 179
148 180
148 182
148 183
148 184
148 186
149 152
149 154
149 158
149 159
149 160
149 161
149 163
149 164
149 168
149 170
149 173
149 174
149 175
149 179
149 187
150 152
150 153
150 160
150 161
150 162
150 168
150 169
150 170
150 173
150 174
150 175
150 181
150 185
150 186
151 155
151 156
151 157
151 162
151 167
151 168
151 172
151 175
151 176
151 182
151 183
151 185
152 154
152 162
152 163
152 164
152 165
152 171
152 174
152 175
152 176
152 177
152 180
152 182
152 183
153 154
153 156
153 158
153 161
153 164
153 165
153 167
153 168
153 175
153 186
154 155
154 156
154 165
154 166
154 168
154 169
154 172
154 173
154 177
154 179
154 182
154 185
154 187
155 156
155 160
155 161
155 163
155 166
155 169
155 171
155 172
155 173
155 175
155 176
155 177
155 179
155 186
156 157
156 159
156 162
156 164
156 167
156 173
156 176
156 178
156 184
156 185
157 158
157 160
157 166
157 170
157 171
157 176
157 178
157 182
157 184
158 159
158 162
158 163
158 164
158 172
158 174
158 177
158 178
158 183
158 185
158 186
159 161
159 163
159 169
159 173
159 174
159 177
159 178
159 179
159 180
159 181
159 182
159 183
159 186
159 187
160 161
160 162
160 164
160 166
160 169
160 173
160 174
160 176
160 178
160 179
160 180
160 182
160 185
161 164
161 166
161 170
161 174
161 177
161 180
161 187
162 167
162 170
162 171
162 172
162 177
162 178
162 187
163 164
163 166
163 168
163 170
163 171
163 173
163 180
163 184
163 186
164 165
164 166
164 172
164 175
164 182
164 187
165 166
165 167
165 170
165 175
165 178
165 180
165 186
166 168
166 169
166 170
166 175
166 178
166 179
166 182
166 185
166 186
167 172
167 175
167 176
167 178
167 184
167 185
168 174
168 176
168 177
168 181
168 184
168 187
169 170
169 174
169 175
169 181
169 186
170 175
170 181
170 182
170 183
170 185
170 186
170 187
171 180
171 181
172 173
172 185
172 187
173 174
173 175
173 177
173 178
173 182
173 183
174 175
174 177
174 178
174 181
174 187
175 176
175 180
175 183
175 187
176 179
176 180
176 183
176 184
176 185
177 178
177 181
177 185
177 186
177 187
178 182
178 186
178 187
179 180
179 183
179 187
180 181
180 182
180 183
181 185
182 183
182 186
183 184
183 186
184 185
184 187
