188
0 1
0 2
0 3
0 11
0 29
0 38
0 43
0 84
0 101
0 114
0 177
1 9
1 14
1 83
1 93
1 157
2 7
2 28
2 41
2 63
2 113
2 182
3 4
3 6
3 16
3 100
3 126
3 146
4 5
4 8
4 17
4 18
4 23
4 24
4 48
4 74
4 122
4 180
5 21
5 55
5 71
5 75
5 118
5 160
6 10
6 12
6 13
6 20
6 36
6 44
6 58
6 112
6 169
7 16
7 25
7 73
7 87
7 108
7 154
8 17
8 27
8 29
8 37
8 53
8 79
8 97
8 98
8 121
8 175
9 25
9 33
9 57
9 69
9 129
10 11
10 32
10 34
10 41
10 54
10 71
10 142
11 31
11 96
12 48
12 110
12 120
12 174
13 15
13 54
13 137
14 18
14 20
14 52
14 56
14 90
14 141
15 76
15 82
15 84
15 118
15 147
16 61
16 86
17 45
17 80
17 99
17 117
18 19
18 28
18 76
18 96
19 22
19 51
19 94
19 109
19 126
19 147
19 179
20 61
20 67
20 74
20 77
20 107
20 142
21 47
21 139
21 142
21 144
21 161
21 168
22 33
22 41
22 52
22 72
22 74
22 104
22 161
23 30
23 92
23 94
23 155
23 176
23 180
24 26
24 76
24 134
24 140
24 186
25 37
25 49
25 59
25 102
25 183
26 39
26 47
26 91
26 112
26 153
26 158
26 168
27 68
27 123
28 35
28 72
28 134
29 44
29 46
29 75
29 90
29 115
29 123
30 31
30 42
30 45
30 58
30 163
30 167
31 46
31 78
31 91
31 106
31 126
31 149
31 161
32 93
32 142
32 186
33 42
33 64
33 127
33 167
34 60
34 81
34 95
34 154
35 42
35 112
35 113
35 125
35 130
36 70
36 131
36 146
36 164
36 180
37 52
37 133
37 134
37 135
37 142
37 147
37 169
37 180
37 183
38 40
38 44
38 53
38 73
38 173
38 178
39 62
39 66
39 74
39 87
39 103
39 174
40 49
40 58
40 83
40 105
40 133
40 135
40 146
40 163
40 175
41 50
41 60
41 65
41 67
41 98
41 154
42 66
42 69
42 76
42 89
43 45
43 97
43 102
43 150
43 158
43 181
44 157
45 51
45 86
46 58
46 61
46 91
46 109
46 187
47 51
47 79
47 112
47 117
48 63
48 71
48 106
48 113
48 152
48 186
49 75
49 85
49 119
50 64
50 72
50 88
50 96
50 105
50 179
52 87
52 91
52 130
52 156
53 54
53 129
53 175
54 62
54 155
54 170
55 57
55 97
55 100
55 116
55 122
55 158
56 75
56 112
56 157
57 65
57 70
57 88
57 100
57 131
57 147
58 69
58 107
58 153
58 184
59 64
59 101
59 117
60 148
60 153
60 158
60 159
60 179
61 92
61 160
62 90
62 111
62 120
62 122
62 165
63 141
63 143
63 182
64 75
64 82
64 122
64 124
65 83
65 87
65 167
66 80
66 149
66 168
66 180
67 90
67 99
68 110
68 113
68 124
70 115
70 144
71 77
71 126
71 146
71 161
71 183
71 187
72 106
72 155
72 156
72 158
73 93
73 115
73 164
74 132
74 151
75 128
75 170
76 98
76 146
77 97
77 135
77 141
77 163
77 176
78 79
78 178
78 182
78 187
79 141
79 148
79 152
80 90
80 120
80 138
80 141
80 160
80 165
80 171
81 110
81 118
81 119
81 144
81 171
82 86
82 90
82 121
82 139
82 160
83 126
83 139
84 109
84 115
84 161
84 166
85 128
85 131
85 168
86 100
87 134
87 144
87 174
88 103
88 108
88 117
88 144
89 95
89 97
89 102
89 134
90 132
91 94
91 105
91 120
92 104
92 167
93 127
93 166
93 182
94 108
94 124
94 129
95 116
95 131
95 149
95 176
96 98
96 137
97 165
98 138
98 157
99 120
100 112
100 118
100 136
100 150
100 152
101 133
101 135
103 114
103 144
103 160
103 161
103 166
104 107
104 173
104 181
105 127
105 150
105 177
106 115
106 145
106 150
107 111
107 132
107 136
107 183
108 137
108 153
109 131
110 156
110 184
110 187
111 163
113 177
114 181
114 186
115 172
116 123
116 177
117 132
117 133
117 164
117 184
118 160
119 148
119 162
119 173
119 185
120 158
120 176
121 122
121 140
121 146
121 157
121 159
122 138
122 147
122 148
123 124
123 126
123 184
125 155
125 165
125 180
125 183
127 143
127 149
128 172
128 185
129 132
129 156
130 168
130 181
131 148
131 149
133 134
133 159
133 179
135 137
135 148
136 171
136 172
136 176
136 185
137 143
137 156
139 155
139 186
140 155
142 175
145 147
145 151
145 169
149 162
149 164
151 171
153 167
159 185
162 174
163 167
163 175
163 179
163 182
165 178
170 182
171 183
173 175
177 187
