188
0 1
0 2
0 5
0 6
0 8
0 10
0 11
0 12
0 13
0 14
0 15
0 17
0 19
0 20
0 22
0 24
0 25
0 27
0 28
0 29
0 30
0 31
0 32
0 34
0 36
0 37
0 39
0 45
0 46
0 48
0 50
0 51
0 52
0 53
0 54
0 56
0 57
0 59
0 61
0 62
0 64
0 65
0 67
0 69
0 70
0 71
0 73
0 77
0 78
0 79
0 81
0 82
0 83
0 84
0 85
0 87
0 88
0 90
0 93
0 94
0 95
0 98
0 99
0 101
0 102
0 103
0 104
0 107
0 110
0 111
0 112
0 113
0 117
0 118
0 119
0 121
0 122
0 125
0 127
0 128
0 130
0 132
0 134
0 135
0 136
0 137
0 140
0 142
0 144
0 145
0 148
0 150
0 154
0 155
0 157
0 160
0 164
0 165
0 169
0 172
0 174
0 175
0 176
0 177
0 179
0 181
0 182
0 184
0 186
1 3
1 5
1 7
1 8
1 9
1 10
1 11
1 13
1 14
1 16
1 17
1 18
1 19
1 20
1 23
1 24
1 29
1 31
1 32
1 36
1 39
1 40
1 41
1 42
1 43
1 45
1 49
1 50
1 51
1 54
1 57
1 58
1 59
1 62
1 63
1 64
1 66
1 67
1 68
1 69
1 70
1 72
1 73
1 74
1 75
1 77
1 78
1 79
1 80
1 81
1 83
1 84
1 86
1 87
1 88
1 89
1 91
1 92
1 97
1 99
1 100
1 103
1 105
1 106
1 107
1 111
1 112
1 117
1 119
1 123
1 124
1 127
1 128
1 130
1 131
1 132
1 135
1 136
1 138
1 140
1 141
1 144
1 146
1 148
1 155
1 157
1 158
1 159
1 161
1 162
1 166
1 167
1 171
1 174
1 175
1 176
1 177
1 178
1 179
1 180
1 181
1 182
1 183
1 184
1 186
1 187
2 3
2 4
2 6
2 8
2 9
2 12
2 13
2 15
2 16
2 18
2 19
2 20
2 21
2 22
2 23
2 24
2 25
2 26
2 27
2 28
2 29
2 31
2 35
2 36
2 39
2 40
2 42
2 43
2 44
2 46
2 47
2 48
2 49
2 50
2 51
2 52
2 53
2 54
2 56
2 59
2 60
2 61
2 62
2 63
2 66
2 68
2 69
2 70
2 73
2 74
2 75
2 78
2 79
2 82
2 83
2 84
2 85
2 89
2 90
2 93
2 95
2 96
2 98
2 103
2 104
2 106
2 107
2 108
2 109
2 112
2 114
2 117
2 118
2 121
2 122
2 123
2 125
2 127
2 128
2 130
2 131
2 132
2 135
2 136
2 137
2 138
2 139
2 142
2 143
2 146
2 147
2 149
2 151
2 153
2 154
2 155
2 156
2 159
2 160
2 161
2 163
2 165
2 167
2 168
2 169
2 175
2 180
2 181
2 183
2 184
2 185
2 186
3 4
3 5
3 6
3 7
3 9
3 10
3 11
3 12
3 13
3 14
3 19
3 20
3 21
3 22
3 23
3 24
3 25
3 26
3 29
3 31
3 32
3 33
3 34
3 35
3 37
3 38
3 40
3 43
3 45
3 46
3 47
3 49
3 51
3 52
3 53
3 56
3 59
3 60
3 61
3 62
3 63
3 64
3 65
3 67
3 68
3 72
3 73
3 76
3 78
3 79
3 80
3 81
3 82
3 84
3 85
3 87
3 88
3 91
3 92
3 93
3 96
3 98
3 99
3 101
3 107
3 108
3 109
3 110
3 111
3 112
3 115
3 116
3 117
3 121
3 123
3 124
3 125
3 126
3 130
3 133
3 136
3 137
3 138
3 139
3 140
3 143
3 145
3 152
3 154
3 159
3 160
3 161
3 162
3 163
3 164
3 165
3 166
3 167
3 169
3 170
3 174
3 177
3 178
3 184
3 185
3 186
3 187
4 5
4 9
4 11
4 12
4 13
4 15
4 16
4 18
4 19
4 21
4 22
4 23
4 24
4 25
4 26
4 28
4 33
4 36
4 37
4 38
4 40
4 41
4 42
4 43
4 44
4 46
4 47
4 48
4 50
4 54
4 57
4 58
4 59
4 61
4 63
4 65
4 66
4 67
4 68
4 69
4 70
4 71
4 74
4 76
4 82
4 84
4 85
4 89
4 91
4 92
4 94
4 95
4 97
4 101
4 103
4 105
4 106
4 112
4 113
4 114
4 115
4 116
4 120
4 122
4 125
4 126
4 128
4 129
4 130
4 133
4 135
4 137
4 138
4 139
4 143
4 144
4 148
4 149
4 152
4 153
4 155
4 157
4 158
4 160
4 161
4 163
4 165
4 166
4 167
4 168
4 170
4 171
4 172
4 173
4 175
4 176
4 177
4 178
4 179
4 180
4 183
4 184
5 7
5 9
5 10
5 15
5 16
5 17
5 19
5 20
5 21
5 22
5 24
5 25
5 26
5 31
5 32
5 33
5 35
5 36
5 38
5 39
5 40
5 42
5 43
5 45
5 46
5 47
5 48
5 49
5 50
5 52
5 54
5 55
5 58
5 59
5 64
5 66
5 68
5 74
5 75
5 79
5 80
5 81
5 82
5 84
5 85
5 86
5 88
5 89
5 90
5 93
5 95
5 98
5 101
5 102
5 103
5 104
5 106
5 107
5 108
5 109
5 110
5 114
5 115
5 116
5 119
5 120
5 124
5 126
5 127
5 128
5 134
5 136
5 139
5 141
5 142
5 146
5 148
5 149
5 151
5 152
5 154
5 159
5 160
5 161
5 162
5 163
5 164
5 165
5 170
5 171
5 172
5 176
5 179
5 182
5 185
5 186
6 7
6 8
6 10
6 11
6 12
6 14
6 17
6 18
6 19
6 20
6 21
6 22
6 23
6 24
6 25
6 26
6 27
6 31
6 33
6 34
6 36
6 37
6 39
6 40
6 41
6 44
6 45
6 47
6 49
6 50
6 51
6 52
6 53
6 54
6 56
6 57
6 58
6 59
6 60
6 63
6 66
6 67
6 68
6 71
6 72
6 73
6 75
6 76
6 81
6 82
6 85
6 86
6 90
6 91
6 94
6 97
6 98
6 99
6 100
6 101
6 102
6 103
6 104
6 105
6 106
6 107
6 108
6 112
6 113
6 114
6 117
6 118
6 121
6 122
6 124
6 125
6 128
6 129
6 130
6 132
6 134
6 138
6 144
6 145
6 146
6 147
6 148
6 149
6 151
6 152
6 154
6 157
6 158
6 159
6 161
6 163
6 166
6 167
6 172
6 174
6 176
6 181
6 183
6 184
6 185
6 186
7 8
7 10
7 11
7 12
7 13
7 14
7 15
7 17
7 19
7 20
7 21
7 22
7 23
7 26
7 27
7 30
7 31
7 32
7 33
7 34
7 35
7 37
7 39
7 40
7 41
7 42
7 43
7 44
7 45
7 47
7 48
7 49
7 50
7 51
7 54
7 55
7 56
7 57
7 59
7 60
7 61
7 62
7 63
7 64
7 65
7 66
7 70
7 72
7 73
7 74
7 77
7 79
7 80
7 83
7 84
7 85
7 87
7 88
7 90
7 93
7 96
7 98
7 99
7 100
7 101
7 102
7 103
7 108
7 110
7 111
7 116
7 118
7 120
7 121
7 122
7 125
7 126
7 127
7 128
7 130
7 131
7 132
7 135
7 136
7 141
7 145
7 147
7 148
7 152
7 153
7 155
7 156
7 157
7 158
7 160
7 161
7 164
7 165
7 168
7 169
7 173
7 174
7 176
7 177
7 178
7 179
7 181
7 184
7 187
8 10
8 11
8 12
8 13
8 15
8 16
8 17
8 19
8 20
8 21
8 22
8 23
8 24
8 25
8 26
8 28
8 29
8 30
8 31
8 34
8 35
8 36
8 37
8 38
8 39
8 40
8 42
8 44
8 46
8 47
8 48
8 49
8 50
8 53
8 56
8 57
8 59
8 61
8 62
8 63
8 65
8 68
8 71
8 74
8 76
8 77
8 78
8 79
8 80
8 81
8 82
8 83
8 84
8 86
8 87
8 88
8 92
8 93
8 94
8 95
8 97
8 99
8 100
8 101
8 104
8 107
8 109
8 111
8 113
8 114
8 115
8 117
8 122
8 128
8 129
8 130
8 131
8 133
8 135
8 139
8 140
8 141
8 142
8 143
8 145
8 148
8 152
8 154
8 156
8 159
8 160
8 161
8 163
8 165
8 166
8 167
8 170
8 172
8 174
8 175
8 181
8 182
8 184
8 185
8 186
9 11
9 12
9 14
9 16
9 18
9 19
9 20
9 23
9 25
9 26
9 27
9 28
9 30
9 31
9 32
9 33
9 34
9 35
9 36
9 38
9 39
9 40
9 41
9 42
9 43
9 45
9 47
9 51
9 55
9 58
9 59
9 61
9 62
9 64
9 66
9 67
9 68
9 69
9 70
9 71
9 73
9 74
9 76
9 77
9 79
9 80
9 81
9 82
9 83
9 85
9 86
9 87
9 88
9 89
9 91
9 92
9 93
9 94
9 95
9 96
9 99
9 100
9 102
9 103
9 108
9 110
9 112
9 113
9 114
9 118
9 126
9 129
9 130
9 131
9 133
9 135
9 136
9 139
9 140
9 143
9 144
9 151
9 152
9 154
9 156
9 157
9 158
9 159
9 163
9 164
9 165
9 167
9 168
9 173
9 176
9 178
9 180
9 182
9 183
9 184
9 187
10 11
10 12
10 13
10 14
10 19
10 21
10 22
10 23
10 24
10 27
10 28
10 29
10 31
10 34
10 35
10 36
10 37
10 38
10 39
10 42
10 44
10 45
10 46
10 47
10 48
10 49
10 50
10 52
10 56
10 58
10 62
10 64
10 65
10 66
10 67
10 68
10 72
10 73
10 74
10 75
10 76
10 78
10 80
10 82
10 83
10 85
10 86
10 89
10 90
10 96
10 97
10 98
10 99
10 101
10 102
10 103
10 107
10 108
10 110
10 111
10 113
10 116
10 118
10 120
10 121
10 122
10 129
10 130
10 131
10 133
10 135
10 136
10 137
10 141
10 145
10 147
10 148
10 149
10 153
10 154
10 156
10 158
10 159
10 160
10 162
10 163
10 164
10 165
10 167
10 169
10 170
10 172
10 173
10 177
10 179
10 180
10 181
10 182
10 183
10 184
10 186
11 12
11 13
11 15
11 16
11 17
11 18
11 19
11 21
11 22
11 23
11 24
11 26
11 28
11 29
11 31
11 32
11 35
11 37
11 39
11 42
11 44
11 46
11 51
11 52
11 53
11 55
11 56
11 57
11 58
11 61
11 63
11 67
11 70
11 72
11 73
11 75
11 76
11 77
11 79
11 80
11 82
11 85
11 86
11 87
11 89
11 90
11 92
11 95
11 98
11 99
11 102
11 104
11 106
11 107
11 108
11 109
11 111
11 112
11 114
11 115
11 116
11 121
11 123
11 127
11 129
11 134
11 135
11 136
11 138
11 139
11 141
11 142
11 143
11 144
11 145
11 146
11 147
11 149
11 153
11 154
11 156
11 157
11 160
11 162
11 163
11 165
11 166
11 168
11 169
11 170
11 171
11 176
11 177
11 178
11 182
11 183
11 184
12 14
12 15
12 17
12 18
12 19
12 20
12 21
12 22
12 23
12 24
12 26
12 28
12 33
12 34
12 35
12 36
12 38
12 39
12 40
12 42
12 44
12 45
12 46
12 49
12 51
12 53
12 54
12 55
12 56
12 58
12 60
12 61
12 62
12 63
12 64
12 66
12 67
12 69
12 70
12 71
12 72
12 75
12 77
12 78
12 79
12 80
12 82
12 83
12 87
12 89
12 92
12 95
12 96
12 101
12 103
12 104
12 106
12 111
12 113
12 115
12 117
12 118
12 122
12 127
12 128
12 130
12 131
12 133
12 134
12 135
12 137
12 138
12 139
12 141
12 142
12 145
12 147
12 150
12 152
12 154
12 162
12 163
12 164
12 166
12 167
12 168
12 169
12 172
12 173
12 174
12 176
12 178
12 179
12 183
12 185
12 187
13 15
13 17
13 19
13 21
13 22
13 23
13 24
13 25
13 28
13 29
13 30
13 32
13 33
13 34
13 35
13 36
13 37
13 38
13 39
13 43
13 44
13 45
13 46
13 49
13 50
13 51
13 52
13 55
13 56
13 57
13 58
13 60
13 61
13 62
13 63
13 64
13 67
13 69
13 70
13 72
13 75
13 77
13 78
13 79
13 80
13 85
13 86
13 87
13 90
13 92
13 93
13 94
13 95
13 97
13 101
13 104
13 105
13 108
13 109
13 110
13 112
13 114
13 115
13 117
13 119
13 120
13 122
13 124
13 125
13 126
13 127
13 128
13 130
13 131
13 132
13 135
13 137
13 140
13 143
13 144
13 145
13 146
13 151
13 154
13 155
13 156
13 158
13 160
13 161
13 162
13 164
13 165
13 166
13 167
13 168
13 173
13 176
13 180
13 182
13 183
13 185
13 186
14 15
14 16
14 17
14 22
14 23
14 24
14 27
14 28
14 31
14 33
14 36
14 38
14 40
14 41
14 42
14 43
14 44
14 46
14 49
14 50
14 53
14 57
14 58
14 59
14 61
14 62
14 63
14 64
14 66
14 67
14 71
14 72
14 73
14 76
14 78
14 81
14 82
14 84
14 87
14 91
14 92
14 94
14 95
14 98
14 99
14 100
14 103
14 104
14 106
14 107
14 108
14 109
14 110
14 112
14 115
14 116
14 117
14 118
14 121
14 123
14 126
14 127
14 128
14 129
14 130
14 135
14 136
14 137
14 141
14 142
14 143
14 144
14 147
14 148
14 151
14 152
14 153
14 154
14 155
14 157
14 158
14 159
14 160
14 163
14 164
14 167
14 168
14 173
14 174
14 175
14 180
14 182
14 184
14 187
15 16
15 17
15 18
15 19
15 21
15 22
15 24
15 25
15 27
15 30
15 31
15 32
15 33
15 34
15 37
15 38
15 39
15 41
15 44
15 45
15 47
15 48
15 50
15 51
15 53
15 54
15 55
15 59
15 60
15 61
15 62
15 64
15 69
15 70
15 71
15 72
15 73
15 74
15 75
15 78
15 83
15 86
15 87
15 88
15 91
15 93
15 94
15 96
15 102
15 113
15 114
15 115
15 116
15 117
15 118
15 119
15 120
15 125
15 128
15 130
15 132
15 133
15 134
15 135
15 136
15 138
15 140
15 141
15 144
15 145
15 146
15 147
15 148
15 153
15 154
15 155
15 157
15 159
15 160
15 161
15 163
15 164
15 167
15 168
15 170
15 174
15 176
15 178
15 181
15 185
16 17
16 18
16 24
16 25
16 26
16 27
16 29
16 31
16 32
16 33
16 34
16 37
16 38
16 39
16 42
16 44
16 45
16 48
16 49
16 53
16 54
16 55
16 57
16 58
16 60
16 61
16 62
16 63
16 64
16 67
16 72
16 73
16 75
16 77
16 78
16 79
16 82
16 83
16 85
16 88
16 89
16 93
16 96
16 97
16 98
16 103
16 109
16 110
16 111
16 113
16 114
16 118
16 119
16 121
16 122
16 125
16 126
16 127
16 131
16 132
16 133
16 134
16 136
16 137
16 140
16 144
16 146
16 150
16 153
16 158
16 163
16 164
16 167
16 168
16 169
16 170
16 172
16 173
16 174
16 176
16 179
16 180
16 181
16 182
16 186
16 187
17 18
17 19
17 22
17 23
17 24
17 26
17 27
17 31
17 32
17 34
17 38
17 44
17 45
17 48
17 49
17 53
17 54
17 55
17 57
17 58
17 59
17 60
17 61
17 63
17 65
17 69
17 74
17 75
17 76
17 78
17 79
17 81
17 82
17 83
17 84
17 87
17 88
17 89
17 90
17 93
17 94
17 95
17 96
17 101
17 102
17 103
17 105
17 110
17 113
17 116
17 117
17 119
17 122
17 123
17 124
17 125
17 126
17 128
17 130
17 131
17 132
17 133
17 134
17 138
17 139
17 141
17 143
17 145
17 149
17 152
17 153
17 154
17 157
17 161
17 162
17 168
17 170
17 171
17 173
17 174
17 175
17 176
17 179
17 181
17 182
17 183
17 186
18 19
18 20
18 21
18 22
18 24
18 25
18 26
18 28
18 29
18 30
18 31
18 35
18 36
18 37
18 38
18 39
18 40
18 41
18 42
18 43
18 44
18 46
18 47
18 49
18 50
18 52
18 53
18 55
18 56
18 57
18 58
18 59
18 61
18 62
18 63
18 64
18 66
18 68
18 69
18 71
18 72
18 74
18 75
18 77
18 78
18 79
18 80
18 83
18 84
18 85
18 87
18 88
18 92
18 93
18 96
18 98
18 102
18 103
18 104
18 106
18 108
18 109
18 110
18 112
18 113
18 115
18 116
18 117
18 118
18 124
18 127
18 128
18 129
18 133
18 134
18 135
18 137
18 138
18 139
18 143
18 144
18 145
18 146
18 150
18 152
18 153
18 156
18 157
18 160
18 162
18 163
18 166
18 167
18 169
18 178
18 179
18 182
18 184
19 20
19 26
19 28
19 29
19 31
19 32
19 34
19 35
19 37
19 39
19 40
19 41
19 42
19 43
19 44
19 45
19 46
19 51
19 52
19 54
19 55
19 56
19 57
19 58
19 59
19 60
19 61
19 62
19 63
19 64
19 65
19 66
19 69
19 70
19 71
19 73
19 79
19 80
19 82
19 83
19 84
19 85
19 88
19 91
19 92
19 94
19 95
19 96
19 97
19 100
19 102
19 103
19 106
19 108
19 109
19 111
19 112
19 116
19 118
19 119
19 120
19 121
19 126
19 127
19 128
19 131
19 132
19 135
19 137
19 138
19 139
19 142
19 143
19 147
19 151
19 152
19 154
19 155
19 156
19 157
19 161
19 162
19 169
19 172
19 176
19 177
19 178
19 180
19 181
19 183
19 184
19 185
19 186
20 21
20 22
20 23
20 25
20 26
20 27
20 28
20 29
20 30
20 31
20 32
20 33
20 35
20 39
20 41
20 42
20 43
20 45
20 47
20 48
20 51
20 52
20 54
20 56
20 58
20 60
20 62
20 64
20 65
20 68
20 70
20 74
20 75
20 76
20 77
20 78
20 80
20 83
20 85
20 86
20 87
20 90
20 94
20 95
20 97
20 100
20 106
20 111
20 112
20 113
20 116
20 117
20 120
20 121
20 123
20 124
20 125
20 128
20 129
20 131
20 132
20 136
20 137
20 139
20 140
20 142
20 143
20 146
20 147
20 148
20 149
20 150
20 154
20 155
20 156
20 158
20 159
20 160
20 161
20 165
20 168
20 170
20 171
20 174
20 175
20 176
20 177
20 183
20 184
20 185
20 187
21 22
21 23
21 24
21 27
21 28
21 29
21 30
21 33
21 36
21 40
21 41
21 42
21 43
21 44
21 45
21 47
21 48
21 50
21 51
21 55
21 64
21 66
21 68
21 71
21 72
21 74
21 76
21 78
21 82
21 83
21 85
21 87
21 89
21 92
21 94
21 96
21 98
21 100
21 101
21 102
21 103
21 104
21 105
21 106
21 107
21 108
21 109
21 110
21 111
21 113
21 114
21 115
21 116
21 118
21 119
21 120
21 121
21 122
21 123
21 124
21 125
21 126
21 127
21 129
21 134
21 135
21 137
21 138
21 144
21 145
21 148
21 149
21 151
21 152
21 153
21 155
21 156
21 160
21 165
21 166
21 167
21 173
21 174
21 176
21 177
21 180
21 184
21 186
22 25
22 26
22 27
22 29
22 31
22 33
22 36
22 39
22 42
22 45
22 48
22 49
22 51
22 52
22 53
22 55
22 57
22 58
22 59
22 60
22 64
22 65
22 68
22 69
22 70
22 71
22 72
22 74
22 75
22 78
22 81
22 83
22 86
22 87
22 89
22 90
22 92
22 95
22 97
22 100
22 104
22 106
22 107
22 109
22 112
22 113
22 114
22 116
22 117
22 118
22 119
22 122
22 126
22 128
22 129
22 131
22 132
22 134
22 141
22 145
22 146
22 148
22 150
22 153
22 156
22 157
22 158
22 159
22 161
22 162
22 163
22 164
22 166
22 168
22 171
22 174
22 175
22 178
22 183
22 184
22 187
23 24
23 25
23 27
23 31
23 33
23 35
23 36
23 38
23 39
23 42
23 44
23 48
23 49
23 52
23 53
23 54
23 55
23 57
23 58
23 59
23 60
23 61
23 62
23 63
23 65
23 66
23 67
23 69
23 70
23 71
23 73
23 74
23 75
23 76
23 77
23 78
23 80
23 81
23 82
23 85
23 88
23 89
23 90
23 91
23 94
23 96
23 98
23 99
23 100
23 102
23 103
23 107
23 109
23 110
23 111
23 114
23 115
23 119
23 123
23 128
23 130
23 131
23 133
23 136
23 137
23 138
23 141
23 146
23 147
23 148
23 150
23 151
23 153
23 154
23 157
23 160
23 161
23 163
23 165
23 166
23 169
23 171
23 173
23 175
23 177
23 180
23 181
23 183
23 184
24 25
24 28
24 29
24 31
24 33
24 35
24 36
24 37
24 38
24 39
24 40
24 42
24 43
24 44
24 45
24 46
24 47
24 48
24 51
24 52
24 53
24 56
24 57
24 58
24 61
24 62
24 63
24 64
24 66
24 67
24 73
24 74
24 75
24 78
24 81
24 86
24 87
24 89
24 91
24 93
24 97
24 98
24 99
24 100
24 101
24 102
24 104
24 105
24 110
24 114
24 115
24 117
24 119
24 123
24 126
24 128
24 130
24 133
24 135
24 136
24 138
24 139
24 142
24 143
24 145
24 146
24 147
24 150
24 155
24 160
24 166
24 169
24 170
24 176
24 177
24 178
24 179
24 182
24 185
24 186
25 26
25 27
25 29
25 30
25 32
25 33
25 35
25 38
25 39
25 41
25 42
25 44
25 46
25 47
25 48
25 49
25 50
25 51
25 53
25 55
25 58
25 59
25 61
25 62
25 63
25 65
25 66
25 67
25 69
25 70
25 71
25 74
25 75
25 76
25 78
25 79
25 80
25 81
25 83
25 84
25 85
25 86
25 89
25 90
25 91
25 92
25 96
25 97
25 98
25 99
25 100
25 101
25 102
25 103
25 105
25 109
25 111
25 114
25 115
25 116
25 117
25 118
25 122
25 124
25 125
25 127
25 130
25 132
25 133
25 134
25 135
25 139
25 141
25 143
25 145
25 147
25 149
25 150
25 151
25 154
25 155
25 157
25 158
25 161
25 162
25 165
25 166
25 170
25 173
25 175
25 176
25 177
25 179
25 180
26 27
26 29
26 30
26 33
26 35
26 36
26 37
26 38
26 40
26 41
26 42
26 43
26 44
26 45
26 46
26 47
26 49
26 50
26 52
26 53
26 55
26 56
26 57
26 58
26 59
26 60
26 62
26 63
26 67
26 68
26 69
26 72
26 73
26 76
26 80
26 84
26 88
26 91
26 95
26 99
26 100
26 101
26 103
26 105
26 109
26 110
26 111
26 112
26 114
26 119
26 120
26 122
26 123
26 124
26 127
26 129
26 131
26 132
26 137
26 138
26 139
26 140
26 141
26 143
26 146
26 148
26 149
26 152
26 153
26 157
26 162
26 163
26 164
26 166
26 168
26 169
26 171
26 175
26 178
26 179
26 180
26 181
26 183
27 29
27 31
27 34
27 35
27 38
27 40
27 41
27 43
27 44
27 45
27 48
27 49
27 50
27 54
27 55
27 57
27 63
27 64
27 66
27 67
27 68
27 69
27 70
27 73
27 74
27 75
27 76
27 77
27 78
27 79
27 80
27 82
27 85
27 88
27 89
27 90
27 91
27 92
27 93
27 95
27 97
27 99
27 101
27 102
27 105
27 107
27 108
27 109
27 110
27 112
27 115
27 117
27 119
27 121
27 127
27 130
27 132
27 133
27 134
27 136
27 137
27 138
27 139
27 141
27 142
27 143
27 146
27 147
27 149
27 150
27 151
27 153
27 154
27 155
27 157
27 163
27 168
27 169
27 170
27 171
27 176
27 179
27 180
27 181
27 183
27 184
27 185
27 186
27 187
28 29
28 31
28 32
28 36
28 37
28 39
28 40
28 41
28 43
28 44
28 46
28 49
28 51
28 52
28 53
28 54
28 55
28 56
28 57
28 61
28 62
28 64
28 65
28 66
28 67
28 68
28 69
28 70
28 71
28 72
28 74
28 82
28 83
28 85
28 86
28 88
28 90
28 92
28 93
28 94
28 96
28 97
28 98
28 99
28 101
28 107
28 108
28 109
28 110
28 112
28 113
28 114
28 116
28 118
28 119
28 121
28 122
28 124
28 126
28 128
28 129
28 130
28 131
28 132
28 133
28 135
28 136
28 137
28 138
28 140
28 141
28 142
28 143
28 146
28 149
28 150
28 151
28 153
28 154
28 155
28 156
28 160
28 162
28 164
28 165
28 169
28 170
28 171
28 172
28 173
28 180
28 182
28 184
28 185
28 187
29 31
29 32
29 33
29 36
29 37
29 39
29 40
29 41
29 42
29 43
29 44
29 45
29 46
29 47
29 48
29 50
29 52
29 53
29 54
29 55
29 56
29 58
29 59
29 60
29 61
29 62
29 65
29 67
29 74
29 76
29 77
29 79
29 80
29 81
29 83
29 84
29 86
29 88
29 90
29 92
29 95
29 96
29 97
29 98
29 99
29 100
29 102
29 103
29 104
29 105
29 106
29 107
29 108
29 109
29 113
29 114
29 120
29 124
29 128
29 129
29 137
29 138
29 139
29 140
29 142
29 148
29 149
29 152
29 153
29 161
29 162
29 163
29 164
29 165
29 166
29 169
29 171
29 173
29 174
29 176
29 177
29 178
29 182
29 184
29 185
30 32
30 33
30 34
30 36
30 37
30 38
30 39
30 40
30 41
30 43
30 45
30 46
30 47
30 48
30 49
30 51
30 52
30 54
30 56
30 57
30 60
30 61
30 62
30 63
30 68
30 69
30 72
30 73
30 74
30 76
30 77
30 78
30 79
30 80
30 81
30 82
30 83
30 85
30 86
30 87
30 88
30 89
30 90
30 91
30 92
30 93
30 96
30 97
30 99
30 104
30 105
30 106
30 107
30 108
30 109
30 110
30 111
30 113
30 114
30 117
30 118
30 121
30 123
30 125
30 127
30 128
30 130
30 132
30 133
30 134
30 136
30 138
30 141
30 142
30 144
30 147
30 150
30 153
30 154
30 155
30 156
30 157
30 158
30 161
30 164
30 165
30 167
30 168
30 171
30 177
30 178
30 179
30 182
30 183
30 184
30 187
31 33
31 35
31 37
31 40
31 41
31 45
31 46
31 47
31 49
31 50
31 51
31 52
31 56
31 57
31 60
31 62
31 65
31 67
31 69
31 71
31 72
31 73
31 78
31 79
31 80
31 81
31 82
31 85
31 86
31 87
31 89
31 90
31 98
31 99
31 101
31 106
31 108
31 109
31 110
31 117
31 120
31 122
31 123
31 125
31 126
31 127
31 128
31 130
31 131
31 133
31 134
31 135
31 137
31 138
31 140
31 146
31 147
31 148
31 149
31 151
31 152
31 154
31 157
31 160
31 163
31 165
31 166
31 167
31 168
31 171
31 172
31 173
31 175
31 177
31 179
31 180
31 181
31 184
31 186
31 187
32 33
32 34
32 35
32 40
32 41
32 42
32 45
32 46
32 47
32 48
32 50
32 51
32 52
32 53
32 57
32 59
32 61
32 65
32 66
32 67
32 68
32 72
32 73
32 76
32 77
32 78
32 80
32 82
32 83
32 84
32 85
32 86
32 89
32 91
32 96
32 97
32 98
32 102
32 103
32 104
32 106
32 108
32 110
32 111
32 113
32 116
32 117
32 120
32 122
32 123
32 124
32 126
32 127
32 129
32 130
32 131
32 132
32 134
32 135
32 138
32 145
32 146
32 147
32 148
32 149
32 150
32 152
32 154
32 157
32 158
32 159
32 162
32 163
32 164
32 165
32 168
32 170
32 171
32 174
32 176
32 177
32 179
32 181
32 184
32 185
33 35
33 37
33 39
33 40
33 41
33 44
33 46
33 47
33 48
33 56
33 60
33 63
33 64
33 65
33 66
33 67
33 68
33 70
33 71
33 74
33 76
33 77
33 80
33 83
33 84
33 85
33 86
33 88
33 89
33 92
33 93
33 96
33 97
33 99
33 101
33 103
33 108
33 110
33 112
33 115
33 116
33 117
33 119
33 121
33 122
33 123
33 124
33 127
33 128
33 129
33 131
33 133
33 136
33 138
33 139
33 140
33 141
33 142
33 143
33 144
33 145
33 147
33 149
33 150
33 152
33 154
33 156
33 160
33 161
33 162
33 164
33 165
33 166
33 169
33 171
33 172
33 174
33 175
33 177
33 181
33 182
33 184
33 186
33 187
34 36
34 38
34 41
34 42
34 43
34 44
34 45
34 47
34 48
34 51
34 52
34 54
34 56
34 60
34 61
34 63
34 64
34 67
34 68
34 71
34 73
34 77
34 79
34 80
34 81
34 82
34 85
34 86
34 87
34 88
34 89
34 92
34 94
34 95
34 96
34 99
34 100
34 102
34 103
34 105
34 107
34 108
34 109
34 110
34 112
34 116
34 118
34 120
34 122
34 123
34 125
34 127
34 128
34 129
34 130
34 133
34 134
34 135
34 136
34 137
34 138
34 139
34 141
34 142
34 144
34 147
34 151
34 152
34 154
34 155
34 156
34 157
34 158
34 161
34 165
34 166
34 168
34 169
34 170
34 172
34 175
34 179
34 183
34 184
34 185
35 39
35 41
35 45
35 47
35 48
35 49
35 50
35 51
35 54
35 56
35 58
35 59
35 61
35 62
35 63
35 65
35 68
35 69
35 70
35 73
35 74
35 75
35 77
35 78
35 80
35 81
35 84
35 85
35 86
35 87
35 88
35 89
35 93
35 94
35 96
35 97
35 98
35 99
35 102
35 103
35 105
35 107
35 112
35 113
35 118
35 119
35 121
35 123
35 124
35 125
35 126
35 127
35 129
35 132
35 133
35 134
35 135
35 136
35 139
35 141
35 142
35 143
35 144
35 146
35 147
35 149
35 150
35 151
35 152
35 153
35 163
35 165
35 168
35 169
35 170
35 172
35 173
35 175
35 176
35 178
35 180
35 181
35 184
35 185
36 37
36 38
36 39
36 40
36 41
36 42
36 48
36 49
36 52
36 53
36 54
36 55
36 57
36 60
36 61
36 62
36 63
36 64
36 65
36 66
36 68
36 70
36 72
36 73
36 75
36 76
36 77
36 79
36 80
36 82
36 83
36 84
36 85
36 90
36 94
36 95
36 97
36 98
36 100
36 101
36 105
36 106
36 107
36 109
36 114
36 117
36 118
36 122
36 123
36 124
36 126
36 129
36 132
36 133
36 134
36 140
36 142
36 145
36 147
36 150
36 152
36 153
36 155
36 157
36 158
36 160
36 162
36 163
36 165
36 172
36 174
36 175
36 176
36 177
36 181
36 182
36 183
36 184
36 185
36 187
37 41
37 44
37 45
37 47
37 48
37 49
37 50
37 51
37 52
37 53
37 56
37 57
37 60
37 61
37 62
37 64
37 66
37 69
37 70
37 71
37 72
37 73
37 74
37 75
37 77
37 79
37 81
37 84
37 86
37 89
37 90
37 92
37 96
37 98
37 99
37 100
37 102
37 103
37 106
37 107
37 109
37 110
37 112
37 113
37 114
37 117
37 119
37 120
37 121
37 123
37 125
37 126
37 128
37 136
37 139
37 142
37 143
37 145
37 147
37 148
37 149
37 155
37 156
37 157
37 158
37 159
37 160
37 161
37 162
37 167
37 169
37 170
37 171
37 175
37 178
37 180
37 181
37 185
37 187
38 39
38 40
38 42
38 43
38 47
38 49
38 50
38 51
38 52
38 53
38 55
38 58
38 59
38 60
38 61
38 62
38 63
38 66
38 67
38 68
38 69
38 71
38 76
38 79
38 80
38 83
38 84
38 86
38 88
38 93
38 94
38 95
38 100
38 101
38 103
38 104
38 106
38 107
38 108
38 109
38 111
38 112
38 113
38 114
38 116
38 117
38 118
38 120
38 121
38 123
38 124
38 125
38 129
38 130
38 131
38 133
38 134
38 137
38 138
38 139
38 140
38 141
38 142
38 147
38 150
38 151
38 152
38 154
38 155
38 159
38 160
38 162
38 164
38 165
38 166
38 167
38 171
38 176
38 179
38 180
38 181
38 183
38 184
38 186
38 187
39 40
39 43
39 44
39 45
39 47
39 48
39 50
39 51
39 52
39 53
39 54
39 55
39 56
39 57
39 58
39 60
39 63
39 64
39 65
39 66
39 68
39 70
39 71
39 72
39 73
39 74
39 75
39 76
39 77
39 79
39 80
39 81
39 83
39 84
39 88
39 89
39 90
39 91
39 93
39 94
39 99
39 102
39 103
39 104
39 109
39 111
39 112
39 113
39 119
39 121
39 122
39 125
39 126
39 127
39 132
39 133
39 138
39 139
39 142
39 143
39 144
39 145
39 146
39 148
39 151
39 152
39 153
39 154
39 155
39 156
39 159
39 161
39 163
39 165
39 168
39 170
39 172
39 173
39 183
39 184
39 186
39 187
40 41
40 42
40 43
40 45
40 46
40 48
40 50
40 51
40 60
40 63
40 66
40 68
40 69
40 70
40 72
40 74
40 75
40 76
40 77
40 82
40 83
40 86
40 87
40 88
40 89
40 90
40 91
40 92
40 93
40 94
40 95
40 96
40 98
40 99
40 102
40 104
40 105
40 107
40 108
40 109
40 110
40 111
40 112
40 118
40 119
40 120
40 121
40 122
40 123
40 124
40 126
40 128
40 132
40 133
40 138
40 139
40 140
40 141
40 142
40 147
40 149
40 150
40 151
40 155
40 157
40 159
40 162
40 163
40 165
40 169
40 170
40 171
40 172
40 173
40 175
40 176
40 178
40 180
40 182
40 185
41 43
41 46
41 48
41 49
41 51
41 52
41 53
41 54
41 55
41 58
41 61
41 62
41 63
41 65
41 66
41 67
41 70
41 74
41 76
41 78
41 79
41 84
41 87
41 91
41 92
41 97
41 98
41 99
41 100
41 101
41 108
41 109
41 111
41 112
41 114
41 115
41 119
41 124
41 126
41 127
41 128
41 130
41 133
41 135
41 136
41 138
41 140
41 142
41 144
41 146
41 150
41 153
41 155
41 157
41 160
41 161
41 163
41 165
41 166
41 168
41 169
41 172
41 173
41 174
41 175
41 176
41 179
41 180
41 181
41 187
42 44
42 45
42 46
42 47
42 50
42 51
42 52
42 56
42 57
42 60
42 63
42 64
42 65
42 70
42 71
42 72
42 73
42 74
42 75
42 76
42 77
42 78
42 80
42 82
42 84
42 86
42 87
42 88
42 91
42 92
42 93
42 94
42 97
42 101
42 102
42 103
42 106
42 107
42 110
42 111
42 113
42 117
42 119
42 120
42 121
42 122
42 124
42 125
42 127
42 129
42 130
42 131
42 132
42 133
42 134
42 135
42 136
42 138
42 141
42 142
42 143
42 144
42 148
42 149
42 150
42 152
42 153
42 154
42 156
42 159
42 160
42 161
42 164
42 165
42 167
42 168
42 169
42 172
42 173
42 177
42 178
42 183
42 184
43 44
43 45
43 48
43 49
43 50
43 52
43 55
43 57
43 59
43 60
43 63
43 64
43 66
43 67
43 69
43 75
43 78
43 79
43 81
43 82
43 85
43 86
43 87
43 88
43 89
43 92
43 97
43 98
43 101
43 103
43 104
43 105
43 106
43 107
43 108
43 110
43 112
43 113
43 116
43 123
43 125
43 128
43 129
43 130
43 131
43 139
43 142
43 143
43 144
43 145
43 146
43 147
43 148
43 149
43 151
43 155
43 156
43 157
43 159
43 162
43 164
43 166
43 167
43 169
43 170
43 171
43 172
43 174
43 175
43 177
43 179
43 181
43 182
43 183
44 45
44 46
44 47
44 48
44 49
44 51
44 52
44 54
44 57
44 59
44 60
44 62
44 63
44 64
44 65
44 66
44 67
44 68
44 69
44 72
44 74
44 75
44 77
44 78
44 79
44 80
44 81
44 84
44 86
44 88
44 89
44 90
44 91
44 94
44 95
44 98
44 99
44 101
44 103
44 104
44 110
44 111
44 112
44 113
44 115
44 116
44 117
44 123
44 126
44 128
44 129
44 132
44 133
44 135
44 138
44 139
44 140
44 141
44 145
44 146
44 147
44 148
44 149
44 152
44 154
44 155
44 160
44 163
44 164
44 165
44 166
44 167
44 170
44 171
44 173
44 174
44 176
44 177
44 185
45 50
45 51
45 54
45 55
45 58
45 65
45 66
45 67
45 68
45 70
45 72
45 74
45 75
45 76
45 80
45 82
45 83
45 84
45 85
45 87
45 88
45 89
45 90
45 94
45 98
45 99
45 100
45 103
45 105
45 110
45 112
45 113
45 114
45 116
45 117
45 121
45 123
45 125
45 127
45 130
45 132
45 135
45 137
45 138
45 140
45 141
45 145
45 147
45 149
45 150
45 151
45 152
45 153
45 154
45 155
45 156
45 157
45 158
45 159
45 165
45 166
45 168
45 169
45 176
45 177
45 180
45 181
45 182
45 184
45 186
46 47
46 49
46 50
46 53
46 54
46 55
46 56
46 58
46 65
46 67
46 68
46 69
46 71
46 72
46 74
46 75
46 77
46 78
46 79
46 80
46 82
46 85
46 87
46 90
46 91
46 92
46 94
46 95
46 96
46 97
46 99
46 100
46 103
46 104
46 105
46 107
46 109
46 110
46 111
46 112
46 114
46 116
46 117
46 118
46 119
46 120
46 123
46 124
46 125
46 126
46 127
46 128
46 129
46 130
46 131
46 132
46 138
46 141
46 142
46 143
46 146
46 147
46 149
46 154
46 155
46 156
46 157
46 158
46 159
46 162
46 163
46 167
46 171
46 172
46 173
46 176
46 178
46 179
46 180
46 181
46 185
47 48
47 49
47 50
47 52
47 53
47 56
47 58
47 60
47 61
47 63
47 66
47 67
47 68
47 71
47 72
47 77
47 78
47 81
47 83
47 84
47 86
47 88
47 89
47 90
47 93
47 95
47 96
47 97
47 99
47 100
47 102
47 103
47 104
47 105
47 107
47 108
47 110
47 114
47 118
47 119
47 121
47 123
47 124
47 125
47 126
47 127
47 129
47 133
47 134
47 136
47 140
47 143
47 144
47 145
47 147
47 152
47 154
47 160
47 161
47 162
47 163
47 164
47 165
47 166
47 167
47 170
47 171
47 173
47 174
47 180
47 182
47 184
47 186
48 50
48 57
48 59
48 60
48 61
48 62
48 63
48 65
48 66
48 68
48 69
48 73
48 74
48 75
48 76
48 79
48 80
48 82
48 85
48 88
48 91
48 92
48 93
48 94
48 96
48 97
48 98
48 100
48 102
48 103
48 106
48 107
48 114
48 116
48 117
48 118
48 120
48 124
48 125
48 128
48 131
48 133
48 137
48 139
48 142
48 143
48 144
48 145
48 149
48 153
48 154
48 155
48 159
48 161
48 164
48 170
48 173
48 175
48 177
48 178
48 179
48 181
48 182
48 183
48 184
48 187
49 51
49 54
49 58
49 59
49 64
49 65
49 66
49 70
49 71
49 72
49 74
49 76
49 80
49 82
49 84
49 85
49 86
49 87
49 90
49 91
49 93
49 94
49 96
49 97
49 100
49 101
49 102
49 103
49 107
49 111
49 112
49 113
49 116
49 119
49 120
49 121
49 122
49 123
49 125
49 128
49 131
49 135
49 138
49 140
49 142
49 143
49 145
49 148
49 151
49 152
49 153
49 154
49 155
49 156
49 158
49 159
49 167
49 168
49 169
49 170
49 172
49 173
49 175
49 177
49 181
49 185
50 52
50 55
50 59
50 61
50 65
50 66
50 67
50 68
50 70
50 71
50 72
50 73
50 74
50 76
50 78
50 80
50 81
50 82
50 86
50 88
50 89
50 91
50 92
50 93
50 94
50 95
50 96
50 99
50 100
50 102
50 106
50 110
50 114
50 116
50 118
50 119
50 120
50 124
50 126
50 129
50 130
50 131
50 134
50 140
50 141
50 142
50 145
50 146
50 147
50 148
50 151
50 152
50 161
50 162
50 164
50 166
50 168
50 169
50 171
50 172
50 173
50 174
50 177
50 182
50 184
50 185
50 187
51 55
51 56
51 62
51 63
51 66
51 67
51 68
51 69
51 72
51 73
51 75
51 77
51 79
51 80
51 81
51 82
51 83
51 84
51 86
51 88
51 90
51 91
51 92
51 96
51 97
51 99
51 100
51 101
51 102
51 103
51 106
51 113
51 115
51 116
51 118
51 119
51 120
51 122
51 124
51 127
51 130
51 132
51 134
51 135
51 136
51 137
51 138
51 141
51 144
51 146
51 148
51 150
51 152
51 153
51 156
51 160
51 161
51 163
51 165
51 169
51 171
51 172
51 176
51 181
51 183
51 185
51 186
52 53
52 54
52 57
52 60
52 62
52 65
52 66
52 67
52 69
52 71
52 74
52 75
52 76
52 77
52 83
52 84
52 87
52 88
52 89
52 91
52 92
52 93
52 97
52 98
52 99
52 104
52 107
52 111
52 112
52 114
52 115
52 116
52 117
52 118
52 119
52 120
52 124
52 126
52 127
52 132
52 133
52 134
52 135
52 138
52 140
52 144
52 145
52 146
52 148
52 149
52 150
52 151
52 153
52 154
52 161
52 162
52 164
52 165
52 168
52 170
52 174
52 177
52 178
52 179
52 180
52 181
52 185
52 187
53 54
53 55
53 56
53 59
53 62
53 63
53 64
53 65
53 66
53 67
53 68
53 73
53 74
53 75
53 76
53 77
53 80
53 81
53 82
53 83
53 84
53 85
53 86
53 87
53 88
53 90
53 92
53 93
53 95
53 96
53 97
53 99
53 101
53 106
53 107
53 108
53 109
53 110
53 111
53 112
53 113
53 118
53 120
53 121
53 122
53 123
53 124
53 125
53 127
53 128
53 129
53 130
53 131
53 133
53 138
53 139
53 143
53 144
53 146
53 149
53 152
53 153
53 156
53 158
53 159
53 161
53 164
53 166
53 169
53 171
53 172
53 174
53 175
53 179
53 181
53 185
53 186
54 57
54 60
54 61
54 67
54 69
54 71
54 72
54 73
54 74
54 75
54 76
54 77
54 81
54 82
54 84
54 87
54 88
54 91
54 92
54 94
54 95
54 100
54 101
54 102
54 103
54 104
54 105
54 106
54 107
54 108
54 109
54 110
54 112
54 114
54 115
54 116
54 117
54 118
54 119
54 124
54 128
54 134
54 135
54 136
54 140
54 142
54 143
54 145
54 146
54 147
54 148
54 149
54 150
54 151
54 152
54 153
54 158
54 160
54 162
54 163
54 165
54 168
54 172
54 174
54 176
54 177
54 184
54 187
55 57
55 58
55 65
55 66
55 68
55 69
55 70
55 73
55 75
55 76
55 77
55 78
55 79
55 80
55 82
55 87
55 91
55 92
55 93
55 94
55 95
55 96
55 98
55 99
55 100
55 101
55 102
55 103
55 105
55 106
55 107
55 109
55 111
55 112
55 113
55 115
55 116
55 117
55 118
55 119
55 120
55 122
55 123
55 124
55 125
55 126
55 127
55 128
55 129
55 130
55 133
55 136
55 137
55 138
55 139
55 140
55 141
55 144
55 145
55 146
55 148
55 153
55 155
55 156
55 160
55 162
55 167
55 168
55 170
55 171
55 172
55 173
55 175
55 176
55 177
55 179
55 180
55 181
55 182
55 183
55 185
56 58
56 59
56 60
56 61
56 62
56 64
56 65
56 66
56 70
56 71
56 72
56 74
56 76
56 83
56 85
56 87
56 88
56 92
56 93
56 94
56 97
56 98
56 100
56 102
56 103
56 104
56 109
56 111
56 112
56 113
56 115
56 117
56 118
56 119
56 120
56 121
56 122
56 126
56 129
56 130
56 134
56 136
56 137
56 138
56 140
56 143
56 144
56 145
56 147
56 149
56 150
56 151
56 158
56 159
56 162
56 164
56 166
56 168
56 169
56 171
56 172
56 174
56 175
56 177
56 178
56 183
56 187
57 59
57 60
57 61
57 64
57 66
57 67
57 68
57 71
57 72
57 74
57 79
57 81
57 84
57 88
57 89
57 93
57 94
57 95
57 99
57 102
57 103
57 104
57 105
57 106
57 107
57 108
57 110
57 112
57 115
57 118
57 120
57 121
57 122
57 124
57 125
57 127
57 129
57 130
57 131
57 132
57 135
57 136
57 139
57 141
57 143
57 144
57 147
57 148
57 149
57 150
57 153
57 155
57 156
57 157
57 158
57 159
57 160
57 161
57 163
57 164
57 165
57 166
57 171
57 172
57 173
57 174
57 175
57 178
57 179
57 180
57 181
57 183
57 184
57 186
58 59
58 60
58 61
58 62
58 63
58 64
58 69
58 70
58 72
58 73
58 75
58 77
58 78
58 80
58 81
58 82
58 86
58 88
58 90
58 91
58 92
58 93
58 94
58 96
58 100
58 102
58 104
58 105
58 106
58 107
58 109
58 111
58 112
58 113
58 114
58 115
58 119
58 120
58 122
58 126
58 131
58 132
58 133
58 134
58 140
58 144
58 145
58 146
58 147
58 148
58 151
58 152
58 153
58 154
58 156
58 157
58 164
58 167
58 169
58 170
58 171
58 172
58 173
58 174
58 175
58 176
58 181
58 183
58 184
58 185
58 186
59 60
59 61
59 63
59 65
59 66
59 67
59 68
59 72
59 74
59 75
59 84
59 87
59 89
59 91
59 92
59 94
59 95
59 97
59 98
59 99
59 100
59 102
59 104
59 108
59 110
59 111
59 114
59 116
59 117
59 118
59 119
59 121
59 125
59 127
59 131
59 132
59 134
59 135
59 136
59 139
59 144
59 145
59 146
59 149
59 153
59 154
59 157
59 158
59 161
59 162
59 163
59 164
59 167
59 171
59 172
59 173
59 175
59 176
59 177
59 179
59 180
59 183
59 186
59 187
60 61
60 62
60 63
60 66
60 67
60 69
60 71
60 72
60 73
60 75
60 77
60 79
60 81
60 82
60 83
60 84
60 85
60 88
60 89
60 91
60 92
60 93
60 94
60 96
60 98
60 99
60 101
60 102
60 104
60 105
60 107
60 108
60 109
60 111
60 112
60 113
60 116
60 117
60 119
60 120
60 121
60 122
60 123
60 125
60 126
60 130
60 133
60 135
60 136
60 139
60 142
60 145
60 146
60 148
60 151
60 155
60 160
60 166
60 167
60 168
60 171
60 174
60 175
60 180
60 181
60 182
60 183
60 186
61 62
61 63
61 65
61 66
61 69
61 71
61 72
61 73
61 74
61 75
61 79
61 81
61 85
61 86
61 87
61 91
61 93
61 94
61 95
61 97
61 99
61 106
61 108
61 109
61 112
61 113
61 114
61 115
61 116
61 117
61 118
61 122
61 125
61 126
61 127
61 128
61 133
61 134
61 136
61 139
61 140
61 141
61 142
61 144
61 147
61 148
61 149
61 150
61 151
61 153
61 155
61 156
61 157
61 160
61 162
61 167
61 168
61 170
61 172
61 175
61 177
61 179
61 180
61 181
61 185
61 186
61 187
62 71
62 72
62 75
62 76
62 78
62 79
62 80
62 83
62 84
62 86
62 90
62 91
62 93
62 94
62 96
62 97
62 99
62 100
62 101
62 102
62 111
62 112
62 113
62 114
62 116
62 118
62 121
62 122
62 123
62 127
62 129
62 130
62 131
62 133
62 134
62 136
62 144
62 145
62 146
62 148
62 149
62 151
62 152
62 154
62 155
62 156
62 162
62 165
62 166
62 170
62 174
62 175
62 176
62 179
62 185
62 186
63 64
63 65
63 66
63 67
63 68
63 73
63 74
63 76
63 83
63 87
63 89
63 90
63 91
63 94
63 95
63 96
63 97
63 99
63 102
63 107
63 108
63 110
63 111
63 120
63 121
63 123
63 125
63 126
63 127
63 128
63 130
63 131
63 133
63 134
63 135
63 137
63 138
63 139
63 140
63 141
63 142
63 143
63 144
63 146
63 147
63 148
63 149
63 150
63 151
63 156
63 157
63 158
63 159
63 161
63 162
63 165
63 169
63 172
63 173
63 174
63 175
63 177
63 178
63 180
63 181
63 185
64 66
64 67
64 71
64 72
64 73
64 74
64 76
64 77
64 79
64 81
64 82
64 86
64 88
64 89
64 93
64 95
64 96
64 104
64 105
64 109
64 111
64 112
64 113
64 115
64 117
64 123
64 126
64 129
64 132
64 133
64 137
64 140
64 141
64 143
64 145
64 148
64 150
64 151
64 152
64 156
64 158
64 160
64 161
64 163
64 164
64 165
64 166
64 167
64 169
64 170
64 172
64 174
64 175
64 178
64 181
64 186
64 187
65 66
65 68
65 70
65 73
65 77
65 78
65 79
65 82
65 83
65 84
65 86
65 89
65 90
65 91
65 92
65 94
65 95
65 97
65 98
65 99
65 102
65 104
65 106
65 111
65 112
65 113
65 114
65 116
65 118
65 121
65 123
65 126
65 127
65 129
65 131
65 132
65 136
65 139
65 140
65 142
65 145
65 147
65 148
65 149
65 150
65 152
65 156
65 159
65 160
65 162
65 168
65 172
65 173
65 174
65 175
65 177
65 178
65 180
65 181
65 182
65 183
65 186
66 70
66 72
66 73
66 75
66 79
66 81
66 82
66 84
66 88
66 90
66 91
66 92
66 95
66 96
66 97
66 98
66 99
66 101
66 102
66 105
66 106
66 107
66 109
66 113
66 114
66 115
66 117
66 120
66 121
66 122
66 123
66 127
66 136
66 137
66 138
66 144
66 145
66 146
66 147
66 148
66 151
66 153
66 155
66 157
66 158
66 161
66 166
66 175
66 176
66 177
66 181
66 182
66 184
66 185
67 68
67 70
67 71
67 73
67 76
67 78
67 79
67 81
67 83
67 84
67 85
67 89
67 90
67 92
67 95
67 97
67 100
67 104
67 105
67 106
67 108
67 111
67 112
67 114
67 115
67 116
67 118
67 119
67 121
67 122
67 123
67 124
67 125
67 126
67 128
67 129
67 131
67 137
67 138
67 141
67 144
67 146
67 147
67 151
67 157
67 158
67 166
67 169
67 170
67 173
67 174
67 175
67 182
67 185
68 72
68 74
68 76
68 77
68 79
68 80
68 81
68 83
68 87
68 89
68 92
68 93
68 94
68 95
68 96
68 97
68 98
68 99
68 100
68 103
68 105
68 106
68 107
68 108
68 110
68 113
68 115
68 116
68 120
68 123
68 125
68 127
68 131
68 133
68 135
68 136
68 140
68 141
68 144
68 145
68 146
68 149
68 153
68 154
68 159
68 162
68 168
68 171
68 172
68 181
68 182
69 71
69 72
69 73
69 76
69 78
69 79
69 84
69 86
69 88
69 89
69 90
69 91
69 92
69 95
69 96
69 97
69 100
69 104
69 107
69 109
69 110
69 111
69 113
69 115
69 117
69 119
69 120
69 121
69 123
69 124
69 125
69 128
69 131
69 133
69 135
69 136
69 137
69 139
69 140
69 142
69 145
69 146
69 149
69 150
69 151
69 152
69 163
69 164
69 168
69 169
69 170
69 171
69 172
69 175
69 176
69 177
69 178
69 180
69 181
69 183
69 186
70 72
70 73
70 75
70 77
70 83
70 85
70 86
70 87
70 95
70 99
70 103
70 105
70 106
70 109
70 110
70 111
70 112
70 114
70 115
70 116
70 117
70 120
70 121
70 122
70 123
70 125
70 127
70 129
70 131
70 134
70 135
70 139
70 141
70 144
70 145
70 148
70 150
70 152
70 154
70 155
70 158
70 160
70 161
70 163
70 164
70 165
70 166
70 167
70 168
70 170
70 171
70 172
70 174
70 175
70 177
70 178
70 180
70 184
70 185
71 72
71 74
71 75
71 76
71 77
71 79
71 82
71 83
71 84
71 87
71 88
71 89
71 90
71 91
71 92
71 96
71 97
71 98
71 99
71 103
71 105
71 107
71 109
71 112
71 113
71 114
71 115
71 116
71 118
71 119
71 120
71 122
71 123
71 124
71 125
71 126
71 127
71 134
71 138
71 139
71 140
71 144
71 145
71 146
71 147
71 149
71 150
71 151
71 153
71 156
71 158
71 159
71 161
71 162
71 164
71 165
71 169
71 173
71 175
71 180
71 181
71 187
72 73
72 74
72 75
72 77
72 78
72 85
72 86
72 87
72 90
72 91
72 95
72 97
72 100
72 102
72 104
72 105
72 106
72 111
72 118
72 120
72 123
72 125
72 126
72 129
72 130
72 131
72 133
72 135
72 138
72 139
72 143
72 148
72 149
72 151
72 152
72 153
72 156
72 158
72 159
72 160
72 162
72 164
72 168
72 169
72 170
72 171
72 172
72 178
72 179
72 182
72 183
72 186
73 74
73 76
73 80
73 83
73 86
73 88
73 90
73 91
73 93
73 94
73 96
73 97
73 102
73 103
73 104
73 106
73 108
73 112
73 115
73 116
73 117
73 121
73 123
73 127
73 128
73 130
73 132
73 134
73 135
73 136
73 139
73 140
73 142
73 146
73 148
73 149
73 153
73 155
73 158
73 159
73 168
73 170
73 172
73 174
73 176
73 177
73 178
73 179
73 180
73 182
73 183
73 186
73 187
74 75
74 78
74 80
74 81
74 83
74 84
74 85
74 86
74 89
74 91
74 93
74 96
74 99
74 102
74 113
74 115
74 118
74 119
74 123
74 125
74 126
74 140
74 142
74 148
74 151
74 154
74 155
74 156
74 158
74 159
74 160
74 161
74 162
74 165
74 167
74 169
74 174
74 177
74 178
74 183
74 185
75 80
75 81
75 83
75 84
75 85
75 86
75 87
75 88
75 90
75 92
75 93
75 95
75 100
75 101
75 103
75 105
75 106
75 108
75 110
75 112
75 113
75 117
75 126
75 127
75 128
75 130
75 132
75 135
75 136
75 140
75 141
75 142
75 143
75 145
75 147
75 149
75 152
75 156
75 160
75 161
75 163
75 165
75 166
75 168
75 169
75 171
75 172
75 173
75 174
75 180
75 183
75 185
75 186
75 187
76 77
76 78
76 79
76 81
76 82
76 84
76 86
76 90
76 91
76 92
76 95
76 97
76 99
76 101
76 103
76 106
76 107
76 108
76 109
76 110
76 113
76 115
76 119
76 120
76 123
76 124
76 127
76 130
76 132
76 133
76 135
76 136
76 139
76 140
76 144
76 145
76 147
76 148
76 150
76 151
76 154
76 155
76 158
76 159
76 160
76 162
76 164
76 165
76 171
76 173
76 176
76 177
76 179
76 182
76 184
77 78
77 80
77 82
77 84
77 88
77 91
77 94
77 100
77 101
77 102
77 104
77 105
77 106
77 107
77 108
77 110
77 111
77 113
77 115
77 119
77 123
77 125
77 127
77 132
77 133
77 134
77 136
77 137
77 138
77 139
77 140
77 141
77 142
77 143
77 150
77 151
77 152
77 155
77 156
77 159
77 160
77 161
77 162
77 165
77 167
77 172
77 174
77 176
77 177
77 178
77 179
77 183
77 185
77 186
77 187
78 79
78 80
78 84
78 85
78 86
78 87
78 88
78 89
78 90
78 92
78 97
78 98
78 103
78 104
78 105
78 106
78 107
78 108
78 110
78 113
78 115
78 116
78 118
78 119
78 120
78 121
78 125
78 126
78 128
78 131
78 132
78 135
78 137
78 139
78 142
78 143
78 147
78 150
78 151
78 155
78 157
78 158
78 159
78 160
78 161
78 163
78 164
78 165
78 166
78 171
78 172
78 174
78 176
78 179
78 181
78 182
78 183
78 184
78 186
79 81
79 83
79 85
79 87
79 91
79 95
79 96
79 97
79 98
79 100
79 101
79 102
79 103
79 104
79 105
79 106
79 107
79 111
79 112
79 113
79 114
79 115
79 116
79 118
79 119
79 120
79 121
79 122
79 123
79 124
79 125
79 126
79 129
79 131
79 134
79 137
79 139
79 142
79 144
79 150
79 155
79 161
79 164
79 171
79 172
79 174
79 175
79 177
79 181
79 184
79 186
80 82
80 83
80 84
80 85
80 91
80 93
80 99
80 104
80 107
80 109
80 110
80 112
80 113
80 115
80 116
80 119
80 121
80 122
80 125
80 131
80 132
80 136
80 137
80 139
80 140
80 145
80 146
80 147
80 148
80 150
80 151
80 152
80 158
80 159
80 161
80 163
80 165
80 166
80 168
80 169
80 171
80 172
80 173
80 178
80 180
80 181
80 182
80 183
80 185
81 84
81 85
81 86
81 87
81 90
81 91
81 92
81 93
81 94
81 95
81 96
81 98
81 99
81 100
81 101
81 102
81 107
81 108
81 110
81 111
81 112
81 113
81 115
81 121
81 123
81 125
81 126
81 127
81 128
81 129
81 130
81 133
81 134
81 141
81 142
81 143
81 145
81 146
81 147
81 148
81 150
81 152
81 153
81 157
81 158
81 159
81 164
81 166
81 167
81 171
81 173
81 177
81 179
81 182
81 184
81 185
81 187
82 83
82 84
82 85
82 86
82 87
82 88
82 89
82 90
82 91
82 92
82 94
82 95
82 96
82 97
82 98
82 100
82 101
82 107
82 111
82 113
82 117
82 121
82 122
82 124
82 126
82 127
82 132
82 134
82 135
82 138
82 141
82 142
82 144
82 145
82 146
82 148
82 151
82 152
82 155
82 160
82 167
82 169
82 175
82 178
82 179
82 180
82 182
82 185
82 186
83 84
83 85
83 86
83 87
83 88
83 92
83 93
83 94
83 95
83 97
83 98
83 100
83 102
83 103
83 108
83 110
83 111
83 114
83 117
83 118
83 119
83 120
83 121
83 122
83 124
83 125
83 126
83 128
83 133
83 134
83 140
83 141
83 142
83 143
83 144
83 146
83 147
83 150
83 156
83 157
83 158
83 159
83 161
83 166
83 167
83 168
83 170
83 173
83 174
83 175
83 179
83 185
83 186
83 187
84 85
84 87
84 89
84 93
84 95
84 97
84 101
84 104
84 106
84 108
84 112
84 115
84 117
84 118
84 121
84 122
84 125
84 126
84 128
84 129
84 131
84 132
84 133
84 134
84 135
84 136
84 137
84 138
84 140
84 141
84 142
84 143
84 145
84 147
84 149
84 152
84 153
84 154
84 156
84 157
84 160
84 161
84 164
84 168
84 172
84 175
84 177
84 179
84 182
84 184
84 187
85 87
85 88
85 95
85 97
85 98
85 100
85 102
85 105
85 107
85 108
85 109
85 110
85 114
85 115
85 116
85 124
85 126
85 127
85 131
85 132
85 133
85 139
85 144
85 146
85 149
85 150
85 152
85 153
85 157
85 158
85 159
85 161
85 163
85 165
85 167
85 168
85 170
85 171
85 172
85 175
85 179
85 180
85 184
85 185
85 187
86 89
86 90
86 92
86 93
86 96
86 98
86 99
86 104
86 105
86 106
86 107
86 109
86 110
86 113
86 115
86 116
86 117
86 120
86 121
86 125
86 133
86 135
86 136
86 139
86 143
86 144
86 146
86 148
86 150
86 151
86 155
86 156
86 159
86 162
86 163
86 166
86 167
86 174
86 178
86 179
86 181
86 182
86 185
86 186
86 187
87 89
87 91
87 92
87 93
87 94
87 95
87 97
87 98
87 100
87 102
87 104
87 105
87 107
87 108
87 110
87 113
87 115
87 116
87 117
87 118
87 120
87 121
87 122
87 123
87 124
87 129
87 130
87 134
87 135
87 139
87 140
87 141
87 144
87 145
87 146
87 149
87 152
87 154
87 155
87 160
87 161
87 162
87 163
87 165
87 167
87 169
87 171
87 177
87 180
87 187
88 89
88 90
88 93
88 94
88 95
88 96
88 99
88 101
88 105
88 113
88 114
88 115
88 116
88 117
88 119
88 120
88 121
88 122
88 125
88 127
88 129
88 130
88 132
88 133
88 135
88 136
88 144
88 148
88 149
88 151
88 153
88 156
88 159
88 161
88 162
88 164
88 165
88 166
88 169
88 171
88 172
88 174
88 181
88 184
88 185
88 186
88 187
89 91
89 95
89 97
89 99
89 101
89 105
89 107
89 112
89 114
89 119
89 121
89 122
89 123
89 124
89 125
89 134
89 141
89 143
89 144
89 146
89 150
89 151
89 153
89 155
89 157
89 158
89 159
89 160
89 165
89 166
89 167
89 168
89 171
89 174
89 177
89 178
89 180
89 181
89 182
89 183
89 184
89 185
90 91
90 92
90 94
90 95
90 98
90 99
90 101
90 103
90 109
90 110
90 113
90 115
90 116
90 119
90 120
90 123
90 124
90 125
90 126
90 127
90 128
90 129
90 133
90 136
90 137
90 139
90 140
90 141
90 142
90 143
90 144
90 147
90 149
90 153
90 155
90 156
90 157
90 158
90 159
90 160
90 161
90 170
90 172
90 174
90 177
90 180
90 181
90 182
90 183
90 187
91 92
91 96
91 98
91 99
91 100
91 102
91 103
91 108
91 110
91 114
91 116
91 117
91 118
91 121
91 124
91 129
91 131
91 135
91 136
91 137
91 140
91 141
91 143
91 145
91 146
91 149
91 150
91 152
91 153
91 156
91 157
91 160
91 161
91 162
91 164
91 165
91 166
91 169
91 170
91 171
91 175
91 176
91 178
91 182
91 184
91 187
92 93
92 95
92 96
92 109
92 111
92 112
92 114
92 118
92 119
92 120
92 121
92 122
92 123
92 124
92 129
92 130
92 131
92 136
92 138
92 139
92 142
92 143
92 144
92 151
92 154
92 155
92 160
92 161
92 163
92 164
92 167
92 168
92 173
92 174
92 175
92 180
92 183
92 185
92 186
93 94
93 95
93 100
93 102
93 105
93 107
93 108
93 109
93 110
93 115
93 117
93 118
93 120
93 122
93 123
93 125
93 128
93 130
93 131
93 132
93 133
93 140
93 149
93 150
93 154
93 156
93 157
93 158
93 160
93 163
93 164
93 168
93 171
93 175
93 176
93 178
93 180
93 185
93 186
94 96
94 98
94 99
94 101
94 102
94 103
94 105
94 106
94 109
94 121
94 122
94 123
94 124
94 125
94 129
94 132
94 133
94 134
94 137
94 138
94 139
94 140
94 141
94 144
94 145
94 147
94 148
94 150
94 151
94 153
94 157
94 160
94 162
94 163
94 165
94 167
94 174
94 175
94 176
94 179
94 180
94 181
94 183
94 184
94 187
95 96
95 97
95 101
95 102
95 104
95 105
95 106
95 107
95 108
95 109
95 111
95 112
95 113
95 114
95 117
95 118
95 120
95 121
95 123
95 124
95 126
95 135
95 137
95 138
95 142
95 143
95 145
95 147
95 151
95 153
95 156
95 157
95 158
95 159
95 160
95 163
95 164
95 169
95 170
95 171
95 172
95 173
95 176
95 178
95 179
95 182
95 185
95 186
96 98
96 99
96 101
96 103
96 104
96 105
96 107
96 108
96 109
96 110
96 111
96 112
96 116
96 118
96 120
96 123
96 124
96 125
96 129
96 130
96 131
96 132
96 135
96 139
96 142
96 143
96 146
96 149
96 157
96 158
96 163
96 166
96 167
96 172
96 173
96 176
96 177
96 179
96 180
96 181
96 182
96 184
96 185
96 187
97 98
97 106
97 107
97 110
97 112
97 113
97 114
97 115
97 116
97 118
97 119
97 123
97 124
97 125
97 128
97 135
97 136
97 141
97 143
97 144
97 146
97 147
97 149
97 150
97 151
97 152
97 156
97 158
97 164
97 169
97 170
97 171
97 172
97 173
97 174
97 175
97 178
97 180
97 182
97 184
97 186
98 100
98 102
98 103
98 109
98 110
98 111
98 112
98 113
98 116
98 117
98 119
98 120
98 121
98 122
98 124
98 125
98 127
98 132
98 133
98 135
98 137
98 138
98 141
98 146
98 149
98 151
98 152
98 155
98 157
98 161
98 162
98 165
98 167
98 169
98 171
98 172
98 173
98 175
98 179
98 183
98 184
99 100
99 101
99 102
99 103
99 104
99 105
99 107
99 108
99 109
99 118
99 119
99 124
99 129
99 131
99 132
99 136
99 137
99 141
99 144
99 147
99 148
99 151
99 152
99 153
99 154
99 162
99 163
99 165
99 169
99 170
99 172
99 175
99 179
99 180
99 181
99 182
99 186
100 103
100 106
100 108
100 110
100 111
100 114
100 116
100 118
100 120
100 121
100 122
100 123
100 124
100 128
100 129
100 131
100 132
100 134
100 136
100 137
100 138
100 139
100 140
100 142
100 149
100 150
100 152
100 157
100 161
100 165
100 168
100 169
100 170
100 175
100 181
101 102
101 108
101 110
101 111
101 114
101 116
101 117
101 119
101 121
101 125
101 126
101 127
101 131
101 132
101 134
101 136
101 137
101 139
101 141
101 143
101 144
101 147
101 150
101 152
101 154
101 155
101 156
101 157
101 158
101 161
101 165
101 166
101 167
101 168
101 174
101 178
101 179
101 181
101 183
101 184
101 185
101 186
102 103
102 105
102 107
102 109
102 113
102 116
102 117
102 121
102 122
102 123
102 127
102 130
102 131
102 134
102 135
102 136
102 139
102 142
102 144
102 146
102 150
102 151
102 153
102 156
102 157
102 161
102 163
102 167
102 168
102 180
102 183
103 104
103 107
103 108
103 109
103 110
103 111
103 112
103 113
103 116
103 117
103 118
103 126
103 127
103 128
103 129
103 131
103 133
103 137
103 138
103 139
103 140
103 141
103 142
103 147
103 149
103 150
103 153
103 159
103 162
103 163
103 165
103 167
103 168
103 171
103 176
103 178
103 182
103 185
103 186
103 187
104 105
104 106
104 107
104 108
104 110
104 111
104 115
104 116
104 117
104 119
104 120
104 122
104 123
104 126
104 127
104 128
104 130
104 132
104 135
104 137
104 138
104 140
104 142
104 143
104 145
104 146
104 148
104 152
104 154
104 155
104 157
104 160
104 161
104 163
104 164
104 167
104 168
104 169
104 170
104 171
104 173
104 175
104 178
104 183
105 112
105 114
105 115
105 116
105 117
105 119
105 122
105 123
105 124
105 128
105 129
105 132
105 133
105 134
105 138
105 139
105 141
105 142
105 143
105 144
105 145
105 146
105 147
105 149
105 152
105 153
105 156
105 157
105 158
105 160
105 162
105 165
105 166
105 174
105 175
105 176
105 177
105 178
105 179
105 181
105 184
105 185
105 186
105 187
106 107
106 108
106 109
106 113
106 114
106 117
106 120
106 122
106 123
106 124
106 125
106 127
106 128
106 130
106 131
106 137
106 139
106 140
106 142
106 145
106 146
106 147
106 148
106 151
106 152
106 154
106 156
106 159
106 160
106 162
106 163
106 164
106 165
106 167
106 170
106 172
106 173
106 176
106 178
106 182
106 183
106 187
107 109
107 111
107 114
107 115
107 117
107 120
107 122
107 125
107 130
107 133
107 134
107 135
107 137
107 142
107 143
107 151
107 152
107 154
107 156
107 158
107 160
107 165
107 167
107 168
107 171
107 176
107 178
107 181
107 186
108 109
108 112
108 113
108 115
108 119
108 124
108 125
108 127
108 128
108 129
108 130
108 134
108 135
108 137
108 138
108 141
108 142
108 149
108 150
108 151
108 155
108 159
108 160
108 161
108 170
108 173
108 175
108 176
108 177
108 179
108 182
108 183
109 110
109 111
109 112
109 116
109 117
109 120
109 121
109 126
109 131
109 137
109 139
109 140
109 141
109 143
109 145
109 146
109 147
109 153
109 156
109 158
109 159
109 160
109 162
109 166
109 168
109 173
109 177
109 178
109 180
110 112
110 114
110 116
110 117
110 121
110 123
110 125
110 126
110 130
110 133
110 134
110 136
110 153
110 155
110 157
110 160
110 162
110 163
110 165
110 166
110 167
110 169
110 172
110 176
110 177
110 184
110 185
110 186
110 187
111 112
111 115
111 116
111 119
111 120
111 122
111 125
111 126
111 127
111 131
111 132
111 135
111 138
111 139
111 140
111 141
111 142
111 143
111 144
111 145
111 148
111 150
111 151
111 155
111 156
111 158
111 159
111 162
111 164
111 165
111 167
111 170
111 171
111 174
111 176
111 178
111 179
111 183
111 185
111 187
112 113
112 117
112 118
112 120
112 124
112 126
112 132
112 135
112 141
112 143
112 147
112 148
112 149
112 151
112 152
112 158
112 163
112 165
112 166
112 168
112 169
112 171
112 176
112 178
112 179
112 181
112 186
112 187
113 118
113 120
113 121
113 122
113 125
113 126
113 128
113 129
113 138
113 140
113 143
113 149
113 152
113 154
113 155
113 160
113 162
113 164
113 166
113 170
113 172
113 175
113 176
113 179
113 182
113 183
113 187
114 115
114 118
114 119
114 120
114 123
114 125
114 126
114 127
114 131
114 132
114 134
114 136
114 137
114 138
114 142
114 143
114 146
114 147
114 149
114 150
114 151
114 154
114 156
114 157
114 159
114 162
114 163
114 169
114 173
114 176
114 177
114 179
114 183
114 184
114 185
114 187
115 117
115 119
115 121
115 128
115 129
115 132
115 134
115 135
115 144
115 145
115 146
115 149
115 151
115 152
115 153
115 154
115 158
115 159
115 160
115 161
115 168
115 170
115 171
115 172
115 173
115 175
115 177
115 180
115 182
115 183
115 185
115 186
115 187
116 117
116 118
116 119
116 121
116 122
116 123
116 126
116 127
116 128
116 129
116 131
116 132
116 135
116 147
116 151
116 152
116 153
116 157
116 158
116 162
116 170
116 173
116 175
116 177
116 178
116 181
116 182
116 183
116 185
116 187
117 118
117 121
117 124
117 126
117 128
117 129
117 130
117 133
117 134
117 140
117 142
117 143
117 150
117 151
117 153
117 160
117 166
117 167
117 170
117 173
117 179
117 183
117 187
118 124
118 127
118 129
118 130
118 131
118 137
118 138
118 139
118 141
118 144
118 148
118 150
118 153
118 155
118 157
118 158
118 160
118 162
118 164
118 169
118 172
118 175
118 177
118 180
118 181
118 182
118 184
118 186
119 120
119 123
119 124
119 125
119 126
119 127
119 130
119 131
119 132
119 137
119 138
119 141
119 149
119 151
119 158
119 161
119 163
119 164
119 165
119 166
119 167
119 168
119 169
119 172
119 176
119 177
119 178
119 179
119 180
119 185
119 186
120 123
120 126
120 127
120 129
120 130
120 132
120 133
120 134
120 135
120 140
120 141
120 142
120 144
120 145
120 146
120 147
120 152
120 154
120 160
120 165
120 166
120 168
120 173
120 174
120 176
120 178
120 179
120 180
120 181
120 184
121 124
121 125
121 126
121 127
121 131
121 132
121 133
121 134
121 135
121 138
121 139
121 141
121 143
121 145
121 152
121 155
121 158
121 161
121 163
121 164
121 165
121 169
121 170
121 172
121 173
121 174
121 176
121 179
121 183
121 185
121 187
122 123
122 125
122 126
122 130
122 134
122 140
122 141
122 147
122 148
122 149
122 150
122 153
122 154
122 156
122 157
122 158
122 161
122 163
122 164
122 165
122 166
122 167
122 168
122 171
122 173
122 175
122 178
122 181
122 182
122 187
123 126
123 128
123 136
123 138
123 139
123 140
123 143
123 144
123 145
123 149
123 150
123 152
123 153
123 159
123 162
123 167
123 170
123 172
123 177
123 182
124 125
124 128
124 129
124 134
124 137
124 140
124 141
124 142
124 145
124 146
124 149
124 154
124 157
124 161
124 162
124 169
124 170
124 171
124 173
124 175
124 181
124 182
125 126
125 127
125 128
125 129
125 133
125 135
125 145
125 147
125 153
125 154
125 157
125 159
125 161
125 167
125 169
125 170
125 171
125 172
125 174
125 176
125 177
125 180
126 128
126 129
126 130
126 133
126 134
126 140
126 144
126 147
126 152
126 158
126 160
126 168
126 169
126 173
126 174
126 176
126 178
127 130
127 131
127 132
127 136
127 137
127 139
127 147
127 155
127 156
127 159
127 167
127 168
127 174
127 177
127 182
128 129
128 130
128 131
128 134
128 137
128 138
128 139
128 140
128 142
128 146
128 148
128 153
128 155
128 157
128 160
128 162
128 164
128 168
128 170
128 171
128 172
128 173
128 174
128 175
128 176
128 179
128 182
128 186
129 132
129 133
129 134
129 137
129 141
129 143
129 144
129 148
129 149
129 150
129 154
129 155
129 158
129 159
129 163
129 166
129 168
129 174
129 176
129 180
129 182
129 183
129 184
130 131
130 137
130 138
130 139
130 141
130 142
130 144
130 153
130 154
130 156
130 158
130 160
130 162
130 169
130 171
130 174
130 175
130 178
130 184
130 186
131 132
131 135
131 136
131 137
131 140
131 143
131 146
131 149
131 151
131 155
131 156
131 157
131 161
131 162
131 164
131 168
131 170
131 176
131 177
131 178
131 183
131 187
132 133
132 134
132 139
132 141
132 142
132 146
132 148
132 149
132 150
132 153
132 155
132 156
132 158
132 162
132 166
132 167
132 171
132 174
132 178
132 180
132 185
132 186
132 187
133 135
133 136
133 137
133 139
133 141
133 144
133 147
133 148
133 149
133 150
133 159
133 162
133 163
133 169
133 171
133 172
133 173
133 174
133 175
133 178
133 179
133 185
133 186
134 135
134 138
134 140
134 145
134 147
134 148
134 151
134 153
134 155
134 156
134 157
134 159
134 160
134 162
134 163
134 166
134 168
134 169
134 172
134 176
134 177
134 178
134 182
134 183
134 185
135 137
135 140
135 141
135 144
135 152
135 153
135 154
135 156
135 157
135 159
135 161
135 163
135 165
135 166
135 170
135 176
135 178
135 180
135 183
135 187
136 140
136 146
136 147
136 152
136 153
136 155
136 157
136 159
136 160
136 161
136 162
136 167
136 168
136 170
136 178
136 180
136 181
136 182
136 184
136 185
136 186
136 187
137 139
137 143
137 144
137 145
137 148
137 150
137 151
137 152
137 153
137 154
137 155
137 156
137 157
137 158
137 159
137 160
137 161
137 162
137 167
137 173
137 178
137 181
137 184
138 141
138 142
138 145
138 148
138 149
138 150
138 161
138 163
138 164
138 165
138 166
138 167
138 169
138 170
138 171
138 175
138 176
138 177
138 178
138 180
138 181
138 184
139 142
139 145
139 146
139 147
139 150
139 152
139 154
139 155
139 156
139 157
139 163
139 170
139 180
139 182
139 183
139 186
140 145
140 147
140 150
140 152
140 153
140 154
140 155
140 158
140 167
140 170
140 171
140 173
140 177
140 180
140 182
140 184
140 185
141 144
141 149
141 151
141 152
141 159
141 162
141 163
141 164
141 167
141 176
141 179
141 181
141 183
141 187
142 143
142 148
142 150
142 157
142 158
142 159
142 162
142 164
142 166
142 171
142 172
142 173
142 179
142 180
142 181
142 182
142 186
143 144
143 145
143 146
143 147
143 148
143 150
143 154
143 155
143 157
143 159
143 160
143 164
143 168
143 169
143 171
143 173
143 174
143 175
143 177
144 146
144 147
144 151
144 152
144 153
144 154
144 159
144 160
144 161
144 166
144 167
144 168
144 169
144 171
144 173
144 175
144 180
144 181
144 182
144 183
144 185
145 146
145 149
145 150
145 153
145 154
145 158
145 159
145 163
145 164
145 166
145 170
145 174
145 184
145 185
146 147
146 153
146 156
146 159
146 163
146 164
146 165
146 166
146 171
146 176
146 177
146 180
146 181
146 186
146 187
147 148
147 149
147 151
147 153
147 155
147 156
147 162
147 164
147 166
147 168
147 169
147 174
147 175
147 178
147 179
147 187
148 151
148 152
148 154
148 156
148 162
148 163
148 164
148 165
148 169
148 170
148 171
148 173
148 174
148 175
148 178
148 180
148 181
149 156
149 158
149 159
149 165
149 166
149 170
149 171
149 173
149 174
149 175
149 177
149 182
149 183
150 151
150 153
150 154
150 155
150 156
150 157
150 158
150 161
150 162
150 163
150 166
150 167
150 169
150 170
150 173
150 178
150 181
150 183
150 185
151 154
151 158
151 159
151 160
151 161
151 167
151 168
151 169
151 170
151 174
151 177
151 183
151 184
151 185
152 162
152 166
152 172
152 173
152 180
152 185
153 154
153 156
153 165
153 167
153 173
153 177
153 180
154 156
154 157
154 158
154 159
154 163
154 164
154 166
154 167
154 168
154 169
154 170
154 174
154 180
155 156
155 162
155 164
155 165
155 169
155 171
155 172
155 175
155 176
155 178
155 183
155 187
156 159
156 163
156 164
156 165
156 166
156 170
156 174
156 176
156 178
156 179
156 186
156 187
157 159
157 169
157 170
157 171
157 172
157 179
157 180
157 185
157 186
158 159
158 162
158 164
158 168
158 169
158 171
158 172
158 174
158 175
158 180
158 185
158 187
159 160
159 161
159 162
159 164
159 166
159 172
159 174
159 176
159 177
159 181
159 186
159 187
160 161
160 167
160 169
160 171
160 172
160 180
160 182
160 187
161 162
161 164
161 167
161 170
161 175
161 176
162 173
162 180
162 182
162 183
163 164
163 165
163 167
163 168
163 177
163 179
163 181
163 182
163 184
163 186
164 165
164 170
164 171
164 173
164 174
164 175
164 176
164 177
164 179
164 182
164 185
165 167
165 170
165 177
165 180
165 181
165 183
165 184
166 168
166 172
166 175
166 177
166 178
166 182
166 184
166 185
166 186
166 187
167 170
167 176
167 180
167 184
167 186
168 169
168 170
168 173
168 176
168 177
168 178
168 182
168 184
169 173
169 178
169 179
169 180
169 183
169 184
169 186
170 172
170 173
170 174
170 175
170 177
170 179
170 184
170 187
171 180
171 183
171 184
171 185
172 174
172 179
172 182
172 183
172 187
173 174
173 175
173 177
173 178
173 179
173 183
173 187
174 179
174 180
174 181
174 186
175 179
175 185
175 186
175 187
176 178
176 179
176 181
176 183
176 186
177 178
177 187
178 185
178 187
179 181
179 182
179 184
180 183
180 187
181 185
181 187
182 183
182 184
182 185
182 186
184 186
186 187
