188
0 1
0 2
0 6
0 132
1 7
1 8
1 10
1 16
1 32
2 3
2 20
2 40
3 4
3 5
3 52
3 88
4 9
4 26
4 28
4 59
4 67
4 97
4 148
4 157
5 98
5 107
5 110
6 11
6 14
6 56
7 17
7 66
7 145
7 151
7 165
8 15
8 24
8 104
9 25
9 30
9 76
9 103
9 110
9 159
10 12
10 13
10 22
10 38
10 120
10 130
11 57
12 18
12 21
12 23
12 44
12 72
12 95
12 151
12 152
13 19
13 185
14 49
15 27
15 41
15 102
15 114
16 29
16 31
16 34
16 37
16 42
16 64
16 99
17 61
17 63
17 75
18 57
18 88
18 119
19 35
19 80
19 142
19 186
20 27
20 51
20 136
21 87
21 172
22 175
23 48
23 85
23 86
24 45
24 46
24 56
24 71
24 82
24 119
25 70
25 115
25 150
26 36
26 85
26 86
26 142
26 149
26 171
27 55
28 46
28 74
28 93
28 168
29 33
29 43
29 53
29 67
31 39
31 99
32 50
32 59
33 47
34 133
35 58
35 81
35 86
36 109
36 126
36 133
37 60
37 71
37 143
37 171
38 39
38 111
39 90
39 163
40 69
40 176
41 91
41 94
41 100
42 154
42 183
43 97
43 104
43 158
43 167
43 182
44 54
44 62
44 187
45 157
46 63
46 174
46 175
47 68
47 84
47 89
47 116
47 147
47 174
48 155
48 175
49 82
49 138
49 144
50 78
50 173
51 84
51 124
51 134
51 141
52 65
53 116
53 127
54 55
55 66
56 135
57 159
58 115
59 103
59 117
59 145
59 158
59 180
59 181
60 105
60 119
62 79
62 118
62 147
64 76
64 151
64 182
65 112
65 129
65 162
65 183
65 184
66 162
67 121
68 94
68 116
68 142
69 92
69 96
69 176
69 177
70 73
71 72
71 111
71 160
72 77
72 79
73 135
73 170
73 186
74 83
75 112
75 119
75 142
76 92
76 125
76 175
77 102
77 140
78 87
78 108
79 91
79 100
79 172
80 131
81 146
81 147
82 141
82 145
82 148
84 97
84 124
84 130
84 132
84 171
85 109
85 144
86 90
87 155
89 101
89 117
89 153
89 166
89 179
90 128
91 92
91 98
91 140
93 120
94 106
94 149
94 187
95 130
95 137
95 151
95 162
95 174
96 123
96 139
97 122
98 113
98 147
100 139
101 140
102 123
103 129
103 175
104 127
105 117
106 122
107 158
108 114
108 167
109 145
110 163
112 122
113 160
114 121
114 139
114 156
114 167
115 132
115 146
115 149
116 184
117 154
118 128
120 180
121 161
121 180
122 125
124 169
125 135
125 187
126 178
127 160
128 179
128 186
129 154
129 184
130 185
131 136
132 153
133 164
134 159
135 139
135 170
136 187
137 143
137 170
137 181
138 172
140 149
140 163
143 166
144 180
148 176
154 164
155 156
158 160
158 168
161 170
165 169
165 171
167 172
168 169
169 173
175 179
