180
0 1
0 2
0 5
0 15
0 31
0 53
0 75
0 112
0 121
0 125
0 145
0 157
1 16
1 18
1 26
1 52
1 134
2 3
2 4
2 7
2 9
2 12
2 76
2 147
3 8
3 11
3 143
4 10
4 36
4 44
4 60
4 147
5 6
5 13
5 25
5 115
5 121
6 38
6 39
6 46
6 54
6 101
6 117
7 8
7 22
7 47
7 50
7 125
8 17
8 47
8 115
8 153
9 15
9 49
9 146
10 40
10 46
10 97
10 122
10 125
10 165
11 14
11 23
11 65
11 94
11 116
11 131
11 173
12 21
12 24
12 28
12 29
12 37
12 84
12 116
12 150
12 159
13 32
13 101
13 129
14 20
14 43
14 77
15 32
15 44
15 50
15 80
16 27
16 54
17 18
17 33
17 72
17 157
17 167
18 19
18 33
18 105
18 174
19 23
19 24
19 34
19 37
19 42
19 50
19 58
19 67
19 121
20 57
20 61
20 63
20 69
20 99
21 22
21 120
21 136
21 160
21 171
22 79
22 95
22 159
22 177
23 30
23 39
23 41
23 61
23 67
23 78
24 103
25 35
25 60
25 79
25 81
25 118
25 126
25 166
26 31
26 95
26 151
27 44
27 47
27 63
27 65
27 165
27 169
28 34
28 89
28 106
28 120
28 126
28 162
29 57
29 86
29 151
29 160
30 51
30 88
30 100
30 117
30 128
30 135
30 140
30 159
31 56
31 133
31 135
31 169
31 172
32 48
32 162
33 56
33 68
33 129
34 74
34 82
34 144
34 148
35 45
35 72
35 126
35 173
36 48
36 54
36 60
36 130
37 73
37 91
37 163
38 46
38 62
38 76
38 99
38 133
38 148
38 168
39 50
39 53
39 67
39 72
39 119
39 140
40 64
40 86
40 89
40 103
41 42
41 64
41 110
41 163
42 66
42 71
42 92
42 97
42 140
42 146
42 158
43 48
43 72
43 75
43 99
43 130
43 144
43 149
44 61
44 90
44 105
45 111
45 132
45 136
45 155
45 171
46 70
47 59
47 85
47 115
47 138
47 141
48 55
48 73
48 142
48 170
49 93
49 118
49 119
49 127
49 131
49 168
50 168
50 172
51 62
51 72
51 73
51 87
51 164
52 59
52 92
52 96
52 124
52 137
52 175
53 56
53 91
53 101
54 70
55 68
55 70
55 97
55 125
56 73
56 112
56 148
57 70
57 95
57 127
57 134
57 178
58 81
58 94
58 118
58 126
58 128
58 157
59 67
59 71
59 96
59 103
59 125
60 94
60 127
60 152
61 75
62 138
62 158
63 107
63 109
63 112
63 139
63 162
64 74
64 83
65 77
66 71
66 89
66 104
66 129
67 94
67 134
68 177
69 105
69 113
69 166
69 177
70 120
70 163
70 170
71 83
71 149
71 163
72 103
72 123
73 90
73 150
74 85
74 89
74 101
74 147
74 155
75 81
75 86
75 126
76 93
76 156
76 177
77 83
77 106
78 95
78 144
78 153
78 154
79 83
79 92
79 105
79 145
80 93
80 136
80 154
80 159
81 146
82 94
82 102
82 112
82 113
82 156
82 164
83 150
84 100
84 108
84 114
84 122
85 94
85 156
85 160
86 98
86 176
87 104
87 106
87 113
87 119
87 122
87 138
87 139
87 153
87 158
87 165
88 89
88 102
88 123
88 141
89 124
89 155
89 162
90 102
90 107
91 132
91 140
91 145
91 175
92 132
92 176
92 178
93 104
95 139
96 138
97 98
97 158
98 118
98 123
98 143
99 128
99 153
99 164
99 169
100 135
100 143
101 131
101 166
101 172
102 107
103 113
103 133
103 140
103 178
104 107
104 110
104 130
104 143
104 161
104 163
105 137
105 154
106 110
107 153
107 178
108 138
108 168
109 147
109 159
109 174
110 128
110 151
110 152
111 114
111 119
111 132
111 147
111 172
111 178
112 137
113 171
114 129
114 133
114 162
114 167
115 130
116 158
116 164
117 119
117 151
117 179
118 120
118 145
118 146
120 136
120 148
120 167
121 125
121 174
122 130
122 163
124 132
124 150
124 151
124 161
125 136
126 140
126 172
126 176
128 176
129 141
131 156
132 154
133 169
134 179
136 142
137 141
137 154
137 155
137 157
137 170
138 169
139 146
139 157
141 166
142 152
142 179
143 173
147 171
148 156
148 164
149 174
154 179
156 159
157 175
159 170
160 165
160 173
161 171
162 178
164 172
167 176
169 175
170 175
172 177
