188
0 1
0 2
0 6
0 132
1 7
1 8
1 10
1 16
1 32
1 142
2 3
2 11
2 20
2 40
3 4
3 5
3 39
3 52
3 61
3 88
3 183
4 9
4 26
4 28
4 59
4 67
4 97
4 111
4 141
4 148
5 22
5 64
5 98
5 107
5 110
5 136
6 11
6 14
6 56
6 87
6 104
7 17
7 110
7 145
7 154
7 165
8 15
8 24
8 181
8 182
9 25
9 30
9 76
9 103
9 108
9 110
10 12
10 13
10 22
10 34
10 38
10 120
10 130
10 143
10 177
11 12
11 36
11 79
11 122
12 18
12 21
12 23
12 44
12 72
12 95
12 106
12 134
12 152
13 19
13 71
13 85
13 108
13 122
13 185
14 45
14 49
14 56
14 71
14 98
15 20
15 27
15 41
15 68
15 109
15 111
15 114
15 149
16 29
16 31
16 34
16 37
16 42
16 64
16 66
17 61
17 63
17 75
17 127
17 151
18 57
18 88
18 114
19 35
19 63
19 80
19 99
19 132
19 183
20 32
20 51
20 76
20 96
20 166
20 170
21 60
21 125
21 176
21 179
22 27
22 106
22 116
22 179
23 33
23 48
23 59
23 75
23 85
23 95
23 177
23 184
24 30
24 31
24 45
24 56
24 82
24 120
24 148
25 70
25 150
25 164
25 166
26 36
26 59
26 90
26 94
26 140
26 149
26 171
27 55
27 172
27 174
28 46
28 74
28 93
28 118
29 33
29 43
29 44
29 53
29 85
29 99
29 158
30 103
30 119
31 41
31 99
31 102
31 152
32 38
32 50
32 79
32 80
32 144
33 47
33 94
33 149
33 163
34 93
34 169
34 177
34 179
35 54
35 58
35 81
35 86
35 94
36 74
36 126
36 133
36 153
37 60
37 71
37 109
37 120
37 143
38 39
38 103
38 111
38 180
39 90
39 163
39 167
40 69
40 120
40 137
40 176
41 53
41 54
41 91
41 100
42 59
42 112
42 153
42 154
42 183
43 96
43 104
43 112
43 167
43 182
44 54
44 62
44 88
44 133
45 53
45 141
45 157
45 168
45 177
46 54
46 67
46 81
46 84
46 123
46 127
46 138
47 68
47 80
47 84
47 89
47 131
47 145
47 147
47 174
48 111
48 129
48 155
48 156
48 175
49 62
49 79
49 82
49 93
49 128
49 138
49 164
50 78
50 147
50 173
51 58
51 124
51 134
51 141
51 184
52 64
52 65
52 92
52 105
52 169
52 175
53 91
53 158
53 187
55 66
55 148
55 158
56 130
56 159
56 178
56 181
56 182
57 124
57 159
58 115
58 152
58 184
59 78
59 81
59 90
59 101
59 112
59 129
60 105
60 119
60 155
61 143
61 153
62 69
62 79
62 103
62 118
63 69
63 136
63 137
64 97
64 130
64 142
64 149
64 160
65 90
65 122
65 139
65 153
65 162
66 73
66 107
67 121
68 94
68 99
68 116
68 123
68 173
69 96
69 175
69 177
70 73
70 74
71 114
71 121
71 178
72 77
72 127
72 186
73 170
73 177
73 186
74 83
74 116
74 145
75 83
75 112
75 142
75 163
75 170
76 87
76 151
76 169
77 102
77 121
77 139
77 140
78 87
78 108
78 149
79 98
79 106
79 172
80 131
81 89
81 103
81 135
81 146
81 154
82 101
82 128
82 143
82 168
83 127
84 91
84 93
84 120
84 147
85 97
85 109
85 112
85 144
86 107
86 135
86 143
86 147
86 169
86 170
87 108
87 160
88 167
89 101
89 113
89 140
89 145
89 166
89 186
90 128
90 140
90 159
91 92
91 98
92 115
92 117
93 164
94 106
94 161
95 115
95 123
95 137
95 148
95 151
96 123
96 136
97 101
98 104
98 113
98 140
98 163
98 168
100 123
100 137
100 139
100 166
101 109
102 126
102 135
103 129
104 127
105 117
105 184
106 112
106 122
106 140
106 142
106 146
107 158
109 129
110 114
110 146
112 165
113 160
113 187
114 115
114 117
114 158
114 169
114 187
115 156
116 124
116 130
116 131
116 133
116 157
117 171
118 144
118 165
118 173
118 187
119 135
119 137
119 152
119 161
119 176
120 129
120 158
121 161
122 125
122 167
124 142
125 132
125 135
125 148
126 142
126 178
128 150
128 175
128 179
129 184
131 136
132 149
132 153
133 170
133 178
134 146
134 180
134 184
135 151
136 146
136 187
137 181
138 151
138 162
138 179
141 186
142 147
143 161
144 180
145 159
145 171
145 185
146 176
147 170
147 172
149 159
150 165
150 182
151 166
152 159
154 164
155 156
157 178
157 185
158 168
158 186
159 168
162 181
163 176
166 173
167 172
167 174
168 169
