180
0 1
0 2
0 3
0 4
0 5
0 6
0 7
0 8
0 9
0 10
0 11
0 12
0 14
0 15
0 16
0 17
0 18
0 19
0 23
0 27
0 28
0 29
0 30
0 34
0 36
0 37
0 39
0 41
0 43
0 44
0 45
0 46
0 47
0 48
0 55
0 56
0 58
0 59
0 60
0 64
0 65
0 67
0 69
0 71
0 73
0 76
0 77
0 81
0 82
0 83
0 85
0 86
0 87
0 89
0 90
0 91
0 92
0 93
0 95
0 97
0 99
0 100
0 102
0 103
0 106
0 108
0 110
0 111
0 112
0 115
0 116
0 117
0 118
0 120
0 121
0 126
0 130
0 131
0 136
0 137
0 138
0 139
0 141
0 146
0 148
0 149
0 151
0 152
0 153
0 154
0 156
0 157
0 161
0 162
0 164
0 165
0 167
0 169
0 171
0 172
0 174
0 175
0 176
0 178
0 179
1 2
1 4
1 5
1 6
1 8
1 10
1 11
1 12
1 13
1 14
1 15
1 17
1 18
1 19
1 20
1 25
1 27
1 28
1 30
1 31
1 32
1 33
1 34
1 37
1 38
1 39
1 40
1 42
1 44
1 45
1 46
1 47
1 49
1 51
1 52
1 54
1 57
1 61
1 62
1 63
1 67
1 68
1 69
1 71
1 76
1 78
1 80
1 81
1 83
1 88
1 89
1 90
1 92
1 93
1 94
1 95
1 96
1 97
1 98
1 99
1 102
1 104
1 105
1 110
1 112
1 113
1 114
1 115
1 123
1 126
1 127
1 129
1 132
1 136
1 137
1 138
1 140
1 141
1 142
1 148
1 150
1 152
1 153
1 155
1 156
1 162
1 164
1 173
1 174
1 175
1 178
1 179
2 3
2 4
2 5
2 6
2 10
2 11
2 12
2 17
2 18
2 19
2 20
2 21
2 23
2 25
2 26
2 27
2 28
2 29
2 30
2 31
2 32
2 33
2 34
2 35
2 38
2 40
2 42
2 43
2 44
2 45
2 49
2 50
2 54
2 55
2 56
2 57
2 58
2 59
2 62
2 63
2 65
2 69
2 70
2 71
2 72
2 73
2 74
2 75
2 76
2 80
2 81
2 83
2 85
2 87
2 88
2 91
2 92
2 93
2 94
2 95
2 96
2 98
2 99
2 100
2 101
2 102
2 104
2 105
2 109
2 110
2 112
2 113
2 116
2 117
2 118
2 119
2 120
2 121
2 122
2 124
2 129
2 133
2 134
2 135
2 138
2 140
2 142
2 143
2 147
2 150
2 154
2 155
2 156
2 157
2 161
2 162
2 164
2 166
2 167
2 170
2 172
2 174
2 177
3 5
3 11
3 15
3 16
3 17
3 19
3 21
3 23
3 25
3 28
3 29
3 31
3 32
3 33
3 34
3 35
3 39
3 40
3 42
3 43
3 46
3 47
3 48
3 49
3 50
3 51
3 52
3 53
3 54
3 55
3 56
3 58
3 59
3 62
3 63
3 66
3 68
3 69
3 70
3 74
3 75
3 76
3 78
3 79
3 81
3 84
3 85
3 86
3 87
3 89
3 90
3 91
3 93
3 97
3 98
3 99
3 101
3 102
3 103
3 104
3 105
3 106
3 107
3 108
3 113
3 114
3 115
3 116
3 117
3 118
3 120
3 122
3 123
3 126
3 127
3 130
3 132
3 134
3 135
3 136
3 139
3 142
3 143
3 145
3 146
3 148
3 151
3 152
3 153
3 154
3 155
3 160
3 162
3 163
3 164
3 165
3 167
3 168
3 170
3 176
4 5
4 6
4 7
4 10
4 12
4 13
4 17
4 21
4 22
4 24
4 27
4 28
4 31
4 33
4 34
4 35
4 39
4 40
4 41
4 42
4 43
4 44
4 45
4 47
4 49
4 52
4 54
4 56
4 58
4 59
4 60
4 61
4 62
4 63
4 64
4 65
4 67
4 75
4 77
4 78
4 80
4 81
4 82
4 84
4 87
4 88
4 90
4 91
4 92
4 93
4 94
4 95
4 96
4 98
4 100
4 101
4 103
4 104
4 107
4 109
4 111
4 112
4 113
4 114
4 115
4 117
4 119
4 123
4 125
4 126
4 127
4 131
4 132
4 135
4 138
4 139
4 140
4 141
4 143
4 146
4 148
4 152
4 153
4 154
4 155
4 156
4 159
4 161
4 162
4 165
4 166
4 172
4 173
4 175
4 176
4 177
5 6
5 7
5 8
5 9
5 10
5 11
5 13
5 18
5 19
5 22
5 24
5 31
5 32
5 33
5 34
5 35
5 40
5 42
5 43
5 49
5 51
5 53
5 56
5 57
5 58
5 59
5 61
5 62
5 63
5 65
5 70
5 71
5 74
5 75
5 76
5 78
5 79
5 80
5 81
5 83
5 86
5 87
5 91
5 92
5 95
5 96
5 97
5 99
5 100
5 101
5 103
5 105
5 106
5 107
5 108
5 110
5 112
5 114
5 115
5 116
5 119
5 120
5 122
5 123
5 127
5 128
5 129
5 131
5 133
5 134
5 136
5 137
5 141
5 142
5 143
5 144
5 146
5 147
5 148
5 156
5 157
5 158
5 159
5 161
5 162
5 163
5 165
5 168
5 172
5 174
5 175
5 177
5 179
6 7
6 8
6 12
6 14
6 15
6 16
6 19
6 20
6 21
6 23
6 24
6 25
6 27
6 28
6 29
6 33
6 37
6 39
6 40
6 41
6 42
6 46
6 48
6 49
6 51
6 52
6 55
6 56
6 57
6 58
6 61
6 62
6 63
6 65
6 67
6 68
6 69
6 70
6 72
6 77
6 79
6 80
6 81
6 82
6 83
6 85
6 86
6 87
6 88
6 90
6 91
6 92
6 93
6 96
6 97
6 98
6 102
6 103
6 104
6 105
6 106
6 109
6 110
6 112
6 115
6 116
6 117
6 118
6 119
6 121
6 122
6 124
6 127
6 128
6 130
6 132
6 134
6 139
6 140
6 143
6 145
6 147
6 149
6 150
6 155
6 156
6 158
6 159
6 161
6 162
6 165
6 167
6 168
6 169
6 170
6 171
6 172
6 173
6 175
6 177
6 178
7 8
7 9
7 10
7 11
7 12
7 13
7 15
7 17
7 19
7 20
7 21
7 23
7 24
7 25
7 28
7 30
7 34
7 35
7 36
7 37
7 38
7 39
7 41
7 42
7 43
7 45
7 47
7 48
7 50
7 52
7 55
7 57
7 58
7 60
7 61
7 67
7 69
7 70
7 72
7 73
7 74
7 75
7 78
7 79
7 81
7 86
7 87
7 88
7 90
7 96
7 97
7 99
7 100
7 102
7 103
7 105
7 108
7 110
7 112
7 113
7 114
7 118
7 120
7 121
7 125
7 130
7 131
7 133
7 135
7 136
7 137
7 138
7 139
7 140
7 141
7 142
7 144
7 145
7 150
7 151
7 153
7 154
7 155
7 157
7 160
7 161
7 162
7 164
7 165
7 167
7 169
7 171
7 172
7 173
7 175
7 177
7 178
7 179
8 10
8 11
8 12
8 14
8 15
8 16
8 18
8 19
8 20
8 21
8 23
8 25
8 28
8 29
8 30
8 31
8 32
8 33
8 34
8 37
8 39
8 40
8 41
8 43
8 44
8 45
8 47
8 48
8 50
8 51
8 52
8 55
8 56
8 57
8 59
8 60
8 63
8 64
8 66
8 71
8 72
8 76
8 79
8 80
8 82
8 83
8 86
8 89
8 90
8 91
8 92
8 93
8 94
8 95
8 96
8 97
8 98
8 100
8 101
8 102
8 104
8 106
8 107
8 108
8 110
8 114
8 115
8 116
8 118
8 119
8 120
8 121
8 122
8 124
8 126
8 129
8 130
8 131
8 133
8 134
8 135
8 137
8 138
8 141
8 142
8 143
8 145
8 146
8 148
8 150
8 151
8 152
8 153
8 156
8 157
8 160
8 161
8 166
8 169
8 173
8 174
8 176
8 178
8 179
9 10
9 15
9 16
9 18
9 20
9 21
9 22
9 23
9 24
9 25
9 26
9 27
9 29
9 30
9 31
9 32
9 34
9 35
9 39
9 41
9 42
9 43
9 45
9 46
9 47
9 48
9 49
9 52
9 53
9 54
9 55
9 57
9 58
9 59
9 60
9 61
9 62
9 63
9 64
9 65
9 66
9 67
9 68
9 71
9 72
9 73
9 75
9 76
9 79
9 82
9 83
9 85
9 86
9 87
9 88
9 90
9 91
9 92
9 94
9 98
9 102
9 104
9 105
9 106
9 107
9 109
9 110
9 113
9 115
9 116
9 119
9 121
9 123
9 125
9 126
9 129
9 130
9 134
9 135
9 136
9 137
9 140
9 141
9 142
9 143
9 144
9 149
9 150
9 155
9 156
9 157
9 159
9 160
9 161
9 163
9 164
9 170
9 172
9 173
10 12
10 13
10 14
10 16
10 17
10 19
10 20
10 23
10 24
10 25
10 26
10 27
10 28
10 29
10 30
10 31
10 32
10 33
10 34
10 36
10 38
10 39
10 41
10 43
10 44
10 47
10 48
10 50
10 51
10 52
10 55
10 56
10 58
10 59
10 60
10 61
10 64
10 67
10 68
10 70
10 71
10 75
10 76
10 78
10 81
10 84
10 86
10 87
10 88
10 89
10 90
10 92
10 93
10 94
10 96
10 97
10 103
10 104
10 105
10 106
10 108
10 109
10 110
10 111
10 112
10 113
10 115
10 116
10 117
10 118
10 119
10 120
10 122
10 126
10 127
10 131
10 132
10 136
10 139
10 141
10 142
10 144
10 145
10 147
10 154
10 155
10 156
10 160
10 161
10 165
10 166
10 167
10 168
10 169
10 170
10 172
10 173
10 174
10 178
10 179
11 12
11 13
11 14
11 16
11 18
11 19
11 20
11 21
11 23
11 25
11 28
11 29
11 30
11 31
11 33
11 34
11 35
11 36
11 37
11 38
11 39
11 41
11 42
11 43
11 44
11 45
11 48
11 49
11 50
11 51
11 52
11 53
11 54
11 55
11 57
11 58
11 62
11 64
11 66
11 68
11 69
11 71
11 72
11 73
11 74
11 75
11 76
11 79
11 81
11 82
11 83
11 88
11 91
11 94
11 95
11 100
11 101
11 102
11 105
11 107
11 109
11 111
11 114
11 116
11 118
11 120
11 123
11 124
11 126
11 127
11 128
11 129
11 130
11 133
11 134
11 136
11 137
11 139
11 142
11 144
11 145
11 146
11 149
11 152
11 154
11 157
11 159
11 163
11 164
11 165
11 166
11 167
11 170
11 172
11 177
11 178
12 13
12 14
12 15
12 16
12 17
12 19
12 20
12 21
12 22
12 23
12 24
12 25
12 26
12 27
12 28
12 29
12 30
12 31
12 32
12 33
12 36
12 38
12 39
12 42
12 43
12 45
12 46
12 51
12 52
12 53
12 56
12 57
12 59
12 61
12 62
12 64
12 65
12 68
12 69
12 70
12 71
12 74
12 77
12 78
12 83
12 86
12 88
12 90
12 92
12 93
12 95
12 96
12 97
12 99
12 102
12 103
12 104
12 106
12 107
12 108
12 109
12 111
12 112
12 113
12 118
12 119
12 120
12 121
12 122
12 125
12 126
12 129
12 130
12 131
12 134
12 136
12 138
12 139
12 141
12 142
12 144
12 145
12 147
12 149
12 152
12 155
12 157
12 161
12 165
12 166
12 167
12 168
12 169
12 170
12 174
12 175
12 177
12 179
13 14
13 15
13 16
13 17
13 18
13 19
13 21
13 23
13 24
13 26
13 27
13 28
13 29
13 31
13 32
13 33
13 35
13 36
13 37
13 38
13 40
13 41
13 42
13 44
13 45
13 46
13 47
13 48
13 50
13 51
13 52
13 54
13 55
13 57
13 60
13 61
13 63
13 69
13 70
13 74
13 75
13 77
13 79
13 81
13 82
13 83
13 85
13 87
13 89
13 90
13 94
13 95
13 97
13 98
13 99
13 100
13 101
13 104
13 105
13 106
13 107
13 116
13 119
13 121
13 122
13 123
13 124
13 125
13 126
13 127
13 129
13 130
13 131
13 132
13 135
13 136
13 137
13 139
13 141
13 146
13 147
13 148
13 150
13 151
13 152
13 153
13 154
13 157
13 159
13 160
13 161
13 162
13 163
13 171
13 172
13 174
13 179
14 15
14 16
14 18
14 19
14 20
14 21
14 22
14 23
14 24
14 25
14 27
14 28
14 30
14 32
14 33
14 34
14 35
14 36
14 38
14 39
14 40
14 41
14 43
14 44
14 45
14 46
14 47
14 49
14 50
14 51
14 52
14 53
14 54
14 57
14 60
14 61
14 62
14 63
14 65
14 67
14 68
14 69
14 70
14 75
14 77
14 81
14 82
14 83
14 84
14 87
14 89
14 90
14 91
14 93
14 94
14 95
14 97
14 101
14 103
14 104
14 108
14 111
14 113
14 115
14 117
14 118
14 120
14 121
14 124
14 127
14 128
14 129
14 130
14 135
14 139
14 140
14 142
14 143
14 144
14 146
14 148
14 149
14 150
14 151
14 153
14 155
14 157
14 162
14 163
14 166
14 167
14 169
14 171
14 172
14 173
14 175
14 176
15 16
15 17
15 18
15 20
15 21
15 22
15 24
15 26
15 28
15 30
15 33
15 34
15 35
15 36
15 37
15 38
15 39
15 41
15 42
15 44
15 45
15 47
15 50
15 51
15 52
15 53
15 55
15 56
15 57
15 58
15 61
15 62
15 71
15 72
15 76
15 78
15 80
15 83
15 84
15 85
15 86
15 87
15 88
15 90
15 91
15 92
15 93
15 95
15 98
15 99
15 100
15 101
15 102
15 103
15 105
15 109
15 110
15 111
15 113
15 117
15 118
15 119
15 121
15 122
15 123
15 124
15 125
15 128
15 129
15 132
15 133
15 135
15 136
15 137
15 140
15 143
15 144
15 145
15 146
15 150
15 154
15 155
15 163
15 164
15 167
15 169
15 170
15 171
15 172
15 173
15 174
15 175
15 176
15 178
16 17
16 19
16 20
16 21
16 22
16 24
16 25
16 27
16 28
16 31
16 33
16 36
16 38
16 40
16 41
16 42
16 43
16 44
16 48
16 50
16 51
16 53
16 55
16 56
16 58
16 59
16 60
16 61
16 65
16 66
16 67
16 68
16 69
16 72
16 73
16 76
16 77
16 78
16 79
16 80
16 84
16 85
16 86
16 88
16 89
16 91
16 92
16 95
16 97
16 99
16 101
16 104
16 106
16 111
16 112
16 114
16 115
16 117
16 118
16 119
16 120
16 124
16 126
16 127
16 129
16 130
16 131
16 132
16 133
16 137
16 138
16 142
16 143
16 144
16 145
16 146
16 151
16 153
16 154
16 155
16 157
16 160
16 161
16 162
16 164
16 165
16 169
16 170
16 171
16 172
16 173
16 176
16 177
16 178
17 18
17 19
17 20
17 21
17 22
17 24
17 25
17 26
17 27
17 28
17 29
17 30
17 32
17 33
17 34
17 37
17 38
17 39
17 43
17 44
17 45
17 47
17 53
17 54
17 56
17 57
17 58
17 60
17 62
17 63
17 64
17 65
17 66
17 67
17 68
17 69
17 70
17 71
17 72
17 73
17 76
17 77
17 80
17 81
17 82
17 83
17 84
17 85
17 86
17 87
17 88
17 92
17 93
17 99
17 101
17 102
17 104
17 105
17 106
17 107
17 108
17 110
17 111
17 113
17 115
17 116
17 119
17 120
17 124
17 126
17 129
17 131
17 132
17 133
17 134
17 135
17 137
17 141
17 144
17 145
17 146
17 147
17 148
17 149
17 151
17 152
17 153
17 155
17 158
17 161
17 163
17 164
17 166
17 171
17 172
17 173
17 176
17 177
18 19
18 21
18 22
18 23
18 24
18 26
18 27
18 28
18 29
18 30
18 32
18 33
18 34
18 35
18 36
18 37
18 39
18 40
18 41
18 42
18 43
18 47
18 48
18 49
18 50
18 53
18 56
18 58
18 61
18 63
18 64
18 65
18 66
18 67
18 68
18 71
18 72
18 73
18 75
18 76
18 77
18 79
18 80
18 81
18 83
18 85
18 87
18 89
18 93
18 95
18 99
18 102
18 104
18 106
18 107
18 110
18 112
18 113
18 115
18 117
18 120
18 121
18 122
18 125
18 126
18 127
18 133
18 135
18 136
18 138
18 139
18 148
18 150
18 151
18 155
18 157
18 159
18 160
18 162
18 163
18 164
18 165
18 166
18 167
18 168
18 169
18 171
18 173
18 174
18 175
18 176
18 177
19 22
19 23
19 24
19 26
19 27
19 28
19 29
19 30
19 31
19 32
19 35
19 36
19 41
19 43
19 44
19 45
19 46
19 48
19 49
19 50
19 51
19 52
19 53
19 55
19 56
19 58
19 60
19 61
19 62
19 64
19 65
19 68
19 69
19 72
19 73
19 74
19 75
19 76
19 79
19 83
19 85
19 86
19 87
19 88
19 90
19 91
19 92
19 93
19 94
19 96
19 98
19 99
19 101
19 102
19 107
19 108
19 110
19 111
19 113
19 114
19 115
19 116
19 118
19 119
19 128
19 132
19 134
19 135
19 136
19 140
19 142
19 145
19 147
19 148
19 152
19 153
19 157
19 159
19 161
19 162
19 163
19 165
19 166
19 168
19 169
19 170
19 174
19 177
19 178
19 179
20 21
20 22
20 23
20 27
20 29
20 31
20 33
20 36
20 37
20 39
20 40
20 42
20 45
20 46
20 47
20 48
20 49
20 50
20 51
20 53
20 54
20 56
20 57
20 58
20 60
20 62
20 63
20 65
20 67
20 68
20 71
20 72
20 76
20 77
20 78
20 79
20 80
20 82
20 83
20 84
20 86
20 87
20 89
20 90
20 91
20 92
20 93
20 94
20 96
20 97
20 98
20 107
20 109
20 111
20 114
20 116
20 117
20 118
20 120
20 121
20 122
20 123
20 124
20 125
20 126
20 127
20 128
20 129
20 131
20 132
20 133
20 134
20 136
20 138
20 139
20 141
20 145
20 146
20 148
20 149
20 150
20 152
20 153
20 155
20 157
20 158
20 159
20 160
20 162
20 163
20 165
20 166
20 167
20 168
20 170
20 172
20 173
20 174
20 179
21 22
21 23
21 25
21 26
21 27
21 29
21 31
21 32
21 33
21 34
21 38
21 39
21 40
21 41
21 42
21 43
21 45
21 46
21 47
21 49
21 51
21 52
21 53
21 54
21 55
21 56
21 60
21 61
21 63
21 64
21 65
21 66
21 67
21 69
21 71
21 76
21 77
21 79
21 81
21 82
21 84
21 85
21 87
21 88
21 89
21 91
21 93
21 94
21 95
21 96
21 97
21 98
21 100
21 101
21 102
21 105
21 106
21 108
21 109
21 110
21 111
21 114
21 115
21 120
21 126
21 127
21 128
21 129
21 132
21 133
21 134
21 136
21 138
21 139
21 141
21 142
21 143
21 146
21 147
21 150
21 151
21 154
21 156
21 158
21 160
21 162
21 164
21 165
21 170
21 171
21 172
21 174
21 178
22 23
22 25
22 27
22 29
22 30
22 31
22 33
22 36
22 37
22 40
22 42
22 43
22 46
22 47
22 49
22 50
22 52
22 54
22 57
22 58
22 59
22 62
22 63
22 65
22 66
22 67
22 68
22 70
22 71
22 76
22 77
22 79
22 80
22 81
22 82
22 84
22 85
22 86
22 89
22 90
22 91
22 92
22 99
22 100
22 104
22 106
22 107
22 108
22 109
22 112
22 114
22 115
22 120
22 121
22 122
22 123
22 124
22 125
22 126
22 127
22 128
22 129
22 131
22 135
22 136
22 139
22 140
22 141
22 143
22 145
22 148
22 150
22 151
22 152
22 153
22 154
22 156
22 157
22 158
22 159
22 160
22 161
22 163
22 164
22 166
22 170
22 171
22 173
22 176
22 178
22 179
23 24
23 25
23 26
23 27
23 31
23 33
23 34
23 35
23 39
23 40
23 46
23 47
23 48
23 50
23 51
23 54
23 55
23 58
23 59
23 61
23 63
23 64
23 65
23 67
23 68
23 71
23 72
23 73
23 74
23 77
23 78
23 80
23 81
23 84
23 85
23 86
23 88
23 89
23 91
23 94
23 95
23 96
23 98
23 99
23 103
23 104
23 105
23 106
23 107
23 110
23 111
23 112
23 114
23 115
23 120
23 121
23 123
23 125
23 126
23 127
23 130
23 131
23 132
23 136
23 140
23 141
23 143
23 144
23 145
23 146
23 148
23 149
23 150
23 153
23 155
23 156
23 157
23 158
23 160
23 162
23 164
23 166
23 167
23 172
23 179
24 26
24 27
24 29
24 30
24 31
24 32
24 33
24 34
24 37
24 39
24 40
24 42
24 43
24 46
24 47
24 49
24 50
24 55
24 56
24 58
24 60
24 63
24 64
24 66
24 67
24 71
24 72
24 76
24 77
24 78
24 79
24 83
24 85
24 86
24 88
24 89
24 90
24 92
24 94
24 95
24 96
24 97
24 98
24 99
24 101
24 102
24 103
24 105
24 106
24 108
24 109
24 117
24 119
24 120
24 122
24 123
24 124
24 126
24 127
24 128
24 130
24 131
24 132
24 133
24 134
24 135
24 137
24 138
24 140
24 142
24 144
24 145
24 147
24 149
24 150
24 151
24 153
24 154
24 156
24 157
24 158
24 160
24 163
24 166
24 168
24 170
24 171
24 172
24 176
25 26
25 27
25 28
25 30
25 31
25 32
25 34
25 35
25 36
25 38
25 39
25 40
25 44
25 46
25 48
25 49
25 51
25 52
25 53
25 54
25 57
25 61
25 62
25 63
25 64
25 65
25 66
25 68
25 71
25 72
25 73
25 75
25 76
25 78
25 79
25 82
25 83
25 86
25 87
25 90
25 92
25 97
25 98
25 99
25 100
25 102
25 103
25 106
25 109
25 111
25 112
25 114
25 117
25 121
25 125
25 126
25 127
25 129
25 131
25 133
25 134
25 136
25 137
25 138
25 141
25 142
25 144
25 146
25 149
25 153
25 154
25 155
25 156
25 160
25 162
25 165
25 166
25 172
25 173
25 175
25 176
25 178
25 179
26 27
26 28
26 29
26 31
26 32
26 33
26 34
26 35
26 36
26 37
26 38
26 39
26 40
26 41
26 42
26 43
26 45
26 46
26 47
26 48
26 50
26 51
26 53
26 54
26 55
26 56
26 59
26 60
26 61
26 62
26 65
26 66
26 67
26 68
26 69
26 70
26 72
26 73
26 74
26 77
26 79
26 82
26 84
26 85
26 87
26 89
26 90
26 91
26 93
26 94
26 95
26 97
26 98
26 99
26 103
26 104
26 105
26 106
26 107
26 108
26 112
26 113
26 114
26 115
26 116
26 118
26 121
26 125
26 126
26 127
26 129
26 132
26 133
26 134
26 135
26 136
26 137
26 138
26 139
26 140
26 141
26 144
26 145
26 146
26 147
26 149
26 150
26 151
26 153
26 154
26 157
26 160
26 163
26 165
26 166
26 167
26 169
26 171
26 178
27 29
27 30
27 31
27 35
27 36
27 37
27 38
27 40
27 42
27 44
27 49
27 50
27 51
27 53
27 54
27 57
27 60
27 61
27 62
27 63
27 64
27 65
27 66
27 69
27 72
27 75
27 76
27 77
27 79
27 82
27 83
27 84
27 85
27 88
27 89
27 91
27 92
27 95
27 99
27 100
27 101
27 102
27 104
27 105
27 107
27 113
27 117
27 118
27 119
27 120
27 121
27 122
27 123
27 125
27 129
27 131
27 133
27 134
27 136
27 139
27 140
27 143
27 145
27 146
27 147
27 152
27 153
27 159
27 160
27 161
27 162
27 163
27 164
27 165
27 166
27 167
27 168
27 171
27 172
27 175
27 177
27 179
28 30
28 31
28 33
28 36
28 37
28 38
28 39
28 41
28 42
28 46
28 47
28 49
28 51
28 52
28 54
28 57
28 60
28 61
28 62
28 67
28 69
28 71
28 73
28 74
28 75
28 77
28 79
28 83
28 84
28 85
28 89
28 91
28 94
28 96
28 97
28 98
28 101
28 102
28 107
28 110
28 111
28 113
28 114
28 116
28 117
28 123
28 124
28 125
28 127
28 128
28 129
28 131
28 135
28 137
28 138
28 139
28 143
28 151
28 152
28 153
28 156
28 157
28 158
28 159
28 160
28 164
28 165
28 166
28 167
28 168
28 172
28 175
28 176
29 30
29 32
29 35
29 36
29 38
29 39
29 40
29 42
29 43
29 44
29 46
29 47
29 48
29 49
29 50
29 51
29 52
29 53
29 56
29 57
29 58
29 60
29 62
29 63
29 65
29 66
29 67
29 68
29 69
29 71
29 72
29 73
29 75
29 76
29 77
29 78
29 79
29 80
29 83
29 88
29 89
29 90
29 91
29 92
29 93
29 96
29 97
29 98
29 99
29 100
29 101
29 102
29 106
29 107
29 108
29 109
29 110
29 112
29 113
29 114
29 115
29 116
29 117
29 119
29 122
29 123
29 125
29 126
29 127
29 129
29 130
29 131
29 132
29 136
29 137
29 138
29 142
29 143
29 149
29 150
29 151
29 155
29 157
29 160
29 163
29 164
29 166
29 167
29 169
29 171
29 174
29 176
29 177
30 31
30 32
30 36
30 37
30 38
30 41
30 42
30 43
30 44
30 45
30 47
30 51
30 52
30 54
30 57
30 62
30 63
30 65
30 66
30 68
30 69
30 70
30 71
30 72
30 73
30 74
30 75
30 78
30 80
30 81
30 82
30 85
30 86
30 87
30 89
30 93
30 94
30 97
30 100
30 102
30 105
30 107
30 112
30 116
30 117
30 118
30 119
30 121
30 123
30 125
30 128
30 130
30 132
30 134
30 136
30 138
30 141
30 142
30 143
30 144
30 145
30 161
30 162
30 163
30 165
30 166
30 168
30 169
30 171
30 173
30 174
30 178
30 179
31 32
31 33
31 36
31 37
31 38
31 41
31 42
31 43
31 44
31 45
31 46
31 47
31 50
31 52
31 53
31 54
31 57
31 59
31 60
31 61
31 62
31 64
31 65
31 67
31 69
31 70
31 71
31 72
31 75
31 76
31 82
31 83
31 84
31 85
31 86
31 88
31 89
31 91
31 93
31 94
31 96
31 98
31 100
31 101
31 102
31 105
31 106
31 108
31 110
31 112
31 113
31 114
31 115
31 120
31 122
31 124
31 125
31 127
31 128
31 129
31 132
31 134
31 136
31 140
31 141
31 145
31 147
31 149
31 153
31 154
31 156
31 157
31 161
31 164
31 165
31 166
31 171
31 172
31 173
31 174
31 176
31 177
32 33
32 36
32 37
32 38
32 40
32 41
32 43
32 46
32 47
32 48
32 49
32 52
32 54
32 55
32 57
32 60
32 61
32 62
32 64
32 65
32 66
32 67
32 68
32 69
32 70
32 72
32 74
32 75
32 76
32 77
32 78
32 81
32 83
32 84
32 85
32 87
32 88
32 89
32 91
32 96
32 97
32 100
32 101
32 102
32 103
32 105
32 111
32 112
32 113
32 114
32 117
32 118
32 121
32 123
32 125
32 126
32 127
32 129
32 130
32 131
32 132
32 133
32 136
32 139
32 142
32 150
32 153
32 154
32 155
32 156
32 158
32 159
32 160
32 162
32 163
32 164
32 167
32 168
32 171
32 174
32 177
32 179
33 34
33 36
33 38
33 39
33 41
33 47
33 48
33 50
33 52
33 53
33 57
33 58
33 60
33 61
33 62
33 64
33 65
33 69
33 73
33 74
33 76
33 78
33 80
33 84
33 88
33 90
33 91
33 92
33 93
33 94
33 98
33 99
33 100
33 103
33 106
33 109
33 110
33 111
33 115
33 116
33 117
33 118
33 120
33 121
33 122
33 123
33 124
33 127
33 128
33 129
33 130
33 131
33 132
33 133
33 137
33 141
33 144
33 145
33 146
33 148
33 150
33 151
33 156
33 157
33 160
33 162
33 163
33 164
33 167
33 169
33 170
33 173
33 174
33 175
33 178
33 179
34 35
34 36
34 38
34 39
34 40
34 41
34 42
34 43
34 44
34 45
34 46
34 49
34 51
34 52
34 55
34 56
34 58
34 59
34 60
34 61
34 63
34 64
34 65
34 66
34 67
34 68
34 69
34 71
34 72
34 73
34 74
34 75
34 76
34 77
34 78
34 80
34 81
34 82
34 83
34 86
34 87
34 88
34 93
34 94
34 95
34 96
34 100
34 103
34 105
34 106
34 107
34 110
34 111
34 112
34 115
34 121
34 123
34 125
34 126
34 128
34 130
34 132
34 134
34 135
34 139
34 143
34 144
34 145
34 146
34 152
34 153
34 158
34 160
34 161
34 162
34 165
34 169
34 170
34 171
34 172
34 173
34 174
34 177
34 178
35 36
35 37
35 38
35 39
35 44
35 45
35 46
35 48
35 50
35 51
35 52
35 53
35 54
35 55
35 57
35 59
35 60
35 62
35 64
35 65
35 66
35 67
35 69
35 70
35 72
35 73
35 74
35 75
35 77
35 78
35 79
35 83
35 84
35 85
35 87
35 88
35 89
35 90
35 91
35 93
35 96
35 98
35 99
35 102
35 103
35 107
35 109
35 111
35 116
35 123
35 125
35 127
35 128
35 129
35 134
35 135
35 136
35 137
35 139
35 140
35 141
35 142
35 146
35 148
35 149
35 153
35 154
35 156
35 159
35 160
35 164
35 165
35 166
35 167
35 168
35 170
35 171
35 172
35 174
35 176
36 37
36 40
36 41
36 42
36 44
36 45
36 46
36 49
36 53
36 54
36 55
36 57
36 58
36 59
36 60
36 64
36 65
36 68
36 70
36 71
36 73
36 74
36 76
36 78
36 79
36 83
36 85
36 86
36 89
36 91
36 93
36 94
36 95
36 97
36 98
36 99
36 100
36 101
36 103
36 104
36 105
36 106
36 107
36 109
36 110
36 111
36 116
36 117
36 118
36 123
36 124
36 125
36 128
36 129
36 130
36 131
36 132
36 133
36 136
36 137
36 140
36 141
36 142
36 143
36 144
36 150
36 151
36 153
36 155
36 160
36 162
36 173
36 175
36 176
36 179
37 38
37 44
37 45
37 46
37 49
37 50
37 51
37 52
37 54
37 56
37 58
37 59
37 64
37 67
37 68
37 70
37 72
37 73
37 74
37 78
37 80
37 81
37 82
37 83
37 84
37 88
37 96
37 99
37 100
37 103
37 104
37 105
37 109
37 111
37 117
37 122
37 123
37 124
37 127
37 128
37 129
37 131
37 134
37 135
37 137
37 139
37 142
37 143
37 145
37 146
37 148
37 149
37 151
37 152
37 153
37 155
37 156
37 157
37 159
37 161
37 162
37 163
37 166
37 169
37 170
37 171
37 172
37 174
37 175
37 176
37 179
38 41
38 42
38 43
38 45
38 46
38 47
38 49
38 51
38 53
38 55
38 56
38 57
38 59
38 60
38 62
38 63
38 66
38 70
38 71
38 72
38 73
38 74
38 75
38 76
38 78
38 82
38 83
38 86
38 87
38 89
38 91
38 92
38 93
38 95
38 98
38 99
38 102
38 105
38 107
38 109
38 113
38 116
38 117
38 120
38 123
38 124
38 128
38 130
38 136
38 139
38 146
38 147
38 153
38 155
38 157
38 158
38 159
38 160
38 161
38 162
38 164
38 165
38 166
38 168
38 169
38 172
38 173
38 176
38 179
39 40
39 41
39 43
39 44
39 49
39 51
39 55
39 58
39 59
39 62
39 63
39 64
39 65
39 66
39 67
39 71
39 72
39 74
39 75
39 76
39 77
39 79
39 82
39 84
39 85
39 91
39 92
39 93
39 94
39 95
39 97
39 100
39 101
39 103
39 104
39 106
39 109
39 110
39 111
39 112
39 113
39 114
39 117
39 119
39 120
39 122
39 127
39 128
39 130
39 132
39 134
39 135
39 136
39 138
39 140
39 142
39 146
39 149
39 151
39 152
39 154
39 158
39 159
39 160
39 161
39 163
39 165
39 167
39 171
39 172
39 175
39 179
40 41
40 43
40 44
40 45
40 46
40 49
40 50
40 52
40 54
40 56
40 57
40 59
40 60
40 62
40 63
40 64
40 65
40 67
40 68
40 70
40 71
40 72
40 73
40 74
40 75
40 76
40 77
40 79
40 80
40 84
40 85
40 86
40 89
40 90
40 91
40 93
40 94
40 96
40 101
40 103
40 104
40 105
40 106
40 110
40 119
40 124
40 125
40 130
40 132
40 133
40 134
40 135
40 136
40 137
40 138
40 139
40 142
40 143
40 144
40 146
40 148
40 149
40 150
40 151
40 154
40 155
40 158
40 159
40 160
40 163
40 165
40 166
40 170
40 171
40 177
40 178
40 179
41 44
41 46
41 47
41 48
41 49
41 50
41 51
41 52
41 53
41 54
41 55
41 57
41 59
41 60
41 62
41 65
41 67
41 68
41 70
41 71
41 73
41 75
41 77
41 79
41 80
41 81
41 82
41 83
41 88
41 90
41 91
41 92
41 93
41 94
41 96
41 98
41 99
41 100
41 103
41 106
41 107
41 109
41 110
41 113
41 114
41 115
41 117
41 118
41 119
41 120
41 122
41 123
41 124
41 126
41 128
41 129
41 132
41 134
41 135
41 140
41 141
41 145
41 146
41 149
41 152
41 154
41 156
41 157
41 161
41 162
41 163
41 166
41 167
41 173
41 175
41 177
42 43
42 45
42 46
42 47
42 48
42 49
42 50
42 51
42 53
42 57
42 58
42 60
42 63
42 64
42 65
42 66
42 68
42 70
42 73
42 74
42 75
42 76
42 77
42 81
42 83
42 86
42 90
42 91
42 92
42 93
42 94
42 95
42 96
42 97
42 99
42 101
42 105
42 107
42 108
42 109
42 111
42 113
42 114
42 115
42 116
42 117
42 118
42 119
42 120
42 122
42 124
42 126
42 130
42 131
42 136
42 137
42 148
42 154
42 156
42 158
42 160
42 163
42 165
42 167
42 168
42 169
42 170
42 171
42 173
42 175
42 178
43 44
43 45
43 46
43 47
43 48
43 49
43 50
43 53
43 54
43 56
43 64
43 66
43 69
43 76
43 77
43 78
43 79
43 80
43 81
43 84
43 85
43 86
43 87
43 89
43 91
43 92
43 93
43 94
43 95
43 97
43 99
43 101
43 102
43 107
43 108
43 109
43 110
43 112
43 113
43 114
43 117
43 119
43 120
43 122
43 123
43 128
43 130
43 131
43 132
43 134
43 135
43 138
43 142
43 147
43 148
43 149
43 152
43 158
43 159
43 162
43 164
43 168
43 174
43 175
43 176
43 178
43 179
44 46
44 47
44 48
44 50
44 52
44 54
44 55
44 56
44 58
44 61
44 62
44 64
44 65
44 67
44 68
44 69
44 70
44 72
44 75
44 76
44 78
44 81
44 83
44 84
44 85
44 87
44 89
44 90
44 91
44 92
44 97
44 99
44 104
44 106
44 107
44 108
44 113
44 114
44 117
44 118
44 121
44 123
44 124
44 126
44 129
44 130
44 131
44 137
44 138
44 139
44 141
44 142
44 143
44 144
44 145
44 146
44 150
44 151
44 152
44 156
44 158
44 159
44 163
44 164
44 165
44 167
44 168
44 169
44 175
44 177
45 48
45 49
45 50
45 51
45 52
45 53
45 56
45 57
45 59
45 61
45 62
45 63
45 64
45 65
45 66
45 67
45 68
45 69
45 70
45 71
45 73
45 74
45 76
45 77
45 80
45 81
45 82
45 84
45 85
45 86
45 89
45 98
45 99
45 101
45 104
45 108
45 109
45 111
45 112
45 113
45 116
45 118
45 119
45 121
45 124
45 127
45 128
45 129
45 130
45 131
45 134
45 136
45 137
45 139
45 140
45 143
45 144
45 147
45 148
45 149
45 151
45 152
45 158
45 164
45 165
45 166
45 174
45 176
45 177
45 179
46 47
46 48
46 51
46 52
46 55
46 57
46 58
46 61
46 62
46 63
46 65
46 69
46 70
46 71
46 74
46 76
46 77
46 79
46 81
46 82
46 86
46 88
46 90
46 91
46 92
46 95
46 96
46 97
46 99
46 100
46 101
46 102
46 103
46 104
46 105
46 106
46 108
46 110
46 111
46 112
46 114
46 115
46 118
46 120
46 124
46 126
46 127
46 131
46 133
46 134
46 139
46 141
46 143
46 144
46 145
46 146
46 147
46 148
46 150
46 159
46 163
46 167
46 168
46 171
46 173
46 174
46 176
47 49
47 50
47 51
47 52
47 53
47 55
47 56
47 57
47 58
47 59
47 60
47 63
47 65
47 69
47 70
47 72
47 73
47 75
47 76
47 77
47 78
47 79
47 80
47 82
47 84
47 85
47 87
47 88
47 90
47 93
47 96
47 97
47 101
47 102
47 104
47 107
47 111
47 112
47 114
47 115
47 117
47 119
47 120
47 121
47 122
47 123
47 125
47 127
47 135
47 136
47 137
47 138
47 142
47 143
47 144
47 147
47 148
47 149
47 150
47 151
47 153
47 154
47 158
47 159
47 161
47 162
47 163
47 164
47 166
47 169
47 172
47 174
47 175
47 176
47 177
47 178
47 179
48 49
48 50
48 51
48 52
48 56
48 57
48 59
48 64
48 66
48 71
48 73
48 74
48 75
48 76
48 80
48 81
48 82
48 83
48 85
48 86
48 88
48 91
48 93
48 95
48 98
48 100
48 102
48 104
48 106
48 108
48 109
48 110
48 113
48 114
48 116
48 117
48 119
48 120
48 121
48 122
48 125
48 126
48 127
48 128
48 130
48 131
48 134
48 136
48 138
48 140
48 142
48 143
48 144
48 145
48 147
48 149
48 150
48 151
48 155
48 159
48 163
48 165
48 168
48 170
48 172
48 176
49 50
49 51
49 53
49 56
49 57
49 58
49 59
49 60
49 61
49 62
49 63
49 64
49 65
49 66
49 67
49 68
49 70
49 71
49 73
49 76
49 77
49 78
49 80
49 82
49 83
49 85
49 86
49 87
49 89
49 92
49 93
49 94
49 97
49 99
49 100
49 101
49 102
49 103
49 105
49 107
49 109
49 111
49 115
49 116
49 118
49 119
49 122
49 123
49 124
49 125
49 127
49 129
49 130
49 131
49 132
49 134
49 135
49 137
49 138
49 139
49 141
49 143
49 144
49 146
49 149
49 154
49 160
49 167
49 170
49 173
49 174
49 175
49 176
49 178
49 179
50 51
50 54
50 56
50 57
50 59
50 60
50 62
50 63
50 64
50 65
50 71
50 72
50 73
50 74
50 75
50 76
50 77
50 79
50 80
50 83
50 87
50 88
50 89
50 93
50 95
50 96
50 97
50 99
50 100
50 101
50 102
50 104
50 108
50 117
50 120
50 122
50 124
50 125
50 128
50 130
50 131
50 132
50 133
50 134
50 135
50 138
50 139
50 140
50 141
50 142
50 144
50 147
50 153
50 154
50 155
50 157
50 158
50 159
50 162
50 169
50 170
50 177
51 52
51 54
51 56
51 57
51 58
51 60
51 61
51 62
51 64
51 65
51 68
51 69
51 70
51 71
51 72
51 74
51 75
51 76
51 80
51 83
51 84
51 85
51 87
51 90
51 93
51 97
51 100
51 101
51 102
51 105
51 109
51 112
51 114
51 117
51 118
51 124
51 129
51 131
51 134
51 135
51 140
51 142
51 143
51 145
51 148
51 150
51 151
51 152
51 153
51 156
51 157
51 158
51 159
51 161
51 162
51 163
51 166
51 170
51 172
51 173
51 175
51 178
51 179
52 53
52 54
52 57
52 60
52 61
52 62
52 63
52 64
52 65
52 66
52 68
52 70
52 71
52 72
52 73
52 74
52 75
52 77
52 79
52 80
52 81
52 83
52 84
52 85
52 86
52 88
52 89
52 91
52 92
52 94
52 95
52 97
52 101
52 103
52 104
52 107
52 109
52 110
52 116
52 117
52 119
52 120
52 122
52 124
52 125
52 126
52 128
52 131
52 132
52 133
52 135
52 137
52 141
52 143
52 145
52 152
52 154
52 155
52 156
52 158
52 159
52 161
52 170
52 176
52 177
53 54
53 57
53 59
53 60
53 63
53 64
53 65
53 66
53 67
53 68
53 69
53 70
53 72
53 73
53 74
53 77
53 78
53 81
53 82
53 84
53 85
53 86
53 93
53 94
53 95
53 97
53 98
53 101
53 102
53 103
53 106
53 107
53 111
53 112
53 114
53 115
53 116
53 117
53 119
53 120
53 121
53 122
53 123
53 125
53 127
53 128
53 129
53 131
53 134
53 136
53 137
53 138
53 139
53 143
53 144
53 145
53 146
53 147
53 148
53 159
53 166
53 167
53 170
53 176
53 177
53 178
54 55
54 56
54 57
54 59
54 60
54 62
54 63
54 64
54 66
54 68
54 69
54 70
54 71
54 75
54 76
54 77
54 78
54 79
54 81
54 82
54 83
54 84
54 85
54 86
54 87
54 88
54 89
54 90
54 91
54 92
54 94
54 96
54 97
54 98
54 101
54 102
54 103
54 104
54 105
54 106
54 107
54 109
54 110
54 111
54 113
54 115
54 116
54 117
54 118
54 119
54 120
54 123
54 124
54 126
54 127
54 128
54 132
54 133
54 134
54 135
54 140
54 142
54 143
54 147
54 149
54 150
54 151
54 153
54 155
54 157
54 160
54 163
54 164
54 167
54 168
54 175
54 176
55 56
55 59
55 60
55 61
55 63
55 66
55 68
55 70
55 71
55 73
55 75
55 77
55 78
55 79
55 80
55 81
55 83
55 84
55 85
55 86
55 87
55 89
55 92
55 96
55 97
55 98
55 99
55 101
55 104
55 105
55 107
55 108
55 110
55 114
55 116
55 118
55 122
55 126
55 127
55 132
55 133
55 134
55 137
55 139
55 140
55 141
55 142
55 143
55 144
55 145
55 146
55 153
55 154
55 158
55 159
55 160
55 164
55 165
55 166
55 168
55 169
55 170
55 175
55 177
55 179
56 58
56 59
56 60
56 61
56 64
56 72
56 73
56 75
56 77
56 79
56 80
56 81
56 82
56 83
56 85
56 88
56 90
56 91
56 93
56 94
56 95
56 96
56 97
56 98
56 103
56 109
56 113
56 116
56 117
56 121
56 123
56 124
56 125
56 129
56 135
56 137
56 138
56 140
56 143
56 145
56 148
56 149
56 150
56 151
56 152
56 154
56 155
56 156
56 158
56 164
56 167
56 168
56 172
56 173
56 179
57 59
57 60
57 64
57 65
57 66
57 67
57 68
57 69
57 76
57 77
57 78
57 80
57 82
57 86
57 87
57 88
57 92
57 95
57 96
57 97
57 98
57 102
57 104
57 105
57 109
57 110
57 111
57 113
57 116
57 118
57 121
57 124
57 130
57 135
57 136
57 137
57 138
57 139
57 140
57 141
57 142
57 144
57 145
57 151
57 154
57 157
57 158
57 160
57 162
57 164
57 165
57 166
57 167
57 170
57 174
57 176
57 177
58 60
58 61
58 62
58 65
58 66
58 67
58 68
58 70
58 72
58 73
58 74
58 75
58 76
58 77
58 78
58 80
58 81
58 82
58 83
58 86
58 88
58 90
58 92
58 93
58 94
58 97
58 98
58 100
58 102
58 103
58 104
58 106
58 108
58 109
58 111
58 112
58 114
58 115
58 118
58 120
58 121
58 123
58 126
58 127
58 129
58 130
58 132
58 133
58 135
58 140
58 141
58 142
58 143
58 146
58 147
58 148
58 149
58 151
58 152
58 153
58 154
58 158
58 160
58 161
58 163
58 164
58 166
58 167
58 171
58 173
58 176
59 60
59 63
59 64
59 65
59 67
59 70
59 71
59 72
59 75
59 77
59 78
59 80
59 81
59 82
59 84
59 85
59 87
59 89
59 92
59 93
59 94
59 95
59 96
59 97
59 98
59 100
59 103
59 104
59 106
59 108
59 109
59 110
59 111
59 113
59 116
59 117
59 119
59 121
59 122
59 123
59 126
59 127
59 129
59 133
59 135
59 141
59 143
59 144
59 147
59 148
59 150
59 152
59 153
59 158
59 159
59 160
59 163
59 164
59 165
59 170
59 173
59 176
59 178
59 179
60 61
60 63
60 64
60 69
60 70
60 71
60 72
60 76
60 78
60 79
60 89
60 90
60 92
60 95
60 96
60 97
60 99
60 100
60 102
60 104
60 106
60 107
60 108
60 111
60 113
60 115
60 118
60 119
60 121
60 122
60 123
60 124
60 125
60 127
60 128
60 129
60 131
60 132
60 133
60 134
60 138
60 139
60 140
60 141
60 142
60 143
60 145
60 146
60 147
60 148
60 149
60 152
60 153
60 154
60 155
60 158
60 160
60 163
60 164
60 174
60 175
60 177
60 179
61 66
61 68
61 69
61 71
61 72
61 73
61 75
61 76
61 77
61 78
61 83
61 84
61 85
61 86
61 88
61 90
61 91
61 93
61 95
61 96
61 97
61 98
61 99
61 100
61 101
61 102
61 104
61 105
61 106
61 107
61 108
61 109
61 110
61 111
61 112
61 113
61 114
61 115
61 121
61 123
61 127
61 128
61 129
61 131
61 132
61 133
61 135
61 142
61 143
61 149
61 154
61 156
61 157
61 159
61 160
61 161
61 162
61 166
61 167
61 169
61 170
61 172
61 173
62 64
62 65
62 68
62 70
62 74
62 77
62 78
62 81
62 82
62 84
62 86
62 89
62 90
62 91
62 92
62 93
62 95
62 97
62 98
62 102
62 104
62 106
62 108
62 112
62 115
62 116
62 120
62 122
62 124
62 126
62 129
62 130
62 131
62 132
62 133
62 134
62 138
62 141
62 142
62 143
62 144
62 146
62 152
62 153
62 155
62 164
62 165
62 166
62 175
62 179
63 64
63 67
63 68
63 71
63 73
63 75
63 76
63 77
63 82
63 84
63 85
63 86
63 87
63 88
63 89
63 90
63 91
63 92
63 94
63 95
63 96
63 99
63 101
63 103
63 105
63 107
63 110
63 112
63 115
63 118
63 119
63 120
63 125
63 127
63 129
63 131
63 134
63 135
63 137
63 138
63 139
63 140
63 142
63 145
63 146
63 148
63 151
63 152
63 157
63 158
63 160
63 161
63 162
63 164
63 168
63 171
63 172
63 174
63 177
63 179
64 66
64 68
64 69
64 70
64 73
64 74
64 75
64 77
64 79
64 80
64 81
64 82
64 83
64 86
64 91
64 92
64 97
64 100
64 101
64 103
64 104
64 105
64 106
64 107
64 110
64 111
64 112
64 113
64 114
64 116
64 120
64 121
64 133
64 136
64 138
64 145
64 147
64 149
64 150
64 151
64 152
64 154
64 156
64 158
64 159
64 161
64 163
64 164
64 167
64 168
64 170
64 173
64 175
64 176
64 179
65 66
65 67
65 70
65 74
65 75
65 76
65 77
65 79
65 83
65 88
65 89
65 92
65 94
65 95
65 99
65 100
65 103
65 105
65 107
65 108
65 110
65 111
65 112
65 113
65 116
65 118
65 119
65 123
65 124
65 126
65 127
65 133
65 138
65 139
65 140
65 145
65 147
65 150
65 151
65 152
65 153
65 156
65 158
65 160
65 163
65 167
65 168
65 172
65 173
65 174
65 176
65 178
66 67
66 69
66 71
66 72
66 78
66 80
66 81
66 82
66 84
66 86
66 87
66 90
66 91
66 95
66 98
66 100
66 101
66 103
66 104
66 105
66 106
66 107
66 111
66 112
66 113
66 114
66 116
66 121
66 122
66 124
66 125
66 126
66 127
66 130
66 133
66 135
66 136
66 138
66 141
66 144
66 145
66 146
66 148
66 151
66 153
66 156
66 161
66 162
66 163
66 170
66 171
66 173
66 174
66 176
66 178
66 179
67 68
67 70
67 71
67 72
67 73
67 76
67 77
67 78
67 79
67 80
67 82
67 84
67 86
67 87
67 89
67 90
67 93
67 94
67 96
67 97
67 102
67 103
67 106
67 107
67 108
67 110
67 111
67 113
67 117
67 119
67 123
67 127
67 128
67 129
67 131
67 132
67 134
67 135
67 136
67 137
67 138
67 139
67 141
67 142
67 146
67 147
67 148
67 149
67 150
67 152
67 154
67 155
67 156
67 158
67 163
67 169
67 176
67 178
68 69
68 70
68 71
68 73
68 74
68 75
68 77
68 78
68 79
68 80
68 82
68 85
68 86
68 88
68 89
68 94
68 95
68 96
68 98
68 100
68 101
68 103
68 108
68 109
68 110
68 114
68 118
68 121
68 122
68 126
68 129
68 130
68 132
68 133
68 135
68 138
68 143
68 145
68 147
68 149
68 151
68 152
68 155
68 157
68 158
68 159
68 162
68 163
68 165
68 169
68 170
68 171
68 175
68 178
69 72
69 74
69 77
69 80
69 81
69 82
69 83
69 84
69 85
69 88
69 89
69 93
69 94
69 96
69 97
69 99
69 100
69 105
69 106
69 107
69 109
69 110
69 112
69 114
69 116
69 117
69 119
69 121
69 122
69 123
69 127
69 131
69 132
69 133
69 135
69 136
69 137
69 140
69 141
69 144
69 146
69 147
69 148
69 152
69 154
69 155
69 156
69 159
69 161
69 164
69 166
69 168
69 170
69 172
69 173
69 174
69 177
69 178
69 179
70 71
70 72
70 73
70 74
70 84
70 85
70 86
70 88
70 89
70 90
70 93
70 96
70 97
70 98
70 101
70 106
70 108
70 109
70 111
70 112
70 115
70 117
70 118
70 120
70 121
70 122
70 123
70 125
70 127
70 128
70 132
70 133
70 134
70 135
70 140
70 142
70 143
70 144
70 147
70 148
70 150
70 152
70 153
70 154
70 155
70 156
70 160
70 165
70 166
70 170
70 171
70 172
70 173
70 174
70 177
70 178
71 72
71 74
71 77
71 78
71 79
71 83
71 84
71 85
71 87
71 89
71 91
71 92
71 93
71 94
71 95
71 98
71 100
71 102
71 103
71 105
71 106
71 109
71 114
71 118
71 119
71 120
71 122
71 124
71 126
71 128
71 129
71 131
71 132
71 134
71 135
71 138
71 142
71 145
71 147
71 148
71 153
71 155
71 157
71 159
71 166
71 168
71 169
71 170
71 171
71 178
71 179
72 75
72 76
72 84
72 85
72 86
72 87
72 89
72 92
72 94
72 96
72 97
72 98
72 99
72 100
72 102
72 103
72 105
72 106
72 107
72 108
72 110
72 111
72 115
72 116
72 118
72 121
72 122
72 123
72 124
72 126
72 127
72 128
72 129
72 130
72 132
72 133
72 134
72 135
72 138
72 139
72 140
72 143
72 144
72 145
72 146
72 147
72 148
72 155
72 157
72 158
72 162
72 165
72 168
72 169
72 171
72 172
72 177
73 77
73 79
73 80
73 82
73 83
73 84
73 85
73 88
73 89
73 94
73 95
73 101
73 103
73 104
73 105
73 107
73 109
73 111
73 113
73 116
73 117
73 118
73 124
73 125
73 126
73 128
73 129
73 130
73 131
73 133
73 138
73 139
73 140
73 141
73 144
73 148
73 149
73 151
73 152
73 153
73 156
73 157
73 158
73 160
73 161
73 162
73 164
73 166
73 167
73 168
73 169
73 171
73 172
73 173
73 175
73 178
74 76
74 78
74 79
74 80
74 81
74 85
74 86
74 88
74 91
74 96
74 98
74 101
74 104
74 107
74 108
74 109
74 111
74 115
74 117
74 118
74 119
74 120
74 121
74 123
74 124
74 125
74 128
74 131
74 135
74 136
74 137
74 138
74 140
74 141
74 142
74 143
74 145
74 149
74 150
74 153
74 154
74 157
74 158
74 164
74 166
74 167
74 169
74 171
74 172
74 173
74 174
74 175
74 177
74 179
75 80
75 81
75 82
75 84
75 87
75 90
75 91
75 92
75 94
75 95
75 97
75 100
75 102
75 104
75 106
75 107
75 108
75 111
75 112
75 114
75 115
75 118
75 120
75 122
75 123
75 124
75 126
75 127
75 129
75 131
75 132
75 133
75 135
75 137
75 138
75 140
75 146
75 147
75 148
75 152
75 154
75 155
75 157
75 158
75 161
75 162
75 163
75 164
75 166
75 167
75 169
75 170
75 178
75 179
76 82
76 85
76 87
76 88
76 89
76 94
76 98
76 100
76 102
76 106
76 107
76 108
76 110
76 116
76 117
76 119
76 120
76 121
76 122
76 125
76 126
76 127
76 128
76 130
76 132
76 134
76 137
76 138
76 139
76 144
76 149
76 155
76 159
76 161
76 162
76 163
76 164
76 165
76 167
76 170
77 78
77 80
77 82
77 83
77 84
77 85
77 88
77 91
77 94
77 95
77 98
77 99
77 101
77 103
77 108
77 110
77 115
77 118
77 122
77 125
77 126
77 127
77 130
77 133
77 134
77 137
77 142
77 146
77 149
77 151
77 153
77 154
77 156
77 157
77 158
77 159
77 160
77 162
77 163
77 169
77 170
77 171
77 172
77 177
77 179
78 80
78 82
78 83
78 84
78 85
78 87
78 88
78 91
78 92
78 93
78 95
78 96
78 101
78 102
78 106
78 111
78 113
78 115
78 119
78 122
78 124
78 125
78 126
78 127
78 128
78 130
78 131
78 132
78 135
78 136
78 140
78 141
78 142
78 143
78 144
78 146
78 148
78 150
78 151
78 153
78 156
78 157
78 161
78 164
78 165
78 168
78 171
78 172
78 173
78 175
78 176
78 179
79 80
79 81
79 84
79 85
79 87
79 88
79 89
79 90
79 94
79 95
79 97
79 101
79 103
79 104
79 105
79 106
79 109
79 112
79 113
79 114
79 116
79 117
79 120
79 121
79 123
79 125
79 126
79 127
79 131
79 132
79 137
79 143
79 144
79 145
79 147
79 148
79 149
79 150
79 152
79 153
79 158
79 159
79 160
79 163
79 164
79 169
79 172
79 173
79 175
79 178
80 81
80 83
80 86
80 89
80 91
80 93
80 96
80 99
80 100
80 101
80 105
80 106
80 109
80 110
80 116
80 119
80 121
80 122
80 123
80 127
80 128
80 130
80 131
80 132
80 136
80 137
80 138
80 139
80 141
80 143
80 145
80 146
80 149
80 150
80 151
80 152
80 154
80 158
80 159
80 160
80 161
80 162
80 165
80 166
80 167
80 170
80 172
80 175
80 179
81 83
81 84
81 86
81 87
81 90
81 93
81 94
81 95
81 96
81 97
81 100
81 101
81 102
81 107
81 108
81 109
81 113
81 114
81 115
81 116
81 117
81 122
81 124
81 125
81 126
81 132
81 133
81 134
81 135
81 136
81 137
81 138
81 140
81 142
81 145
81 149
81 152
81 158
81 161
81 166
81 168
81 169
81 171
81 172
81 173
81 174
81 175
81 176
81 179
82 86
82 89
82 91
82 93
82 95
82 98
82 100
82 101
82 102
82 104
82 105
82 106
82 107
82 108
82 109
82 111
82 112
82 113
82 115
82 116
82 117
82 118
82 124
82 125
82 126
82 130
82 133
82 136
82 139
82 140
82 142
82 143
82 144
82 146
82 150
82 151
82 152
82 154
82 155
82 156
82 160
82 161
82 162
82 164
82 166
82 168
82 172
82 174
82 177
82 178
83 87
83 88
83 89
83 90
83 92
83 93
83 95
83 97
83 99
83 100
83 103
83 106
83 109
83 110
83 112
83 115
83 117
83 118
83 120
83 121
83 125
83 130
83 138
83 142
83 145
83 146
83 147
83 148
83 149
83 153
83 155
83 156
83 159
83 160
83 163
83 164
83 165
83 166
83 167
83 168
83 171
83 172
83 175
83 176
83 178
84 88
84 90
84 94
84 97
84 98
84 102
84 103
84 110
84 112
84 114
84 115
84 119
84 120
84 122
84 128
84 129
84 130
84 132
84 133
84 134
84 135
84 139
84 140
84 142
84 143
84 144
84 145
84 147
84 148
84 149
84 150
84 151
84 155
84 156
84 159
84 165
84 168
84 169
84 175
84 177
84 178
85 86
85 88
85 89
85 98
85 99
85 100
85 102
85 103
85 104
85 105
85 108
85 110
85 111
85 112
85 113
85 114
85 118
85 122
85 123
85 125
85 126
85 136
85 140
85 144
85 147
85 149
85 154
85 155
85 156
85 157
85 158
85 160
85 163
85 165
85 167
85 171
85 174
85 176
85 178
86 87
86 88
86 90
86 91
86 92
86 95
86 96
86 98
86 100
86 101
86 102
86 103
86 105
86 106
86 109
86 111
86 112
86 114
86 117
86 118
86 119
86 121
86 123
86 124
86 125
86 130
86 132
86 133
86 135
86 136
86 137
86 138
86 140
86 141
86 142
86 147
86 149
86 150
86 151
86 152
86 156
86 158
86 160
86 161
86 164
86 166
86 168
86 169
86 175
86 177
86 178
87 90
87 92
87 93
87 94
87 95
87 96
87 100
87 102
87 103
87 105
87 107
87 108
87 110
87 111
87 114
87 115
87 116
87 119
87 120
87 128
87 135
87 136
87 137
87 138
87 140
87 141
87 142
87 143
87 145
87 147
87 150
87 151
87 156
87 160
87 161
87 162
87 163
87 165
87 169
87 173
87 175
87 178
88 90
88 93
88 95
88 96
88 97
88 99
88 101
88 103
88 104
88 105
88 107
88 108
88 109
88 113
88 114
88 117
88 118
88 119
88 120
88 121
88 123
88 126
88 127
88 128
88 129
88 130
88 134
88 135
88 136
88 143
88 144
88 145
88 146
88 148
88 149
88 150
88 151
88 152
88 155
88 158
88 161
88 165
88 167
88 168
88 174
88 177
88 178
88 179
89 91
89 92
89 94
89 95
89 96
89 98
89 100
89 101
89 102
89 103
89 106
89 107
89 108
89 109
89 110
89 111
89 112
89 114
89 117
89 123
89 125
89 127
89 128
89 129
89 132
89 136
89 146
89 148
89 150
89 156
89 157
89 158
89 161
89 162
89 164
89 165
89 166
89 168
89 169
89 171
89 174
89 178
90 92
90 94
90 96
90 97
90 98
90 99
90 101
90 107
90 112
90 113
90 114
90 117
90 118
90 119
90 120
90 126
90 129
90 137
90 138
90 139
90 141
90 143
90 145
90 148
90 149
90 150
90 154
90 155
90 157
90 158
90 162
90 166
90 167
90 168
90 169
90 172
90 173
90 174
91 92
91 95
91 98
91 99
91 100
91 102
91 104
91 108
91 109
91 110
91 111
91 112
91 114
91 115
91 120
91 125
91 126
91 127
91 128
91 129
91 130
91 131
91 139
91 140
91 144
91 145
91 147
91 151
91 152
91 154
91 155
91 156
91 158
91 160
91 162
91 163
91 165
91 167
91 170
91 176
91 177
92 98
92 99
92 100
92 102
92 103
92 106
92 107
92 108
92 110
92 111
92 114
92 115
92 119
92 125
92 126
92 131
92 135
92 136
92 137
92 140
92 144
92 150
92 153
92 155
92 157
92 158
92 159
92 162
92 163
92 164
92 167
92 168
92 169
92 171
92 175
92 178
92 179
93 94
93 95
93 100
93 105
93 109
93 110
93 111
93 112
93 114
93 115
93 116
93 117
93 119
93 121
93 127
93 128
93 129
93 130
93 138
93 139
93 140
93 145
93 148
93 155
93 157
93 162
93 163
93 164
93 166
93 169
93 171
93 175
94 95
94 98
94 101
94 103
94 104
94 105
94 106
94 107
94 108
94 109
94 112
94 114
94 116
94 117
94 118
94 119
94 121
94 124
94 129
94 130
94 133
94 136
94 137
94 138
94 141
94 142
94 143
94 148
94 149
94 151
94 152
94 153
94 155
94 157
94 158
94 162
94 163
94 167
94 171
94 176
95 98
95 102
95 104
95 107
95 109
95 112
95 115
95 117
95 118
95 119
95 122
95 124
95 126
95 129
95 130
95 132
95 133
95 135
95 136
95 137
95 139
95 144
95 146
95 149
95 150
95 154
95 155
95 161
95 162
95 163
95 166
95 170
95 171
95 172
95 173
95 176
95 177
95 178
96 97
96 98
96 99
96 102
96 103
96 104
96 106
96 109
96 111
96 112
96 113
96 114
96 115
96 120
96 121
96 123
96 124
96 125
96 127
96 128
96 133
96 135
96 136
96 140
96 141
96 143
96 148
96 149
96 151
96 152
96 153
96 157
96 158
96 159
96 165
96 168
96 170
96 171
96 173
96 177
97 103
97 105
97 110
97 113
97 114
97 115
97 116
97 118
97 119
97 120
97 122
97 126
97 127
97 128
97 129
97 130
97 136
97 137
97 139
97 142
97 143
97 144
97 147
97 148
97 149
97 150
97 156
97 157
97 161
97 165
97 167
97 169
97 177
98 104
98 105
98 106
98 109
98 113
98 114
98 115
98 116
98 120
98 124
98 126
98 127
98 128
98 129
98 133
98 138
98 140
98 141
98 143
98 146
98 147
98 148
98 149
98 150
98 151
98 152
98 156
98 158
98 161
98 162
98 164
98 167
98 168
98 169
98 170
98 177
98 178
99 100
99 101
99 102
99 104
99 105
99 107
99 110
99 113
99 114
99 118
99 119
99 122
99 123
99 124
99 125
99 126
99 127
99 128
99 136
99 139
99 143
99 144
99 145
99 147
99 150
99 152
99 153
99 158
99 159
99 160
99 165
99 168
99 175
99 178
100 101
100 103
100 104
100 108
100 120
100 122
100 125
100 128
100 129
100 131
100 132
100 133
100 134
100 136
100 137
100 139
100 140
100 142
100 145
100 146
100 149
100 154
100 155
100 157
100 158
100 166
100 171
100 176
100 177
101 104
101 106
101 107
101 109
101 112
101 116
101 118
101 120
101 121
101 122
101 124
101 126
101 127
101 129
101 131
101 135
101 136
101 140
101 147
101 149
101 151
101 152
101 153
101 161
101 162
101 163
101 166
101 168
101 170
101 173
101 174
101 179
102 104
102 105
102 120
102 124
102 125
102 132
102 133
102 134
102 135
102 136
102 139
102 140
102 141
102 145
102 147
102 148
102 149
102 150
102 151
102 152
102 157
102 159
102 160
102 161
102 162
102 163
102 165
102 168
102 170
102 171
102 172
102 175
102 176
102 177
102 178
103 105
103 106
103 108
103 112
103 113
103 116
103 121
103 122
103 125
103 128
103 130
103 134
103 137
103 139
103 141
103 146
103 152
103 153
103 154
103 155
103 159
103 161
103 162
103 164
103 166
103 167
103 170
103 171
103 173
103 177
103 178
103 179
104 106
104 110
104 112
104 115
104 116
104 117
104 118
104 120
104 121
104 123
104 127
104 128
104 130
104 131
104 132
104 136
104 137
104 138
104 144
104 145
104 146
104 150
104 151
104 152
104 156
104 157
104 158
104 165
104 167
104 169
104 171
104 172
104 173
104 175
104 176
104 179
105 107
105 109
105 110
105 111
105 112
105 113
105 115
105 116
105 119
105 123
105 124
105 125
105 128
105 130
105 134
105 136
105 137
105 139
105 140
105 142
105 143
105 147
105 158
105 159
105 161
105 163
105 164
105 167
105 170
105 173
105 174
105 178
106 107
106 110
106 112
106 113
106 119
106 122
106 125
106 130
106 133
106 134
106 135
106 136
106 147
106 148
106 149
106 153
106 155
106 156
106 157
106 160
106 161
106 162
106 173
106 174
106 175
106 177
106 178
107 108
107 109
107 111
107 112
107 114
107 116
107 117
107 118
107 119
107 120
107 124
107 125
107 131
107 132
107 133
107 136
107 137
107 138
107 139
107 141
107 142
107 143
107 144
107 146
107 147
107 150
107 156
107 157
107 159
107 160
107 164
107 166
107 167
107 168
107 170
107 172
107 175
107 178
107 179
108 112
108 113
108 116
108 117
108 121
108 122
108 123
108 125
108 127
108 133
108 137
108 138
108 139
108 141
108 142
108 148
108 149
108 150
108 151
108 152
108 153
108 156
108 157
108 158
108 159
108 160
108 161
108 163
108 170
108 171
108 172
108 173
108 177
108 178
109 112
109 114
109 115
109 116
109 118
109 120
109 121
109 124
109 133
109 134
109 135
109 138
109 139
109 140
109 144
109 146
109 151
109 152
109 154
109 156
109 157
109 158
109 160
109 161
109 165
109 168
109 169
109 170
109 171
109 172
109 173
109 177
110 115
110 119
110 120
110 121
110 122
110 127
110 128
110 131
110 133
110 137
110 141
110 142
110 144
110 149
110 150
110 155
110 156
110 158
110 159
110 161
110 162
110 166
110 168
110 172
110 173
110 174
110 175
110 176
110 177
110 179
111 113
111 114
111 119
111 120
111 121
111 122
111 123
111 127
111 128
111 130
111 137
111 138
111 140
111 141
111 143
111 147
111 148
111 151
111 152
111 156
111 160
111 162
111 163
111 164
111 167
111 168
111 173
111 174
111 176
112 114
112 117
112 118
112 121
112 123
112 126
112 128
112 132
112 134
112 138
112 139
112 141
112 143
112 145
112 147
112 149
112 150
112 155
112 156
112 159
112 164
112 165
112 166
112 167
112 170
112 171
112 173
112 175
112 176
112 177
113 116
113 118
113 121
113 122
113 123
113 125
113 126
113 128
113 131
113 132
113 133
113 134
113 135
113 138
113 139
113 140
113 142
113 148
113 149
113 151
113 152
113 153
113 157
113 160
113 164
113 165
113 167
113 168
113 169
113 171
113 172
113 177
114 115
114 117
114 118
114 119
114 124
114 125
114 126
114 137
114 139
114 141
114 145
114 146
114 147
114 152
114 153
114 155
114 156
114 157
114 158
114 159
114 163
114 164
114 167
114 169
114 171
114 174
114 176
114 177
114 178
115 116
115 117
115 120
115 123
115 124
115 126
115 129
115 132
115 133
115 134
115 139
115 140
115 141
115 142
115 144
115 147
115 149
115 150
115 151
115 154
115 155
115 157
115 158
115 168
115 176
115 177
115 179
116 118
116 120
116 121
116 122
116 123
116 129
116 131
116 133
116 136
116 140
116 141
116 142
116 148
116 151
116 152
116 158
116 160
116 164
116 165
116 166
116 169
116 170
116 174
116 175
116 176
117 118
117 120
117 121
117 122
117 123
117 124
117 129
117 134
117 135
117 139
117 140
117 146
117 147
117 149
117 156
117 158
117 160
117 161
117 162
117 165
117 167
117 168
117 169
117 173
117 176
117 177
117 179
118 120
118 121
118 122
118 125
118 128
118 129
118 130
118 131
118 132
118 135
118 146
118 147
118 150
118 153
118 154
118 156
118 158
118 159
118 160
118 161
118 162
118 163
118 170
118 171
118 172
118 174
118 175
119 122
119 123
119 124
119 125
119 126
119 127
119 132
119 133
119 136
119 137
119 138
119 139
119 141
119 143
119 144
119 145
119 146
119 147
119 150
119 151
119 154
119 155
119 157
119 159
119 160
119 161
119 163
119 165
119 168
119 169
119 171
119 173
119 174
120 127
120 128
120 134
120 137
120 138
120 143
120 147
120 149
120 150
120 152
120 154
120 155
120 156
120 160
120 162
120 163
120 164
120 169
120 170
120 172
120 174
120 175
120 176
120 177
121 126
121 135
121 137
121 139
121 141
121 142
121 148
121 150
121 151
121 152
121 154
121 155
121 156
121 159
121 160
121 161
121 164
121 165
121 168
121 169
121 173
121 175
122 124
122 125
122 126
122 127
122 133
122 134
122 138
122 147
122 149
122 150
122 152
122 156
122 158
122 159
122 162
122 163
122 164
122 166
122 168
122 171
122 172
122 175
122 178
123 124
123 125
123 126
123 128
123 130
123 131
123 134
123 135
123 136
123 138
123 141
123 142
123 144
123 146
123 147
123 149
123 150
123 151
123 152
123 154
123 159
123 161
123 167
123 168
123 169
123 172
123 174
123 176
123 177
123 178
123 179
124 125
124 130
124 131
124 132
124 134
124 135
124 138
124 140
124 141
124 142
124 144
124 145
124 148
124 154
124 157
124 159
124 160
124 162
124 165
124 168
124 173
124 175
124 176
124 179
125 126
125 127
125 130
125 133
125 134
125 137
125 140
125 147
125 150
125 153
125 154
125 160
125 165
125 170
125 172
125 175
125 178
126 127
126 128
126 129
126 135
126 139
126 140
126 141
126 145
126 147
126 148
126 152
126 153
126 154
126 162
126 163
126 165
126 170
126 171
126 172
126 175
126 176
127 135
127 137
127 138
127 139
127 140
127 143
127 149
127 157
127 158
127 165
127 166
127 167
127 168
127 177
127 178
128 130
128 133
128 134
128 139
128 143
128 145
128 149
128 150
128 153
128 154
128 157
128 158
128 160
128 161
128 164
128 165
128 168
128 170
128 172
128 176
129 130
129 132
129 134
129 136
129 138
129 139
129 141
129 146
129 149
129 150
129 151
129 153
129 154
129 157
129 158
129 162
129 166
129 168
129 173
129 176
130 131
130 133
130 134
130 135
130 137
130 139
130 145
130 149
130 150
130 153
130 155
130 157
130 158
130 163
130 168
130 170
130 174
130 175
130 176
130 178
130 179
131 133
131 134
131 136
131 140
131 142
131 143
131 144
131 147
131 148
131 150
131 152
131 156
131 157
131 160
131 162
131 164
131 166
131 167
131 172
131 173
131 175
131 176
131 178
131 179
132 134
132 135
132 137
132 139
132 143
132 146
132 148
132 149
132 151
132 153
132 157
132 164
132 167
132 168
132 169
132 170
132 171
132 174
132 178
132 179
133 134
133 140
133 142
133 143
133 144
133 148
133 150
133 151
133 153
133 160
133 161
133 165
133 167
133 168
133 170
133 171
133 173
133 177
133 179
134 137
134 139
134 140
134 141
134 146
134 148
134 149
134 151
134 152
134 155
134 159
134 161
134 164
134 166
134 174
134 175
134 176
135 138
135 140
135 144
135 147
135 152
135 153
135 156
135 159
135 160
135 161
135 162
135 163
135 165
135 171
135 172
135 176
135 179
136 137
136 139
136 142
136 144
136 146
136 154
136 156
136 159
136 162
136 169
136 172
136 173
136 174
136 175
136 177
136 178
137 139
137 141
137 142
137 143
137 145
137 146
137 148
137 153
137 154
137 155
137 156
137 157
137 162
137 166
137 167
137 169
137 170
137 171
137 173
137 177
137 179
138 139
138 140
138 141
138 143
138 144
138 145
138 150
138 154
138 156
138 157
138 158
138 160
138 161
138 164
138 166
138 167
138 170
138 177
139 140
139 141
139 142
139 144
139 146
139 148
139 150
139 151
139 152
139 155
139 157
139 159
139 160
139 162
139 169
139 174
139 175
139 176
139 178
140 141
140 146
140 149
140 155
140 156
140 159
140 163
140 165
140 168
140 169
140 171
140 173
140 174
140 177
140 179
141 142
141 143
141 148
141 151
141 154
141 156
141 162
141 167
141 168
141 170
141 174
141 176
141 177
142 146
142 147
142 148
142 151
142 157
142 164
142 166
142 171
142 173
142 174
143 146
143 149
143 151
143 154
143 155
143 156
143 162
143 164
143 167
143 168
143 174
143 175
143 176
143 179
144 146
144 149
144 151
144 152
144 153
144 154
144 155
144 156
144 157
144 159
144 160
144 161
144 162
144 165
144 166
144 168
144 171
144 173
144 176
144 177
144 179
145 146
145 150
145 153
145 154
145 157
145 158
145 159
145 160
145 161
145 165
145 166
145 167
145 169
145 170
145 172
145 176
145 178
146 148
146 153
146 155
146 156
146 160
146 162
146 169
146 173
146 176
146 179
147 148
147 149
147 150
147 151
147 152
147 153
147 154
147 155
147 164
147 169
147 170
147 173
147 174
147 177
147 179
148 152
148 155
148 157
148 158
148 159
148 163
148 165
148 169
148 170
148 172
148 174
148 175
148 178
149 152
149 154
149 157
149 160
149 166
149 167
149 169
149 171
149 172
149 178
150 151
150 153
150 157
150 159
150 160
150 161
150 171
150 172
150 177
151 152
151 159
151 160
151 162
151 165
151 167
151 169
151 170
151 171
151 175
151 177
151 178
152 153
152 155
152 165
152 166
152 171
152 174
152 175
152 179
153 159
153 163
153 164
153 169
153 173
153 175
153 176
153 177
154 156
154 157
154 160
154 161
154 163
154 164
154 169
154 172
154 173
154 177
154 178
155 156
155 157
155 158
155 163
155 167
155 169
155 170
155 175
155 176
155 177
155 179
156 159
156 164
156 165
156 166
156 168
156 169
156 173
156 175
156 178
156 179
157 159
157 161
157 164
157 167
157 178
157 179
158 159
158 164
158 168
158 170
158 172
158 176
158 178
159 161
159 163
159 164
159 166
159 172
159 174
159 175
160 163
160 166
160 170
160 175
161 163
161 164
161 166
161 168
161 171
161 174
161 179
162 166
162 170
163 169
163 171
163 174
163 177
163 178
164 166
164 167
164 172
165 167
165 168
165 169
165 173
165 174
165 176
165 178
165 179
166 167
166 170
166 171
166 178
166 179
167 168
167 169
167 170
167 171
167 174
167 175
167 176
168 169
168 171
168 172
168 176
168 178
169 173
169 179
170 177
171 172
171 174
171 175
171 177
172 173
172 176
173 174
173 175
173 177
174 175
174 176
174 177
174 178
174 179
175 176
175 178
175 179
