180
0 1
0 2
0 6
0 132
1 7
1 8
1 10
1 16
1 32
2 3
2 20
2 40
2 126
3 4
3 5
3 52
3 74
4 9
4 26
4 28
4 59
4 67
4 97
4 148
5 107
5 171
6 11
6 14
6 56
7 17
7 20
7 145
7 165
8 15
8 24
8 62
8 112
8 129
8 134
9 25
9 30
9 76
9 103
9 110
9 117
9 121
9 161
10 12
10 13
10 22
10 38
10 120
10 130
11 52
11 61
11 103
11 105
12 18
12 20
12 21
12 23
12 44
12 72
12 83
12 95
12 121
12 152
13 19
13 31
13 105
13 176
14 49
15 27
15 41
15 82
15 99
15 114
16 29
16 31
16 34
16 37
16 42
16 64
17 23
17 61
17 63
17 75
17 98
18 57
18 88
18 115
18 179
19 25
19 35
19 45
19 80
19 93
19 111
20 51
20 73
21 62
21 120
21 176
22 72
22 81
22 92
22 110
22 117
22 157
23 42
23 48
23 68
23 85
23 137
23 162
24 45
24 94
24 123
25 70
25 71
25 102
25 106
25 115
25 150
26 27
26 36
26 149
26 171
27 55
27 122
28 46
28 57
28 74
28 93
28 114
29 33
29 43
29 53
29 145
30 173
31 99
32 50
32 167
33 47
33 108
34 79
34 99
34 109
34 170
35 46
35 58
35 81
35 86
35 137
36 106
36 126
36 133
36 139
36 168
37 55
37 60
37 71
37 143
38 39
38 90
38 111
38 167
38 177
39 65
39 90
39 140
39 163
40 69
40 165
40 176
41 91
41 100
41 111
41 125
41 130
42 60
42 149
42 154
42 168
43 65
43 104
43 114
43 167
44 54
44 62
44 83
44 153
45 76
45 96
45 101
45 138
45 146
45 157
46 145
46 175
47 53
47 68
47 84
47 89
47 108
47 147
47 167
47 174
48 155
48 175
49 70
49 82
49 138
50 64
50 78
50 173
51 96
51 124
51 134
51 141
52 55
52 59
52 65
52 171
52 172
53 72
53 129
53 173
53 174
54 66
54 127
54 178
55 66
55 84
56 87
56 107
56 116
56 128
56 161
57 70
57 84
57 97
57 145
57 159
58 115
59 72
59 78
59 118
59 123
60 69
60 105
60 119
61 106
61 121
61 159
62 79
62 104
62 118
63 129
63 135
64 88
65 162
66 74
66 76
66 77
66 87
66 171
67 97
67 121
67 151
68 94
68 116
68 128
68 135
69 96
69 177
70 73
70 85
71 75
71 86
71 151
71 163
72 77
72 98
73 102
73 169
73 170
74 83
74 97
74 137
75 112
75 120
75 124
75 142
76 85
77 83
77 102
77 140
78 87
78 108
78 152
79 126
79 153
79 172
80 131
80 133
80 147
81 146
81 165
82 103
82 150
82 161
83 117
84 118
85 109
85 125
85 144
85 156
86 179
87 113
88 119
89 101
89 166
90 128
91 92
91 98
91 140
91 144
91 166
92 132
92 156
93 166
94 96
94 106
94 115
94 116
94 118
94 133
94 156
95 137
95 143
95 151
96 123
97 111
97 147
98 100
98 113
98 152
98 163
100 139
100 152
100 172
101 107
101 124
101 169
102 153
103 129
103 178
104 127
104 134
104 147
105 117
106 122
107 110
107 158
108 157
109 125
109 133
109 139
109 154
111 141
111 146
111 176
112 149
113 156
113 160
114 170
115 131
115 145
116 142
118 120
119 159
119 179
120 134
121 139
121 161
122 124
122 125
122 164
124 167
125 135
126 178
128 172
128 179
130 165
131 135
131 136
131 140
132 137
132 153
133 142
135 152
136 154
136 158
136 166
136 169
139 160
141 159
143 148
143 178
145 154
149 171
151 164
152 163
152 178
153 163
154 161
154 164
155 156
158 168
159 172
165 166
168 169
172 179
