180
0 1
0 3
0 4
0 5
0 7
0 30
0 99
1 2
1 18
1 42
1 45
1 84
1 130
1 176
2 11
2 60
2 104
3 6
3 54
3 100
3 151
4 9
4 13
4 90
5 8
5 23
5 36
5 49
5 120
5 140
6 12
6 15
6 141
7 16
7 77
7 91
7 129
7 160
8 10
8 32
8 37
8 75
9 40
9 48
9 52
10 30
10 101
10 144
10 173
11 22
12 14
12 29
12 46
12 72
12 102
12 106
13 27
13 39
13 48
13 138
14 17
14 25
14 57
14 124
14 136
15 20
15 47
15 53
16 19
16 21
16 138
16 148
17 24
17 86
17 107
17 143
18 54
18 111
18 135
19 33
19 101
19 136
20 38
20 69
21 67
22 35
23 28
23 55
23 85
23 115
23 136
24 26
24 31
24 82
25 114
25 154
26 56
26 61
26 80
26 95
26 110
26 128
26 168
27 69
27 78
27 88
27 154
28 53
28 68
28 92
28 119
29 34
29 65
29 79
29 144
29 169
30 69
30 98
31 43
32 66
32 90
32 127
32 131
33 50
33 109
33 170
34 41
34 65
34 135
35 63
35 64
35 125
35 137
36 78
36 89
36 91
37 44
37 57
37 119
37 150
37 173
38 51
38 124
39 43
39 71
40 59
40 79
40 118
40 158
41 85
41 113
41 127
42 97
42 146
42 162
43 56
43 122
43 134
44 85
44 103
44 116
45 58
45 98
45 121
46 72
46 160
47 73
47 171
48 57
49 96
49 104
49 109
49 127
49 136
50 61
51 93
51 144
51 169
51 179
52 133
52 137
52 159
52 161
53 151
53 153
54 66
54 70
54 87
55 106
56 62
56 82
57 96
57 116
58 62
58 89
58 133
59 114
59 117
60 83
60 111
60 178
61 98
61 161
62 64
62 94
62 150
63 76
63 139
65 123
66 73
66 93
66 128
67 77
67 94
67 140
68 132
68 146
69 81
69 130
69 148
70 74
70 142
71 105
71 122
71 172
71 178
72 163
73 152
74 95
74 108
75 167
76 110
77 97
77 99
77 115
78 118
78 153
79 172
80 157
80 171
81 88
81 126
82 100
82 112
82 173
83 166
84 93
84 150
86 113
86 120
86 159
89 144
89 147
89 179
90 133
90 156
90 165
92 157
93 132
96 112
97 108
99 109
99 115
99 123
99 145
99 174
100 131
101 106
101 109
101 128
102 128
102 175
103 125
103 143
104 146
104 168
105 135
105 178
106 122
106 134
108 151
112 142
113 137
114 142
116 159
117 164
119 158
121 156
121 163
121 164
122 174
122 177
124 135
125 167
126 165
126 179
127 155
128 149
129 166
137 150
139 153
139 165
140 168
141 147
141 174
141 179
143 155
143 165
145 151
146 168
148 156
153 170
154 170
155 162
159 161
161 164
