188
0 1
0 2
0 26
0 37
0 38
0 39
0 58
0 72
0 82
0 104
1 4
1 5
1 20
1 24
1 74
1 106
1 170
2 3
2 9
2 10
3 11
3 64
3 110
3 112
3 185
4 15
4 27
4 41
4 96
5 6
5 7
5 18
5 32
5 53
5 81
5 113
6 8
6 11
6 13
6 23
6 61
6 62
6 84
6 115
7 12
7 26
7 30
7 68
7 127
8 14
8 19
8 32
8 51
8 90
8 93
8 154
8 155
8 160
8 178
9 16
9 17
9 45
9 89
9 117
9 163
10 29
10 33
10 35
10 41
10 120
10 170
10 179
11 25
11 43
11 85
11 144
12 22
12 67
12 87
12 106
12 146
12 180
13 76
13 80
13 185
14 39
14 46
14 187
15 24
15 25
15 35
15 49
15 71
16 55
16 65
16 71
16 81
16 102
17 22
17 34
17 36
17 38
17 88
18 56
18 90
18 164
19 30
19 67
19 101
19 136
19 149
19 186
20 21
20 66
20 69
20 77
21 85
21 122
21 160
22 98
22 179
23 31
23 53
23 68
23 75
24 28
24 51
24 81
25 40
25 107
26 85
26 98
26 135
26 162
26 177
27 46
27 95
27 138
27 186
28 60
28 133
28 174
28 177
29 42
29 50
29 54
29 76
30 52
31 133
31 169
31 175
32 45
32 70
32 75
33 121
34 66
34 94
34 129
35 38
35 44
36 47
36 116
36 122
37 119
38 48
38 77
38 140
39 88
39 117
39 150
40 93
41 95
41 110
41 151
41 168
42 61
42 162
43 86
43 147
43 168
43 175
44 59
44 73
44 130
44 153
45 48
45 107
45 140
46 60
46 107
46 137
46 141
46 142
47 55
47 92
47 105
47 126
48 53
48 102
48 118
49 74
49 92
49 104
50 70
50 77
50 117
50 134
50 187
51 150
51 167
51 174
52 65
52 68
52 121
52 181
52 183
53 100
53 124
53 183
54 103
54 130
54 152
54 155
54 172
55 69
55 109
56 57
56 135
56 148
56 150
56 173
57 63
57 99
57 105
57 164
58 151
58 152
58 166
59 70
59 100
59 105
59 114
59 147
60 81
60 99
60 148
60 179
61 103
62 63
62 86
62 95
63 78
63 83
63 91
63 143
64 71
64 97
64 111
64 123
65 89
65 141
65 159
65 163
65 173
66 105
66 133
67 99
67 114
67 120
69 136
69 142
69 155
70 108
72 76
72 151
72 160
72 180
73 78
73 108
73 145
74 79
74 110
74 122
74 139
75 101
75 129
77 184
78 115
78 174
79 127
79 133
79 156
79 162
80 90
80 125
81 176
82 118
82 132
82 170
83 119
83 177
84 106
84 145
85 124
86 101
86 103
86 144
86 151
86 172
86 180
87 118
87 128
87 163
88 98
88 137
88 176
89 126
89 130
89 155
89 158
90 111
90 181
91 119
91 169
91 183
92 149
93 115
93 125
93 127
94 132
94 157
95 123
96 161
96 175
96 179
97 102
97 182
98 144
98 171
100 131
100 150
100 158
101 146
101 159
101 176
102 137
103 128
103 157
104 159
104 164
105 113
105 166
106 120
106 131
109 118
109 142
110 178
110 184
111 117
111 171
111 185
112 139
112 165
112 167
113 114
113 123
113 165
113 178
113 179
115 130
115 176
116 121
116 124
116 135
116 171
116 175
117 151
117 177
117 186
119 141
119 174
120 157
121 153
122 173
123 137
123 148
123 167
124 134
125 138
126 138
126 166
126 183
128 166
129 146
129 149
129 163
129 176
130 173
131 149
133 136
134 166
135 147
138 154
138 169
138 178
140 155
143 146
143 161
143 171
144 175
145 146
145 157
147 149
147 172
156 180
156 182
157 180
158 186
159 171
161 162
164 171
165 177
165 180
170 185
176 183
178 187
