188
0 1
0 3
0 5
0 6
0 7
0 9
0 10
0 11
0 12
0 14
0 15
0 16
0 17
0 18
0 19
0 20
0 21
0 22
0 26
0 28
0 30
0 32
0 33
0 34
0 36
0 38
0 39
0 42
0 43
0 44
0 48
0 51
0 55
0 56
0 58
0 59
0 60
0 61
0 63
0 64
0 65
0 66
0 67
0 70
0 72
0 73
0 74
0 75
0 77
0 81
0 82
0 84
0 87
0 88
0 91
0 92
0 95
0 96
0 97
0 101
0 103
0 104
0 106
0 107
0 109
0 111
0 113
0 115
0 118
0 120
0 122
0 124
0 125
0 127
0 128
0 130
0 132
0 137
0 138
0 139
0 140
0 143
0 144
0 147
0 148
0 149
0 150
0 151
0 155
0 156
0 157
0 159
0 160
0 162
0 164
0 167
0 170
0 171
0 175
0 177
0 178
0 179
0 182
0 187
1 2
1 3
1 5
1 6
1 7
1 9
1 11
1 13
1 16
1 18
1 19
1 20
1 22
1 25
1 26
1 27
1 28
1 29
1 31
1 32
1 33
1 34
1 36
1 37
1 38
1 40
1 42
1 44
1 47
1 48
1 50
1 51
1 52
1 53
1 54
1 55
1 56
1 57
1 61
1 62
1 64
1 66
1 68
1 70
1 71
1 74
1 75
1 77
1 78
1 79
1 82
1 83
1 84
1 85
1 86
1 87
1 89
1 90
1 95
1 96
1 97
1 101
1 104
1 107
1 108
1 109
1 110
1 113
1 114
1 115
1 117
1 119
1 120
1 123
1 124
1 127
1 128
1 131
1 132
1 135
1 137
1 138
1 140
1 144
1 145
1 146
1 147
1 153
1 154
1 155
1 156
1 159
1 161
1 162
1 164
1 165
1 166
1 167
1 168
1 169
1 171
1 172
1 173
1 177
1 179
1 182
1 184
1 187
2 4
2 6
2 7
2 9
2 11
2 13
2 14
2 15
2 18
2 19
2 24
2 25
2 26
2 27
2 28
2 31
2 33
2 34
2 35
2 36
2 37
2 39
2 40
2 41
2 44
2 45
2 46
2 47
2 49
2 50
2 52
2 53
2 55
2 56
2 57
2 58
2 60
2 62
2 63
2 64
2 65
2 66
2 67
2 68
2 69
2 70
2 71
2 72
2 73
2 74
2 78
2 81
2 85
2 86
2 87
2 88
2 89
2 93
2 94
2 96
2 97
2 98
2 99
2 100
2 102
2 106
2 108
2 109
2 115
2 116
2 117
2 118
2 123
2 129
2 130
2 132
2 133
2 134
2 135
2 138
2 140
2 141
2 143
2 145
2 147
2 148
2 149
2 150
2 152
2 158
2 160
2 161
2 163
2 165
2 166
2 167
2 168
2 170
2 174
2 175
2 176
2 177
2 178
2 179
2 180
2 184
2 187
3 4
3 5
3 6
3 8
3 9
3 10
3 12
3 13
3 14
3 15
3 18
3 19
3 20
3 21
3 23
3 24
3 26
3 27
3 28
3 29
3 30
3 31
3 32
3 34
3 35
3 37
3 38
3 39
3 41
3 42
3 44
3 45
3 46
3 47
3 48
3 49
3 51
3 52
3 54
3 56
3 58
3 59
3 63
3 65
3 66
3 67
3 68
3 71
3 74
3 75
3 76
3 77
3 80
3 81
3 82
3 83
3 84
3 85
3 87
3 90
3 93
3 94
3 95
3 103
3 105
3 107
3 108
3 109
3 110
3 111
3 112
3 114
3 116
3 118
3 119
3 120
3 122
3 124
3 125
3 126
3 129
3 130
3 132
3 133
3 134
3 136
3 137
3 138
3 140
3 143
3 144
3 148
3 150
3 151
3 152
3 155
3 157
3 158
3 160
3 162
3 163
3 165
3 166
3 167
3 171
3 173
3 174
3 175
3 180
3 183
3 184
3 187
4 6
4 7
4 9
4 11
4 12
4 13
4 15
4 16
4 17
4 18
4 19
4 21
4 23
4 26
4 27
4 28
4 30
4 31
4 34
4 36
4 38
4 40
4 42
4 43
4 44
4 45
4 46
4 50
4 51
4 53
4 54
4 57
4 58
4 61
4 63
4 64
4 65
4 67
4 69
4 71
4 73
4 74
4 75
4 77
4 78
4 79
4 84
4 85
4 88
4 90
4 92
4 95
4 98
4 99
4 100
4 102
4 104
4 107
4 108
4 110
4 111
4 112
4 116
4 117
4 118
4 119
4 120
4 127
4 129
4 130
4 131
4 133
4 134
4 135
4 136
4 137
4 138
4 140
4 143
4 144
4 146
4 149
4 151
4 154
4 156
4 157
4 158
4 161
4 162
4 163
4 164
4 165
4 170
4 171
4 172
4 173
4 174
4 175
4 178
4 179
4 180
4 182
4 185
4 186
5 6
5 7
5 8
5 11
5 12
5 13
5 15
5 18
5 19
5 20
5 22
5 23
5 24
5 25
5 27
5 29
5 30
5 31
5 32
5 33
5 34
5 35
5 36
5 38
5 39
5 42
5 43
5 44
5 45
5 48
5 49
5 51
5 53
5 54
5 55
5 59
5 60
5 61
5 62
5 64
5 67
5 68
5 70
5 71
5 72
5 73
5 74
5 75
5 76
5 77
5 78
5 79
5 80
5 87
5 91
5 95
5 96
5 97
5 98
5 101
5 106
5 107
5 110
5 111
5 115
5 116
5 122
5 124
5 126
5 128
5 129
5 131
5 133
5 134
5 135
5 137
5 138
5 139
5 141
5 142
5 146
5 149
5 150
5 155
5 157
5 158
5 159
5 161
5 162
5 164
5 165
5 166
5 168
5 170
5 174
5 176
5 177
5 179
5 180
5 181
5 182
5 187
6 7
6 10
6 11
6 12
6 13
6 14
6 15
6 16
6 17
6 19
6 20
6 21
6 22
6 23
6 24
6 25
6 26
6 28
6 30
6 31
6 32
6 33
6 36
6 37
6 38
6 40
6 42
6 43
6 44
6 47
6 48
6 49
6 50
6 54
6 55
6 59
6 60
6 63
6 65
6 67
6 69
6 70
6 71
6 72
6 73
6 75
6 77
6 78
6 79
6 80
6 81
6 82
6 83
6 84
6 86
6 88
6 89
6 91
6 94
6 95
6 98
6 99
6 100
6 105
6 109
6 111
6 113
6 116
6 118
6 119
6 125
6 127
6 131
6 133
6 134
6 135
6 137
6 138
6 139
6 140
6 141
6 144
6 147
6 148
6 149
6 150
6 151
6 153
6 154
6 159
6 160
6 161
6 167
6 168
6 171
6 175
6 176
6 177
6 180
6 182
6 183
6 184
7 8
7 14
7 16
7 17
7 18
7 19
7 20
7 21
7 22
7 23
7 26
7 30
7 32
7 33
7 34
7 35
7 37
7 39
7 40
7 41
7 42
7 44
7 46
7 49
7 50
7 51
7 54
7 55
7 56
7 58
7 59
7 60
7 62
7 63
7 66
7 67
7 68
7 69
7 70
7 71
7 73
7 78
7 79
7 80
7 81
7 82
7 84
7 86
7 88
7 90
7 92
7 93
7 95
7 97
7 99
7 102
7 103
7 105
7 106
7 108
7 109
7 111
7 113
7 115
7 116
7 118
7 121
7 123
7 126
7 127
7 128
7 130
7 132
7 134
7 135
7 136
7 137
7 143
7 144
7 145
7 147
7 150
7 151
7 152
7 155
7 156
7 160
7 162
7 164
7 165
7 167
7 169
7 172
7 174
7 175
7 177
7 178
7 180
7 181
7 183
7 187
8 9
8 10
8 11
8 12
8 13
8 15
8 16
8 17
8 18
8 19
8 21
8 25
8 26
8 27
8 28
8 29
8 30
8 31
8 32
8 35
8 36
8 38
8 39
8 40
8 41
8 42
8 45
8 46
8 47
8 50
8 51
8 52
8 54
8 56
8 57
8 58
8 59
8 61
8 62
8 63
8 64
8 65
8 66
8 67
8 69
8 70
8 71
8 73
8 75
8 77
8 78
8 80
8 82
8 83
8 84
8 87
8 88
8 89
8 90
8 91
8 92
8 93
8 95
8 96
8 100
8 103
8 104
8 107
8 108
8 109
8 111
8 113
8 114
8 116
8 117
8 119
8 120
8 121
8 122
8 126
8 127
8 128
8 132
8 136
8 139
8 141
8 142
8 143
8 144
8 145
8 147
8 148
8 150
8 156
8 157
8 158
8 162
8 163
8 166
8 167
8 170
8 171
8 176
8 177
8 181
8 183
8 184
8 185
8 186
9 10
9 11
9 16
9 17
9 19
9 20
9 21
9 23
9 24
9 25
9 26
9 27
9 28
9 29
9 30
9 34
9 35
9 36
9 37
9 39
9 40
9 42
9 43
9 46
9 51
9 52
9 53
9 55
9 56
9 57
9 59
9 61
9 62
9 63
9 64
9 66
9 67
9 71
9 72
9 74
9 77
9 81
9 83
9 84
9 85
9 86
9 87
9 89
9 90
9 91
9 92
9 93
9 95
9 98
9 107
9 109
9 111
9 112
9 113
9 115
9 119
9 121
9 126
9 127
9 129
9 130
9 133
9 134
9 138
9 139
9 140
9 141
9 144
9 146
9 148
9 150
9 151
9 153
9 154
9 158
9 159
9 160
9 162
9 164
9 165
9 166
9 169
9 170
9 172
9 173
9 176
9 177
9 179
9 184
9 185
9 186
10 11
10 14
10 15
10 17
10 19
10 20
10 21
10 23
10 27
10 29
10 31
10 32
10 33
10 34
10 35
10 39
10 41
10 42
10 43
10 44
10 50
10 52
10 53
10 54
10 55
10 60
10 62
10 63
10 64
10 65
10 66
10 67
10 70
10 74
10 75
10 76
10 79
10 80
10 81
10 83
10 84
10 86
10 87
10 90
10 91
10 93
10 94
10 95
10 96
10 97
10 98
10 99
10 100
10 102
10 103
10 108
10 110
10 111
10 114
10 117
10 118
10 119
10 120
10 121
10 122
10 123
10 125
10 126
10 127
10 128
10 131
10 132
10 133
10 134
10 136
10 139
10 140
10 141
10 143
10 144
10 145
10 146
10 148
10 152
10 154
10 155
10 157
10 158
10 159
10 161
10 163
10 164
10 165
10 166
10 167
10 168
10 169
10 170
10 171
10 172
10 177
10 179
10 181
10 182
10 183
10 187
11 12
11 14
11 17
11 18
11 20
11 22
11 23
11 26
11 27
11 29
11 30
11 32
11 33
11 34
11 35
11 36
11 37
11 38
11 39
11 40
11 42
11 44
11 46
11 47
11 48
11 49
11 50
11 52
11 54
11 56
11 58
11 64
11 65
11 67
11 70
11 77
11 79
11 81
11 82
11 83
11 84
11 85
11 86
11 88
11 89
11 90
11 91
11 92
11 93
11 97
11 101
11 102
11 103
11 105
11 108
11 110
11 112
11 113
11 114
11 115
11 117
11 118
11 123
11 125
11 129
11 131
11 133
11 134
11 137
11 139
11 140
11 143
11 144
11 146
11 147
11 148
11 149
11 152
11 156
11 158
11 160
11 163
11 164
11 165
11 166
11 168
11 170
11 172
11 173
11 175
11 176
11 177
11 179
11 180
11 181
11 183
12 13
12 14
12 16
12 17
12 18
12 19
12 27
12 29
12 31
12 32
12 34
12 36
12 37
12 40
12 41
12 42
12 43
12 44
12 45
12 46
12 47
12 49
12 50
12 51
12 53
12 56
12 58
12 60
12 64
12 65
12 67
12 68
12 72
12 73
12 74
12 75
12 76
12 78
12 79
12 81
12 82
12 83
12 85
12 88
12 89
12 93
12 94
12 96
12 99
12 100
12 101
12 103
12 104
12 105
12 106
12 108
12 110
12 112
12 113
12 114
12 115
12 116
12 119
12 121
12 123
12 124
12 125
12 126
12 128
12 129
12 130
12 131
12 134
12 135
12 136
12 139
12 142
12 143
12 144
12 145
12 146
12 149
12 152
12 154
12 155
12 158
12 162
12 164
12 166
12 167
12 169
12 171
12 172
12 174
12 175
12 179
12 181
12 184
12 186
13 15
13 17
13 18
13 20
13 22
13 23
13 25
13 26
13 28
13 29
13 30
13 31
13 33
13 34
13 35
13 36
13 37
13 40
13 42
13 45
13 46
13 48
13 49
13 50
13 51
13 55
13 56
13 57
13 58
13 59
13 60
13 61
13 62
13 63
13 65
13 67
13 68
13 71
13 72
13 75
13 76
13 77
13 78
13 81
13 82
13 83
13 84
13 85
13 86
13 88
13 90
13 91
13 92
13 94
13 97
13 98
13 99
13 102
13 104
13 106
13 107
13 109
13 111
13 113
13 115
13 120
13 121
13 123
13 126
13 128
13 129
13 132
13 133
13 134
13 138
13 140
13 142
13 143
13 145
13 149
13 151
13 152
13 155
13 156
13 157
13 158
13 160
13 161
13 163
13 164
13 165
13 166
13 168
13 169
13 171
13 172
13 173
13 174
13 176
13 180
13 181
13 182
13 184
13 185
13 186
14 16
14 17
14 18
14 24
14 25
14 27
14 28
14 29
14 31
14 33
14 34
14 35
14 36
14 37
14 40
14 43
14 44
14 48
14 49
14 54
14 55
14 56
14 59
14 60
14 61
14 62
14 63
14 64
14 65
14 66
14 67
14 68
14 69
14 71
14 73
14 74
14 75
14 76
14 79
14 81
14 84
14 86
14 87
14 88
14 89
14 90
14 92
14 93
14 95
14 97
14 98
14 99
14 101
14 104
14 105
14 108
14 109
14 112
14 113
14 114
14 115
14 116
14 121
14 122
14 123
14 124
14 127
14 128
14 130
14 131
14 132
14 133
14 134
14 137
14 139
14 140
14 141
14 142
14 143
14 144
14 145
14 147
14 148
14 151
14 153
14 156
14 161
14 162
14 163
14 165
14 167
14 168
14 171
14 174
14 176
14 178
14 179
14 180
14 181
14 182
14 183
15 17
15 18
15 22
15 23
15 24
15 25
15 26
15 28
15 31
15 32
15 33
15 34
15 39
15 40
15 41
15 42
15 44
15 45
15 47
15 48
15 49
15 51
15 53
15 54
15 55
15 57
15 58
15 59
15 60
15 61
15 62
15 63
15 64
15 65
15 66
15 67
15 68
15 69
15 70
15 73
15 75
15 76
15 78
15 79
15 82
15 83
15 84
15 87
15 90
15 91
15 93
15 94
15 96
15 97
15 98
15 99
15 104
15 106
15 107
15 109
15 112
15 113
15 114
15 115
15 118
15 120
15 121
15 122
15 123
15 125
15 126
15 128
15 129
15 130
15 131
15 132
15 133
15 134
15 135
15 137
15 138
15 140
15 141
15 142
15 145
15 146
15 147
15 151
15 155
15 157
15 159
15 162
15 163
15 164
15 165
15 169
15 170
15 171
15 175
15 177
15 182
15 184
16 19
16 20
16 21
16 22
16 23
16 24
16 25
16 26
16 29
16 32
16 33
16 34
16 35
16 36
16 37
16 39
16 40
16 41
16 42
16 43
16 44
16 45
16 46
16 47
16 49
16 51
16 52
16 53
16 55
16 56
16 57
16 59
16 60
16 61
16 62
16 66
16 68
16 69
16 70
16 72
16 74
16 75
16 76
16 79
16 83
16 85
16 86
16 87
16 89
16 91
16 94
16 95
16 96
16 97
16 99
16 103
16 109
16 110
16 111
16 113
16 114
16 115
16 118
16 121
16 123
16 125
16 126
16 127
16 130
16 134
16 135
16 136
16 139
16 140
16 145
16 146
16 148
16 150
16 151
16 153
16 154
16 156
16 157
16 158
16 159
16 162
16 163
16 164
16 165
16 168
16 171
16 172
16 174
16 175
16 176
16 178
16 179
16 180
16 181
16 182
16 184
16 185
16 186
17 18
17 20
17 21
17 22
17 24
17 25
17 26
17 27
17 29
17 30
17 31
17 32
17 34
17 37
17 39
17 40
17 41
17 43
17 46
17 48
17 50
17 53
17 54
17 55
17 58
17 59
17 60
17 63
17 66
17 67
17 68
17 72
17 74
17 76
17 77
17 78
17 79
17 80
17 81
17 83
17 87
17 89
17 90
17 92
17 93
17 95
17 97
17 99
17 100
17 101
17 103
17 104
17 105
17 106
17 107
17 111
17 115
17 116
17 117
17 121
17 123
17 124
17 125
17 126
17 128
17 130
17 131
17 132
17 138
17 140
17 141
17 148
17 153
17 154
17 157
17 159
17 161
17 162
17 163
17 166
17 167
17 169
17 170
17 174
17 176
17 179
17 183
17 184
17 185
17 186
18 21
18 25
18 28
18 30
18 34
18 35
18 36
18 37
18 38
18 39
18 40
18 41
18 42
18 43
18 44
18 45
18 46
18 48
18 50
18 51
18 58
18 60
18 61
18 63
18 64
18 65
18 66
18 67
18 68
18 72
18 73
18 77
18 78
18 81
18 83
18 84
18 86
18 87
18 89
18 91
18 95
18 98
18 99
18 100
18 102
18 103
18 104
18 105
18 106
18 107
18 109
18 111
18 112
18 114
18 116
18 120
18 125
18 126
18 128
18 130
18 131
18 132
18 133
18 134
18 135
18 139
18 144
18 148
18 149
18 151
18 152
18 153
18 155
18 157
18 160
18 161
18 163
18 164
18 166
18 167
18 168
18 171
18 172
18 173
18 174
18 181
18 183
18 184
18 185
18 186
19 20
19 21
19 22
19 23
19 24
19 25
19 28
19 29
19 31
19 34
19 35
19 36
19 37
19 39
19 42
19 43
19 44
19 45
19 46
19 48
19 49
19 50
19 51
19 53
19 54
19 56
19 57
19 58
19 59
19 60
19 64
19 66
19 68
19 70
19 73
19 74
19 75
19 77
19 82
19 83
19 85
19 89
19 91
19 94
19 95
19 97
19 99
19 100
19 101
19 105
19 106
19 108
19 109
19 111
19 112
19 114
19 115
19 116
19 118
19 119
19 120
19 122
19 123
19 124
19 125
19 127
19 128
19 129
19 131
19 132
19 135
19 137
19 138
19 139
19 140
19 141
19 143
19 145
19 147
19 149
19 150
19 151
19 156
19 159
19 161
19 166
19 168
19 170
19 171
19 172
19 178
19 179
19 181
19 186
19 187
20 21
20 22
20 23
20 24
20 25
20 26
20 27
20 28
20 29
20 31
20 33
20 34
20 35
20 36
20 37
20 38
20 41
20 42
20 43
20 44
20 46
20 47
20 49
20 51
20 52
20 53
20 54
20 56
20 59
20 60
20 62
20 65
20 66
20 69
20 72
20 75
20 77
20 78
20 79
20 81
20 82
20 83
20 85
20 86
20 87
20 88
20 89
20 91
20 92
20 93
20 95
20 97
20 98
20 105
20 109
20 110
20 111
20 112
20 113
20 114
20 116
20 118
20 120
20 121
20 126
20 128
20 133
20 134
20 136
20 137
20 140
20 141
20 142
20 145
20 146
20 147
20 148
20 149
20 152
20 153
20 155
20 156
20 157
20 160
20 163
20 166
20 170
20 172
20 174
20 175
20 178
20 181
20 183
20 185
20 186
21 22
21 24
21 25
21 26
21 27
21 28
21 29
21 30
21 33
21 34
21 35
21 36
21 37
21 38
21 41
21 43
21 44
21 45
21 47
21 48
21 50
21 51
21 52
21 54
21 55
21 56
21 58
21 59
21 60
21 61
21 62
21 63
21 65
21 66
21 68
21 69
21 71
21 72
21 74
21 75
21 77
21 81
21 82
21 83
21 85
21 87
21 88
21 90
21 93
21 95
21 96
21 97
21 99
21 100
21 101
21 103
21 104
21 106
21 107
21 108
21 110
21 111
21 115
21 116
21 118
21 119
21 122
21 123
21 124
21 127
21 128
21 129
21 135
21 136
21 138
21 139
21 140
21 143
21 144
21 146
21 147
21 148
21 150
21 152
21 155
21 158
21 159
21 161
21 164
21 165
21 166
21 167
21 169
21 175
21 176
21 178
21 179
21 181
21 182
21 183
21 184
21 185
21 186
21 187
22 25
22 27
22 30
22 32
22 33
22 34
22 35
22 36
22 37
22 38
22 39
22 40
22 41
22 43
22 46
22 49
22 50
22 51
22 52
22 53
22 55
22 57
22 60
22 64
22 65
22 67
22 71
22 73
22 74
22 78
22 80
22 83
22 85
22 86
22 87
22 89
22 90
22 97
22 101
22 103
22 104
22 106
22 107
22 108
22 109
22 110
22 112
22 113
22 115
22 116
22 119
22 120
22 121
22 122
22 124
22 125
22 126
22 128
22 131
22 133
22 134
22 135
22 137
22 138
22 142
22 143
22 144
22 145
22 147
22 148
22 149
22 154
22 155
22 156
22 162
22 163
22 167
22 171
22 172
22 173
22 174
22 175
22 176
22 178
22 180
22 181
22 185
22 186
23 24
23 26
23 28
23 29
23 34
23 35
23 38
23 39
23 40
23 43
23 45
23 46
23 48
23 50
23 51
23 53
23 55
23 56
23 58
23 59
23 61
23 63
23 64
23 65
23 67
23 69
23 71
23 72
23 73
23 74
23 75
23 76
23 77
23 78
23 79
23 80
23 82
23 84
23 86
23 87
23 88
23 89
23 96
23 97
23 99
23 100
23 101
23 103
23 105
23 108
23 111
23 114
23 115
23 117
23 118
23 119
23 121
23 122
23 124
23 125
23 126
23 127
23 128
23 129
23 130
23 131
23 132
23 133
23 134
23 135
23 137
23 138
23 139
23 140
23 142
23 143
23 144
23 145
23 146
23 147
23 148
23 149
23 150
23 151
23 152
23 153
23 154
23 155
23 157
23 159
23 160
23 163
23 164
23 167
23 168
23 172
23 173
23 175
23 176
23 178
23 181
23 183
23 184
24 25
24 26
24 28
24 29
24 30
24 33
24 34
24 35
24 36
24 37
24 38
24 39
24 41
24 43
24 46
24 47
24 51
24 52
24 53
24 55
24 56
24 57
24 58
24 60
24 61
24 63
24 65
24 66
24 67
24 71
24 73
24 77
24 78
24 79
24 81
24 83
24 87
24 88
24 93
24 95
24 96
24 97
24 98
24 99
24 101
24 102
24 104
24 106
24 111
24 112
24 113
24 115
24 116
24 118
24 119
24 120
24 124
24 125
24 126
24 127
24 131
24 132
24 133
24 138
24 139
24 140
24 143
24 144
24 145
24 146
24 148
24 150
24 152
24 156
24 157
24 158
24 159
24 160
24 161
24 162
24 163
24 165
24 166
24 167
24 169
24 170
24 171
24 173
24 174
24 178
24 179
24 180
24 181
24 182
24 187
25 26
25 27
25 29
25 30
25 35
25 37
25 40
25 41
25 45
25 46
25 47
25 48
25 50
25 51
25 53
25 54
25 55
25 57
25 58
25 59
25 61
25 62
25 63
25 65
25 67
25 68
25 70
25 71
25 75
25 76
25 80
25 84
25 86
25 87
25 90
25 91
25 92
25 93
25 94
25 95
25 96
25 98
25 99
25 100
25 101
25 102
25 103
25 106
25 110
25 111
25 112
25 113
25 114
25 117
25 118
25 120
25 121
25 122
25 124
25 126
25 129
25 131
25 132
25 136
25 137
25 139
25 141
25 144
25 145
25 146
25 147
25 148
25 149
25 151
25 156
25 158
25 160
25 166
25 167
25 169
25 170
25 172
25 173
25 175
25 176
25 177
25 180
25 181
25 183
25 185
25 187
26 27
26 30
26 31
26 32
26 35
26 36
26 37
26 39
26 40
26 41
26 44
26 45
26 47
26 48
26 50
26 51
26 52
26 57
26 58
26 59
26 60
26 61
26 64
26 66
26 69
26 70
26 72
26 73
26 74
26 79
26 81
26 82
26 83
26 84
26 85
26 87
26 88
26 90
26 92
26 93
26 96
26 97
26 98
26 101
26 103
26 104
26 105
26 107
26 110
26 111
26 113
26 114
26 115
26 119
26 121
26 128
26 129
26 130
26 131
26 132
26 137
26 142
26 143
26 145
26 146
26 147
26 148
26 150
26 152
26 153
26 154
26 155
26 156
26 159
26 160
26 161
26 162
26 166
26 169
26 171
26 172
26 173
26 175
26 177
26 178
26 179
26 180
26 182
26 186
27 28
27 29
27 30
27 31
27 32
27 34
27 36
27 38
27 40
27 42
27 43
27 44
27 50
27 53
27 55
27 56
27 57
27 59
27 65
27 66
27 67
27 68
27 69
27 71
27 72
27 76
27 77
27 79
27 82
27 83
27 84
27 90
27 91
27 92
27 93
27 94
27 95
27 96
27 100
27 102
27 103
27 107
27 111
27 112
27 115
27 117
27 118
27 120
27 121
27 124
27 127
27 130
27 131
27 132
27 133
27 134
27 136
27 138
27 139
27 141
27 142
27 143
27 148
27 151
27 156
27 157
27 158
27 159
27 161
27 162
27 163
27 165
27 170
27 172
27 174
27 176
27 177
27 178
27 180
27 181
27 182
27 183
27 184
27 186
28 29
28 30
28 32
28 33
28 34
28 35
28 36
28 37
28 39
28 41
28 43
28 44
28 45
28 48
28 49
28 52
28 59
28 60
28 63
28 67
28 68
28 69
28 71
28 74
28 76
28 79
28 81
28 83
28 84
28 85
28 86
28 87
28 88
28 89
28 90
28 92
28 93
28 94
28 95
28 96
28 97
28 99
28 100
28 102
28 103
28 105
28 106
28 107
28 109
28 111
28 112
28 113
28 115
28 117
28 120
28 122
28 124
28 126
28 128
28 129
28 130
28 132
28 133
28 134
28 136
28 138
28 140
28 142
28 143
28 145
28 146
28 149
28 151
28 152
28 158
28 159
28 160
28 165
28 166
28 167
28 171
28 173
28 174
28 176
28 178
28 179
28 182
28 184
28 185
29 30
29 31
29 33
29 35
29 43
29 46
29 47
29 48
29 49
29 50
29 51
29 54
29 56
29 58
29 61
29 62
29 63
29 64
29 66
29 67
29 68
29 70
29 74
29 75
29 76
29 78
29 79
29 81
29 83
29 87
29 88
29 89
29 90
29 91
29 93
29 97
29 98
29 100
29 102
29 104
29 107
29 108
29 110
29 113
29 116
29 118
29 119
29 120
29 123
29 125
29 128
29 129
29 131
29 132
29 133
29 135
29 137
29 142
29 144
29 147
29 149
29 150
29 159
29 161
29 163
29 164
29 166
29 167
29 168
29 170
29 172
29 173
29 174
29 175
29 176
29 178
29 184
29 187
30 31
30 32
30 34
30 35
30 38
30 40
30 41
30 42
30 43
30 45
30 46
30 48
30 49
30 50
30 51
30 52
30 54
30 56
30 57
30 58
30 61
30 62
30 63
30 64
30 66
30 67
30 68
30 69
30 70
30 71
30 75
30 77
30 79
30 81
30 82
30 83
30 88
30 90
30 91
30 92
30 96
30 98
30 99
30 101
30 102
30 104
30 105
30 108
30 109
30 111
30 116
30 117
30 122
30 124
30 127
30 129
30 131
30 132
30 134
30 136
30 138
30 139
30 142
30 143
30 147
30 152
30 155
30 156
30 157
30 158
30 159
30 160
30 161
30 166
30 168
30 171
30 174
30 175
30 176
30 178
30 186
30 187
31 32
31 34
31 35
31 36
31 37
31 39
31 40
31 42
31 46
31 48
31 52
31 57
31 58
31 61
31 64
31 65
31 66
31 68
31 69
31 70
31 72
31 75
31 76
31 77
31 78
31 81
31 83
31 86
31 87
31 90
31 92
31 95
31 96
31 97
31 98
31 99
31 100
31 101
31 102
31 103
31 104
31 105
31 110
31 111
31 112
31 114
31 117
31 119
31 121
31 122
31 123
31 128
31 130
31 132
31 135
31 140
31 142
31 143
31 144
31 146
31 147
31 149
31 150
31 151
31 152
31 153
31 155
31 157
31 159
31 160
31 162
31 163
31 166
31 167
31 168
31 170
31 171
31 174
31 177
31 178
31 179
31 182
31 183
31 184
31 187
32 34
32 35
32 36
32 38
32 39
32 43
32 50
32 51
32 52
32 53
32 54
32 56
32 58
32 59
32 60
32 61
32 62
32 63
32 64
32 65
32 66
32 67
32 69
32 73
32 74
32 76
32 78
32 79
32 86
32 87
32 89
32 90
32 91
32 92
32 93
32 94
32 95
32 96
32 97
32 99
32 102
32 104
32 105
32 106
32 109
32 110
32 112
32 113
32 114
32 116
32 117
32 119
32 122
32 123
32 126
32 128
32 129
32 131
32 134
32 135
32 136
32 138
32 140
32 141
32 142
32 143
32 145
32 146
32 147
32 152
32 153
32 157
32 158
32 159
32 161
32 162
32 163
32 164
32 165
32 167
32 171
32 173
32 174
32 176
32 177
32 178
32 182
32 186
32 187
33 34
33 35
33 36
33 38
33 39
33 42
33 43
33 44
33 45
33 47
33 49
33 54
33 59
33 60
33 61
33 63
33 64
33 66
33 67
33 70
33 71
33 72
33 73
33 75
33 78
33 79
33 80
33 81
33 83
33 84
33 85
33 87
33 88
33 90
33 92
33 94
33 95
33 96
33 97
33 98
33 99
33 100
33 101
33 102
33 103
33 105
33 108
33 110
33 114
33 115
33 117
33 119
33 120
33 123
33 124
33 126
33 128
33 129
33 130
33 131
33 133
33 136
33 137
33 139
33 140
33 141
33 146
33 149
33 151
33 152
33 153
33 154
33 156
33 159
33 160
33 162
33 163
33 164
33 167
33 168
33 171
33 172
33 175
33 176
33 177
33 179
33 180
33 181
33 182
33 186
34 36
34 37
34 38
34 39
34 40
34 41
34 44
34 45
34 46
34 47
34 48
34 50
34 52
34 53
34 54
34 56
34 57
34 58
34 64
34 65
34 66
34 67
34 69
34 70
34 72
34 73
34 75
34 76
34 78
34 80
34 81
34 82
34 85
34 89
34 92
34 100
34 102
34 103
34 109
34 111
34 112
34 115
34 116
34 117
34 123
34 125
34 126
34 130
34 131
34 132
34 135
34 138
34 139
34 141
34 142
34 144
34 148
34 149
34 150
34 153
34 155
34 156
34 157
34 160
34 161
34 167
34 169
34 171
34 173
34 174
34 178
34 179
34 180
34 182
34 183
34 186
35 37
35 38
35 39
35 43
35 44
35 45
35 48
35 49
35 50
35 51
35 52
35 53
35 54
35 55
35 56
35 58
35 60
35 61
35 63
35 67
35 68
35 69
35 70
35 71
35 72
35 73
35 74
35 76
35 77
35 78
35 80
35 83
35 85
35 89
35 92
35 93
35 94
35 97
35 98
35 103
35 105
35 107
35 109
35 110
35 111
35 113
35 114
35 118
35 120
35 121
35 123
35 124
35 125
35 127
35 131
35 133
35 136
35 137
35 138
35 139
35 141
35 145
35 146
35 148
35 150
35 152
35 154
35 158
35 162
35 163
35 164
35 165
35 166
35 169
35 172
35 174
35 175
35 176
35 177
35 178
35 183
35 184
35 185
35 187
36 39
36 40
36 42
36 44
36 46
36 47
36 48
36 58
36 61
36 62
36 63
36 64
36 65
36 69
36 70
36 71
36 72
36 74
36 75
36 77
36 78
36 80
36 81
36 82
36 87
36 89
36 90
36 91
36 92
36 94
36 95
36 98
36 102
36 103
36 106
36 110
36 111
36 114
36 119
36 120
36 121
36 122
36 123
36 124
36 127
36 128
36 132
36 134
36 137
36 138
36 139
36 141
36 142
36 143
36 149
36 151
36 154
36 156
36 158
36 160
36 162
36 164
36 165
36 170
36 173
36 175
36 176
36 177
36 178
36 179
36 181
36 182
36 184
36 186
37 40
37 41
37 44
37 48
37 49
37 50
37 51
37 53
37 55
37 58
37 62
37 63
37 68
37 69
37 73
37 75
37 76
37 78
37 80
37 81
37 82
37 83
37 84
37 85
37 86
37 89
37 91
37 93
37 94
37 95
37 100
37 101
37 103
37 105
37 107
37 109
37 111
37 112
37 114
37 117
37 118
37 119
37 121
37 124
37 125
37 126
37 129
37 133
37 135
37 136
37 137
37 138
37 140
37 142
37 143
37 144
37 145
37 150
37 151
37 153
37 156
37 157
37 158
37 159
37 160
37 161
37 162
37 163
37 165
37 166
37 168
37 169
37 172
37 173
37 175
37 176
37 177
37 180
37 182
37 183
37 185
37 186
38 39
38 40
38 41
38 42
38 43
38 44
38 45
38 47
38 48
38 51
38 53
38 57
38 58
38 59
38 62
38 65
38 67
38 68
38 70
38 71
38 72
38 74
38 76
38 77
38 78
38 79
38 80
38 87
38 88
38 92
38 93
38 94
38 100
38 101
38 103
38 104
38 105
38 106
38 108
38 109
38 110
38 111
38 112
38 113
38 115
38 116
38 117
38 118
38 119
38 120
38 121
38 122
38 123
38 124
38 125
38 131
38 133
38 134
38 135
38 138
38 143
38 146
38 147
38 149
38 151
38 156
38 160
38 161
38 165
38 169
38 170
38 176
38 178
38 179
38 181
38 182
38 183
38 184
38 187
39 40
39 41
39 43
39 47
39 49
39 50
39 52
39 53
39 57
39 59
39 62
39 64
39 66
39 67
39 70
39 72
39 74
39 77
39 79
39 80
39 81
39 82
39 83
39 84
39 85
39 87
39 88
39 90
39 91
39 93
39 94
39 98
39 100
39 103
39 104
39 105
39 106
39 107
39 108
39 109
39 110
39 111
39 112
39 113
39 118
39 122
39 125
39 126
39 127
39 129
39 130
39 131
39 133
39 134
39 135
39 139
39 141
39 145
39 149
39 150
39 151
39 153
39 154
39 155
39 159
39 162
39 163
39 169
39 170
39 171
39 172
39 174
39 177
39 178
39 179
39 180
39 182
39 183
39 184
39 185
39 187
40 41
40 42
40 43
40 44
40 45
40 47
40 48
40 50
40 51
40 53
40 55
40 56
40 57
40 59
40 60
40 61
40 62
40 66
40 68
40 70
40 72
40 73
40 74
40 75
40 77
40 78
40 80
40 82
40 84
40 86
40 87
40 89
40 90
40 94
40 95
40 97
40 98
40 99
40 100
40 102
40 105
40 107
40 108
40 109
40 110
40 112
40 113
40 114
40 115
40 122
40 123
40 125
40 127
40 128
40 129
40 131
40 136
40 137
40 141
40 142
40 144
40 145
40 146
40 149
40 150
40 154
40 156
40 157
40 160
40 162
40 169
40 171
40 173
40 175
40 176
40 182
40 183
40 184
40 187
41 43
41 44
41 45
41 47
41 48
41 49
41 51
41 52
41 53
41 54
41 55
41 57
41 58
41 59
41 60
41 61
41 63
41 64
41 65
41 70
41 71
41 72
41 73
41 74
41 75
41 81
41 84
41 85
41 89
41 91
41 96
41 97
41 98
41 101
41 102
41 106
41 108
41 109
41 110
41 113
41 114
41 116
41 118
41 119
41 120
41 121
41 126
41 127
41 128
41 132
41 133
41 134
41 136
41 137
41 138
41 139
41 140
41 145
41 150
41 151
41 154
41 155
41 158
41 161
41 164
41 166
41 167
41 169
41 171
41 176
41 179
41 181
41 182
41 183
42 43
42 44
42 45
42 46
42 47
42 49
42 51
42 54
42 58
42 59
42 61
42 62
42 65
42 67
42 70
42 71
42 72
42 73
42 74
42 78
42 80
42 81
42 82
42 86
42 89
42 93
42 95
42 99
42 102
42 103
42 105
42 106
42 108
42 109
42 112
42 114
42 115
42 117
42 118
42 120
42 122
42 123
42 125
42 127
42 130
42 134
42 135
42 137
42 140
42 142
42 143
42 144
42 145
42 147
42 150
42 151
42 152
42 153
42 154
42 155
42 157
42 158
42 159
42 166
42 167
42 169
42 171
42 172
42 173
42 174
42 175
42 177
42 180
42 181
42 182
42 184
42 185
42 186
42 187
43 47
43 49
43 51
43 53
43 55
43 59
43 62
43 64
43 66
43 67
43 68
43 69
43 70
43 71
43 73
43 74
43 76
43 77
43 78
43 81
43 84
43 86
43 87
43 88
43 89
43 90
43 94
43 95
43 96
43 97
43 98
43 99
43 104
43 106
43 107
43 108
43 110
43 112
43 113
43 115
43 117
43 118
43 121
43 122
43 124
43 126
43 128
43 129
43 130
43 131
43 136
43 137
43 139
43 140
43 141
43 142
43 144
43 145
43 146
43 147
43 151
43 154
43 159
43 160
43 161
43 162
43 167
43 171
43 172
43 174
43 176
43 178
43 183
43 185
43 186
43 187
44 45
44 47
44 48
44 49
44 50
44 51
44 52
44 53
44 55
44 58
44 60
44 68
44 69
44 75
44 76
44 78
44 80
44 81
44 82
44 85
44 86
44 87
44 88
44 89
44 93
44 96
44 97
44 102
44 103
44 104
44 106
44 109
44 112
44 114
44 116
44 117
44 119
44 121
44 123
44 124
44 125
44 126
44 127
44 128
44 134
44 142
44 145
44 146
44 148
44 149
44 150
44 151
44 157
44 158
44 160
44 161
44 162
44 164
44 165
44 167
44 170
44 173
44 174
44 176
44 177
44 179
44 181
44 182
44 183
44 184
44 185
44 186
45 48
45 49
45 51
45 55
45 56
45 57
45 58
45 60
45 61
45 62
45 64
45 65
45 66
45 67
45 70
45 73
45 74
45 75
45 76
45 79
45 83
45 84
45 85
45 87
45 90
45 91
45 92
45 93
45 95
45 98
45 100
45 101
45 102
45 103
45 104
45 105
45 106
45 107
45 108
45 111
45 113
45 117
45 118
45 120
45 121
45 123
45 124
45 127
45 128
45 131
45 132
45 133
45 134
45 136
45 137
45 138
45 139
45 141
45 143
45 145
45 146
45 147
45 148
45 150
45 151
45 154
45 155
45 156
45 164
45 165
45 166
45 169
45 170
45 172
45 176
45 178
45 179
45 181
45 183
45 185
45 187
46 49
46 50
46 53
46 54
46 55
46 56
46 59
46 60
46 61
46 62
46 63
46 64
46 67
46 68
46 69
46 70
46 71
46 72
46 74
46 78
46 84
46 85
46 87
46 88
46 89
46 90
46 92
46 95
46 100
46 101
46 102
46 104
46 109
46 112
46 113
46 114
46 116
46 121
46 122
46 129
46 131
46 133
46 135
46 137
46 141
46 142
46 146
46 149
46 152
46 154
46 158
46 160
46 161
46 163
46 164
46 165
46 166
46 168
46 169
46 171
46 173
46 174
46 176
46 177
46 179
46 180
46 181
46 182
46 184
46 186
46 187
47 48
47 49
47 50
47 51
47 55
47 59
47 61
47 62
47 63
47 64
47 65
47 66
47 69
47 71
47 75
47 76
47 78
47 79
47 80
47 82
47 85
47 86
47 87
47 88
47 90
47 91
47 93
47 96
47 97
47 100
47 101
47 102
47 103
47 104
47 106
47 107
47 108
47 110
47 111
47 114
47 116
47 119
47 120
47 122
47 123
47 126
47 130
47 131
47 135
47 136
47 138
47 141
47 142
47 143
47 145
47 146
47 147
47 148
47 149
47 155
47 156
47 158
47 159
47 162
47 165
47 166
47 168
47 171
47 172
47 173
47 174
47 178
47 181
47 182
47 185
47 186
48 51
48 53
48 54
48 55
48 58
48 59
48 60
48 61
48 62
48 66
48 72
48 74
48 81
48 82
48 83
48 84
48 87
48 90
48 93
48 96
48 99
48 100
48 101
48 102
48 103
48 104
48 105
48 109
48 110
48 111
48 113
48 114
48 117
48 118
48 120
48 121
48 122
48 124
48 125
48 126
48 129
48 130
48 131
48 132
48 133
48 134
48 136
48 139
48 140
48 143
48 144
48 145
48 146
48 148
48 150
48 152
48 153
48 159
48 161
48 162
48 165
48 166
48 170
48 171
48 172
48 174
48 177
48 179
48 187
49 52
49 53
49 55
49 58
49 62
49 64
49 65
49 66
49 68
49 69
49 72
49 73
49 75
49 76
49 77
49 78
49 80
49 81
49 83
49 85
49 88
49 89
49 90
49 93
49 99
49 102
49 104
49 108
49 110
49 113
49 114
49 115
49 116
49 117
49 122
49 123
49 124
49 125
49 128
49 129
49 130
49 131
49 132
49 134
49 135
49 136
49 137
49 139
49 140
49 153
49 155
49 156
49 157
49 161
49 162
49 163
49 164
49 166
49 167
49 172
49 173
49 177
49 178
49 179
49 181
49 183
49 185
49 186
49 187
50 52
50 53
50 54
50 55
50 56
50 58
50 59
50 60
50 63
50 65
50 66
50 67
50 68
50 72
50 73
50 74
50 75
50 80
50 81
50 82
50 83
50 84
50 86
50 87
50 88
50 90
50 95
50 96
50 97
50 98
50 99
50 102
50 104
50 105
50 106
50 108
50 113
50 114
50 115
50 119
50 120
50 121
50 126
50 131
50 133
50 134
50 136
50 138
50 139
50 142
50 144
50 145
50 146
50 147
50 148
50 150
50 151
50 152
50 153
50 155
50 156
50 160
50 161
50 162
50 164
50 166
50 167
50 174
50 175
50 178
50 180
50 181
50 184
50 185
50 186
50 187
51 54
51 57
51 58
51 66
51 67
51 68
51 69
51 70
51 71
51 72
51 74
51 75
51 77
51 83
51 88
51 89
51 90
51 91
51 93
51 96
51 97
51 98
51 99
51 101
51 103
51 104
51 105
51 106
51 107
51 110
51 112
51 114
51 115
51 116
51 118
51 119
51 122
51 124
51 126
51 127
51 128
51 129
51 130
51 132
51 134
51 136
51 139
51 140
51 142
51 146
51 148
51 149
51 151
51 152
51 153
51 154
51 155
51 161
51 162
51 166
51 167
51 174
51 176
51 177
51 179
51 185
51 186
52 53
52 54
52 55
52 56
52 57
52 58
52 59
52 61
52 62
52 65
52 67
52 68
52 69
52 71
52 72
52 75
52 76
52 78
52 79
52 80
52 81
52 85
52 88
52 89
52 92
52 93
52 94
52 95
52 96
52 97
52 100
52 101
52 107
52 108
52 109
52 110
52 115
52 118
52 119
52 120
52 121
52 122
52 123
52 125
52 127
52 129
52 131
52 133
52 134
52 135
52 137
52 138
52 140
52 143
52 146
52 147
52 152
52 153
52 154
52 155
52 158
52 159
52 165
52 169
52 171
52 175
52 176
52 179
52 180
52 181
52 184
52 185
52 187
53 54
53 55
53 56
53 57
53 60
53 61
53 62
53 63
53 64
53 65
53 68
53 69
53 71
53 76
53 77
53 78
53 82
53 84
53 85
53 86
53 87
53 90
53 91
53 92
53 93
53 95
53 97
53 101
53 102
53 103
53 104
53 107
53 110
53 111
53 112
53 113
53 114
53 115
53 118
53 119
53 120
53 121
53 123
53 124
53 125
53 128
53 130
53 132
53 133
53 135
53 136
53 138
53 139
53 140
53 141
53 145
53 148
53 149
53 152
53 155
53 156
53 157
53 161
53 162
53 163
53 173
53 176
53 178
53 179
53 180
53 182
53 185
53 187
54 56
54 57
54 58
54 59
54 61
54 62
54 63
54 65
54 67
54 68
54 70
54 71
54 78
54 80
54 81
54 82
54 84
54 85
54 86
54 88
54 89
54 93
54 94
54 96
54 97
54 98
54 99
54 100
54 101
54 102
54 104
54 108
54 110
54 113
54 114
54 121
54 123
54 124
54 128
54 131
54 132
54 133
54 136
54 138
54 140
54 143
54 144
54 146
54 147
54 148
54 149
54 152
54 153
54 154
54 157
54 161
54 162
54 163
54 165
54 167
54 169
54 170
54 172
54 175
54 176
54 178
54 180
54 181
54 183
54 185
54 187
55 56
55 57
55 58
55 61
55 63
55 64
55 65
55 67
55 68
55 71
55 72
55 74
55 77
55 79
55 82
55 84
55 87
55 88
55 89
55 93
55 95
55 100
55 102
55 103
55 104
55 105
55 106
55 107
55 108
55 111
55 112
55 113
55 114
55 117
55 118
55 119
55 121
55 125
55 127
55 128
55 131
55 133
55 135
55 136
55 137
55 140
55 142
55 148
55 153
55 157
55 159
55 160
55 161
55 165
55 168
55 169
55 170
55 174
55 176
55 178
55 180
55 181
55 184
56 57
56 60
56 64
56 67
56 68
56 69
56 73
56 75
56 78
56 79
56 82
56 84
56 87
56 89
56 91
56 92
56 93
56 94
56 95
56 98
56 100
56 101
56 102
56 106
56 108
56 113
56 114
56 115
56 116
56 117
56 121
56 124
56 125
56 126
56 129
56 136
56 138
56 139
56 141
56 142
56 143
56 146
56 147
56 148
56 152
56 155
56 156
56 159
56 160
56 164
56 166
56 167
56 168
56 169
56 173
56 174
56 175
56 176
56 177
56 179
56 180
56 183
57 61
57 62
57 63
57 64
57 68
57 71
57 72
57 73
57 74
57 76
57 77
57 78
57 79
57 80
57 81
57 82
57 84
57 85
57 88
57 91
57 93
57 95
57 97
57 98
57 99
57 100
57 106
57 108
57 109
57 110
57 111
57 112
57 113
57 115
57 117
57 118
57 120
57 121
57 125
57 126
57 127
57 128
57 130
57 132
57 133
57 135
57 136
57 138
57 141
57 142
57 144
57 147
57 151
57 153
57 155
57 158
57 161
57 163
57 164
57 169
57 170
57 171
57 172
57 174
57 176
57 177
57 180
57 183
57 184
57 185
57 186
57 187
58 60
58 61
58 62
58 63
58 64
58 65
58 68
58 69
58 70
58 71
58 72
58 73
58 75
58 76
58 78
58 79
58 80
58 81
58 83
58 84
58 87
58 89
58 90
58 93
58 94
58 95
58 96
58 97
58 98
58 100
58 102
58 104
58 105
58 108
58 113
58 115
58 117
58 120
58 124
58 127
58 129
58 130
58 131
58 133
58 135
58 137
58 138
58 142
58 143
58 145
58 146
58 147
58 153
58 154
58 157
58 158
58 159
58 160
58 161
58 164
58 170
58 171
58 174
58 177
58 179
58 180
58 182
58 185
58 186
59 61
59 62
59 63
59 65
59 68
59 70
59 71
59 73
59 74
59 76
59 77
59 78
59 81
59 84
59 85
59 88
59 89
59 90
59 93
59 94
59 95
59 96
59 99
59 101
59 103
59 106
59 107
59 109
59 110
59 111
59 112
59 114
59 116
59 118
59 122
59 123
59 124
59 125
59 128
59 130
59 131
59 132
59 133
59 138
59 140
59 142
59 144
59 145
59 149
59 152
59 156
59 157
59 160
59 162
59 166
59 167
59 168
59 169
59 171
59 172
59 177
59 178
59 179
59 180
59 183
59 184
59 185
60 61
60 63
60 64
60 65
60 69
60 70
60 72
60 73
60 74
60 78
60 79
60 81
60 82
60 83
60 84
60 85
60 87
60 91
60 94
60 96
60 97
60 99
60 100
60 104
60 107
60 109
60 111
60 116
60 118
60 121
60 122
60 123
60 125
60 126
60 128
60 129
60 131
60 133
60 134
60 136
60 139
60 140
60 142
60 149
60 150
60 152
60 155
60 156
60 157
60 159
60 160
60 163
60 165
60 169
60 170
60 172
60 173
60 174
60 175
60 178
60 179
60 182
60 184
60 185
60 186
60 187
61 63
61 65
61 66
61 70
61 74
61 75
61 79
61 81
61 83
61 84
61 86
61 87
61 89
61 91
61 92
61 93
61 94
61 97
61 99
61 102
61 103
61 105
61 106
61 108
61 109
61 110
61 111
61 112
61 113
61 116
61 117
61 118
61 121
61 123
61 124
61 127
61 130
61 136
61 137
61 139
61 140
61 143
61 146
61 148
61 151
61 152
61 155
61 159
61 162
61 164
61 167
61 170
61 172
61 173
61 174
61 175
61 177
61 181
61 184
61 187
62 64
62 66
62 67
62 68
62 71
62 72
62 75
62 77
62 78
62 80
62 84
62 87
62 88
62 90
62 91
62 92
62 93
62 94
62 98
62 103
62 104
62 107
62 108
62 109
62 111
62 112
62 113
62 114
62 115
62 117
62 118
62 120
62 121
62 122
62 124
62 125
62 126
62 130
62 131
62 132
62 137
62 138
62 140
62 142
62 146
62 147
62 151
62 156
62 157
62 158
62 159
62 163
62 164
62 165
62 167
62 170
62 172
62 173
62 174
62 178
62 179
62 180
62 181
62 182
62 185
62 186
62 187
63 64
63 65
63 66
63 67
63 68
63 69
63 70
63 71
63 73
63 74
63 75
63 76
63 77
63 79
63 80
63 81
63 86
63 87
63 90
63 92
63 94
63 95
63 96
63 97
63 100
63 102
63 104
63 107
63 108
63 109
63 110
63 111
63 112
63 113
63 114
63 117
63 120
63 125
63 132
63 134
63 135
63 139
63 140
63 141
63 142
63 146
63 147
63 148
63 150
63 152
63 153
63 157
63 159
63 160
63 164
63 165
63 166
63 168
63 169
63 170
63 171
63 178
63 179
63 180
63 183
63 186
64 66
64 67
64 68
64 69
64 70
64 71
64 72
64 75
64 78
64 79
64 81
64 85
64 86
64 88
64 92
64 93
64 96
64 98
64 100
64 102
64 105
64 106
64 108
64 109
64 110
64 111
64 117
64 118
64 119
64 121
64 122
64 123
64 124
64 126
64 127
64 130
64 132
64 133
64 138
64 139
64 141
64 144
64 145
64 146
64 147
64 148
64 149
64 150
64 151
64 152
64 153
64 154
64 158
64 161
64 163
64 169
64 172
64 177
64 179
64 180
64 185
64 186
65 69
65 70
65 71
65 72
65 73
65 75
65 76
65 78
65 79
65 80
65 82
65 84
65 85
65 86
65 87
65 89
65 91
65 92
65 93
65 94
65 95
65 98
65 99
65 101
65 104
65 112
65 113
65 116
65 118
65 119
65 120
65 122
65 123
65 125
65 126
65 128
65 129
65 131
65 133
65 134
65 135
65 136
65 137
65 142
65 143
65 149
65 158
65 159
65 162
65 163
65 168
65 169
65 170
65 172
65 177
65 178
65 179
65 181
65 183
66 68
66 70
66 71
66 74
66 76
66 79
66 81
66 83
66 84
66 85
66 88
66 90
66 91
66 93
66 94
66 95
66 98
66 101
66 104
66 107
66 109
66 113
66 118
66 120
66 121
66 122
66 124
66 125
66 131
66 132
66 137
66 138
66 139
66 140
66 141
66 142
66 145
66 146
66 147
66 148
66 149
66 150
66 152
66 153
66 154
66 156
66 157
66 161
66 162
66 164
66 167
66 168
66 169
66 170
66 171
66 177
66 179
66 183
67 72
67 73
67 74
67 75
67 76
67 77
67 79
67 82
67 83
67 85
67 86
67 87
67 90
67 91
67 92
67 93
67 98
67 99
67 100
67 101
67 104
67 106
67 108
67 110
67 116
67 117
67 119
67 121
67 122
67 123
67 124
67 128
67 130
67 133
67 134
67 135
67 138
67 139
67 141
67 147
67 148
67 150
67 153
67 157
67 158
67 163
67 167
67 169
67 170
67 172
67 174
67 175
67 177
67 184
68 71
68 72
68 74
68 75
68 76
68 77
68 78
68 79
68 80
68 81
68 82
68 83
68 84
68 91
68 94
68 97
68 101
68 104
68 107
68 109
68 110
68 111
68 115
68 119
68 122
68 123
68 125
68 126
68 127
68 131
68 135
68 137
68 138
68 141
68 143
68 147
68 148
68 152
68 153
68 157
68 158
68 159
68 161
68 162
68 163
68 166
68 167
68 170
68 172
68 173
68 174
68 176
68 179
68 180
68 184
68 186
69 72
69 73
69 74
69 77
69 78
69 79
69 80
69 82
69 85
69 87
69 89
69 90
69 91
69 92
69 93
69 94
69 97
69 98
69 99
69 101
69 102
69 106
69 107
69 108
69 109
69 110
69 111
69 114
69 115
69 116
69 117
69 120
69 121
69 122
69 123
69 125
69 127
69 128
69 131
69 133
69 134
69 135
69 136
69 137
69 139
69 140
69 144
69 145
69 146
69 148
69 150
69 153
69 155
69 156
69 158
69 163
69 164
69 165
69 170
69 171
69 174
69 178
69 179
69 180
70 72
70 74
70 76
70 77
70 82
70 87
70 89
70 90
70 94
70 95
70 97
70 98
70 101
70 104
70 106
70 107
70 108
70 109
70 113
70 116
70 117
70 118
70 119
70 122
70 127
70 132
70 134
70 135
70 136
70 138
70 139
70 140
70 143
70 144
70 146
70 149
70 150
70 155
70 156
70 158
70 160
70 163
70 164
70 165
70 169
70 174
70 176
70 177
70 179
70 180
70 184
70 185
70 187
71 73
71 76
71 79
71 80
71 81
71 82
71 83
71 85
71 86
71 88
71 89
71 90
71 91
71 92
71 93
71 94
71 98
71 101
71 102
71 105
71 106
71 107
71 110
71 111
71 113
71 114
71 116
71 118
71 120
71 121
71 122
71 126
71 128
71 129
71 131
71 132
71 133
71 134
71 135
71 136
71 137
71 139
71 142
71 149
71 152
71 156
71 157
71 158
71 162
71 164
71 165
71 166
71 170
71 171
71 175
71 176
71 177
71 178
71 180
71 182
72 73
72 74
72 75
72 77
72 78
72 82
72 84
72 85
72 88
72 90
72 91
72 96
72 97
72 98
72 100
72 106
72 107
72 109
72 111
72 112
72 113
72 118
72 119
72 122
72 126
72 130
72 131
72 132
72 133
72 137
72 138
72 139
72 141
72 142
72 144
72 145
72 147
72 149
72 151
72 153
72 154
72 155
72 157
72 162
72 163
72 169
72 170
72 173
72 182
72 183
72 184
72 185
72 187
73 74
73 75
73 76
73 77
73 78
73 80
73 83
73 84
73 87
73 89
73 91
73 97
73 101
73 102
73 103
73 105
73 106
73 107
73 108
73 109
73 110
73 120
73 121
73 122
73 123
73 126
73 127
73 129
73 131
73 132
73 133
73 136
73 141
73 142
73 143
73 144
73 145
73 149
73 152
73 154
73 155
73 156
73 158
73 162
73 166
73 167
73 168
73 173
73 175
73 176
73 178
73 180
73 182
73 183
73 184
73 185
74 75
74 78
74 83
74 84
74 86
74 89
74 91
74 92
74 96
74 98
74 100
74 102
74 105
74 106
74 108
74 110
74 111
74 115
74 121
74 122
74 123
74 124
74 126
74 128
74 131
74 132
74 133
74 136
74 137
74 139
74 140
74 141
74 149
74 150
74 152
74 153
74 155
74 158
74 162
74 163
74 164
74 169
74 172
74 179
74 186
75 79
75 80
75 81
75 82
75 84
75 86
75 87
75 89
75 92
75 93
75 94
75 96
75 97
75 99
75 101
75 107
75 108
75 109
75 111
75 114
75 115
75 116
75 118
75 119
75 120
75 122
75 123
75 126
75 129
75 130
75 134
75 135
75 136
75 137
75 143
75 146
75 147
75 149
75 150
75 151
75 153
75 156
75 158
75 159
75 167
75 169
75 170
75 172
75 174
75 177
75 178
75 180
75 181
75 182
75 184
75 185
76 77
76 79
76 80
76 81
76 82
76 84
76 93
76 94
76 95
76 97
76 98
76 99
76 102
76 104
76 106
76 107
76 109
76 110
76 111
76 112
76 113
76 115
76 118
76 123
76 125
76 129
76 133
76 135
76 136
76 137
76 139
76 140
76 143
76 145
76 152
76 153
76 154
76 155
76 156
76 158
76 160
76 163
76 164
76 170
76 171
76 172
76 175
76 176
76 181
76 183
76 184
76 185
76 187
77 79
77 83
77 86
77 87
77 88
77 90
77 91
77 92
77 93
77 94
77 95
77 96
77 98
77 100
77 101
77 103
77 104
77 105
77 106
77 107
77 108
77 109
77 110
77 112
77 115
77 116
77 117
77 120
77 121
77 122
77 124
77 125
77 127
77 130
77 132
77 137
77 140
77 142
77 147
77 148
77 151
77 152
77 155
77 162
77 164
77 168
77 169
77 170
77 173
77 176
77 177
77 178
77 181
77 182
77 184
77 186
77 187
78 79
78 81
78 82
78 85
78 88
78 89
78 90
78 91
78 94
78 97
78 103
78 104
78 106
78 107
78 108
78 109
78 110
78 114
78 115
78 116
78 117
78 120
78 125
78 128
78 129
78 136
78 137
78 139
78 140
78 143
78 144
78 145
78 147
78 149
78 154
78 155
78 158
78 159
78 160
78 161
78 164
78 166
78 168
78 169
78 175
78 176
78 177
78 185
78 186
78 187
79 81
79 82
79 85
79 87
79 88
79 90
79 91
79 92
79 93
79 94
79 95
79 102
79 103
79 105
79 107
79 112
79 114
79 115
79 117
79 121
79 122
79 123
79 124
79 125
79 127
79 128
79 130
79 133
79 134
79 135
79 139
79 140
79 142
79 145
79 149
79 151
79 152
79 154
79 158
79 161
79 162
79 166
79 168
79 169
79 175
79 181
79 183
79 186
79 187
80 81
80 83
80 84
80 87
80 89
80 91
80 92
80 93
80 94
80 98
80 100
80 102
80 103
80 104
80 108
80 110
80 115
80 116
80 122
80 126
80 128
80 129
80 130
80 132
80 134
80 137
80 138
80 139
80 140
80 141
80 142
80 143
80 146
80 149
80 150
80 151
80 153
80 154
80 157
80 158
80 159
80 161
80 165
80 166
80 168
80 170
80 173
80 175
80 180
80 181
80 182
80 183
80 184
80 187
81 82
81 83
81 86
81 87
81 91
81 92
81 96
81 97
81 98
81 99
81 102
81 106
81 107
81 110
81 117
81 120
81 123
81 126
81 128
81 129
81 130
81 132
81 133
81 134
81 137
81 138
81 141
81 142
81 146
81 150
81 153
81 155
81 157
81 159
81 163
81 164
81 169
81 170
81 172
81 175
81 177
81 181
81 182
81 183
81 185
82 86
82 90
82 91
82 96
82 97
82 99
82 101
82 104
82 105
82 106
82 109
82 111
82 112
82 113
82 117
82 118
82 119
82 123
82 126
82 128
82 131
82 132
82 135
82 136
82 137
82 138
82 139
82 141
82 142
82 144
82 145
82 150
82 151
82 152
82 153
82 154
82 158
82 160
82 165
82 166
82 170
82 172
82 173
82 176
82 177
82 179
82 182
82 183
82 184
82 185
83 84
83 86
83 87
83 88
83 89
83 92
83 93
83 94
83 96
83 97
83 98
83 100
83 101
83 103
83 104
83 106
83 107
83 110
83 111
83 114
83 117
83 119
83 124
83 127
83 131
83 132
83 134
83 136
83 141
83 142
83 144
83 145
83 146
83 148
83 153
83 154
83 157
83 159
83 160
83 161
83 163
83 164
83 165
83 167
83 168
83 170
83 175
83 177
83 178
83 179
83 181
83 186
83 187
84 86
84 90
84 91
84 92
84 93
84 98
84 102
84 109
84 112
84 114
84 115
84 117
84 120
84 124
84 125
84 127
84 129
84 130
84 133
84 135
84 137
84 138
84 140
84 146
84 152
84 153
84 154
84 157
84 160
84 162
84 168
84 171
84 172
84 173
84 181
84 182
84 186
84 187
85 86
85 88
85 89
85 90
85 92
85 97
85 100
85 101
85 103
85 105
85 106
85 107
85 108
85 110
85 114
85 116
85 120
85 126
85 127
85 128
85 129
85 130
85 134
85 135
85 137
85 140
85 141
85 142
85 143
85 144
85 145
85 147
85 148
85 151
85 157
85 159
85 160
85 164
85 165
85 166
85 173
85 175
85 176
85 177
85 179
85 184
85 186
85 187
86 88
86 90
86 91
86 92
86 94
86 95
86 97
86 101
86 103
86 104
86 107
86 108
86 111
86 119
86 120
86 121
86 122
86 123
86 125
86 126
86 127
86 128
86 131
86 132
86 135
86 137
86 138
86 139
86 140
86 141
86 142
86 143
86 144
86 146
86 149
86 151
86 154
86 156
86 161
86 163
86 164
86 165
86 167
86 175
86 178
86 179
86 180
86 182
86 185
86 186
87 89
87 91
87 93
87 94
87 98
87 99
87 101
87 107
87 112
87 114
87 115
87 116
87 119
87 123
87 124
87 126
87 127
87 129
87 130
87 131
87 132
87 139
87 140
87 142
87 144
87 145
87 147
87 149
87 150
87 151
87 156
87 157
87 159
87 160
87 164
87 165
87 167
87 169
87 176
87 179
87 182
87 187
88 89
88 90
88 91
88 93
88 94
88 96
88 99
88 100
88 103
88 105
88 107
88 109
88 110
88 112
88 113
88 115
88 116
88 117
88 118
88 119
88 123
88 124
88 126
88 128
88 129
88 131
88 132
88 133
88 134
88 137
88 139
88 141
88 142
88 147
88 148
88 149
88 151
88 154
88 158
88 160
88 161
88 162
88 164
88 165
88 166
88 169
88 171
88 172
88 173
88 174
88 176
88 178
88 184
89 92
89 97
89 100
89 103
89 106
89 107
89 109
89 112
89 117
89 119
89 120
89 123
89 124
89 125
89 126
89 128
89 130
89 131
89 133
89 134
89 136
89 139
89 141
89 142
89 146
89 147
89 150
89 152
89 153
89 154
89 156
89 158
89 159
89 160
89 161
89 162
89 166
89 171
89 174
89 175
89 180
89 181
89 182
89 183
89 186
90 91
90 92
90 94
90 95
90 96
90 97
90 98
90 99
90 100
90 102
90 103
90 107
90 112
90 113
90 114
90 115
90 117
90 120
90 122
90 123
90 124
90 126
90 127
90 133
90 140
90 143
90 144
90 145
90 150
90 151
90 153
90 154
90 159
90 162
90 163
90 164
90 169
90 173
90 177
90 184
90 185
91 92
91 93
91 94
91 96
91 99
91 100
91 101
91 102
91 103
91 104
91 107
91 109
91 116
91 117
91 119
91 121
91 123
91 125
91 126
91 127
91 128
91 129
91 130
91 137
91 138
91 144
91 146
91 151
91 153
91 158
91 160
91 161
91 162
91 163
91 165
91 169
91 170
91 171
91 174
91 177
91 178
91 179
91 180
91 186
91 187
92 94
92 95
92 99
92 101
92 102
92 104
92 106
92 107
92 108
92 109
92 110
92 111
92 112
92 113
92 114
92 115
92 116
92 118
92 120
92 122
92 124
92 127
92 129
92 130
92 133
92 134
92 135
92 136
92 137
92 139
92 140
92 142
92 143
92 148
92 149
92 153
92 160
92 162
92 163
92 166
92 167
92 171
92 174
92 176
92 177
92 180
92 181
92 183
92 187
93 96
93 97
93 99
93 100
93 102
93 105
93 111
93 114
93 115
93 116
93 120
93 121
93 123
93 126
93 128
93 132
93 135
93 137
93 143
93 144
93 145
93 147
93 149
93 150
93 154
93 155
93 158
93 160
93 161
93 162
93 163
93 164
93 168
93 170
93 171
93 173
93 174
93 180
93 183
93 184
94 95
94 96
94 97
94 98
94 99
94 100
94 101
94 102
94 104
94 106
94 107
94 108
94 110
94 111
94 112
94 114
94 117
94 121
94 125
94 128
94 132
94 134
94 136
94 141
94 142
94 145
94 146
94 147
94 148
94 149
94 154
94 156
94 157
94 159
94 161
94 166
94 168
94 169
94 170
94 171
94 173
94 174
94 176
94 180
94 181
94 185
95 96
95 98
95 99
95 100
95 101
95 102
95 104
95 105
95 106
95 110
95 111
95 112
95 113
95 114
95 115
95 118
95 120
95 124
95 126
95 131
95 134
95 136
95 137
95 138
95 139
95 145
95 146
95 147
95 150
95 151
95 152
95 153
95 154
95 158
95 159
95 160
95 168
95 177
95 178
95 184
95 187
96 97
96 99
96 100
96 103
96 104
96 105
96 108
96 112
96 114
96 116
96 118
96 121
96 123
96 124
96 126
96 127
96 129
96 130
96 131
96 132
96 133
96 136
96 141
96 149
96 152
96 153
96 155
96 157
96 158
96 160
96 161
96 166
96 167
96 169
96 171
96 175
96 179
96 181
96 183
96 185
96 187
97 103
97 104
97 105
97 106
97 109
97 112
97 113
97 117
97 119
97 121
97 122
97 123
97 125
97 128
97 131
97 132
97 134
97 137
97 140
97 141
97 146
97 148
97 149
97 153
97 154
97 156
97 157
97 158
97 160
97 165
97 167
97 168
97 174
97 176
97 177
97 179
97 180
97 183
98 99
98 100
98 103
98 105
98 108
98 109
98 113
98 115
98 116
98 117
98 120
98 129
98 130
98 134
98 137
98 138
98 141
98 144
98 145
98 146
98 148
98 152
98 153
98 157
98 162
98 163
98 164
98 165
98 167
98 168
98 172
98 173
98 174
98 176
98 180
98 184
98 186
98 187
99 101
99 102
99 104
99 105
99 107
99 111
99 113
99 114
99 115
99 120
99 122
99 125
99 126
99 127
99 130
99 138
99 139
99 144
99 145
99 147
99 150
99 151
99 154
99 155
99 156
99 158
99 160
99 163
99 168
99 169
99 170
99 171
99 175
99 176
99 178
99 182
99 187
100 104
100 105
100 110
100 111
100 112
100 113
100 115
100 117
100 118
100 119
100 121
100 122
100 123
100 126
100 128
100 132
100 136
100 138
100 143
100 144
100 145
100 146
100 147
100 148
100 149
100 152
100 154
100 155
100 156
100 157
100 158
100 160
100 161
100 162
100 164
100 165
100 168
100 169
100 177
100 183
100 184
100 187
101 102
101 109
101 110
101 111
101 112
101 116
101 117
101 118
101 120
101 123
101 124
101 125
101 126
101 127
101 130
101 135
101 136
101 144
101 148
101 150
101 151
101 152
101 156
101 157
101 159
101 164
101 165
101 166
101 167
101 168
101 169
101 173
101 175
101 176
101 178
101 180
101 181
102 103
102 104
102 105
102 106
102 108
102 110
102 111
102 112
102 113
102 114
102 115
102 118
102 119
102 120
102 121
102 126
102 130
102 131
102 132
102 134
102 137
102 138
102 139
102 140
102 142
102 146
102 150
102 152
102 156
102 171
102 172
102 173
102 178
102 179
102 180
102 181
102 182
102 185
102 187
103 105
103 107
103 110
103 111
103 112
103 114
103 115
103 116
103 122
103 124
103 125
103 126
103 127
103 132
103 133
103 136
103 137
103 138
103 139
103 140
103 141
103 144
103 145
103 148
103 150
103 151
103 152
103 154
103 156
103 161
103 162
103 165
103 167
103 170
103 174
103 175
103 176
103 178
103 180
103 181
103 183
103 185
104 106
104 110
104 112
104 115
104 117
104 118
104 120
104 121
104 124
104 125
104 128
104 129
104 130
104 132
104 133
104 134
104 136
104 140
104 142
104 143
104 145
104 146
104 153
104 159
104 160
104 164
104 166
104 167
104 169
104 170
104 171
104 177
104 178
104 179
104 184
105 106
105 107
105 108
105 109
105 111
105 114
105 116
105 117
105 118
105 120
105 122
105 123
105 127
105 128
105 130
105 133
105 135
105 138
105 140
105 142
105 144
105 145
105 146
105 147
105 148
105 151
105 156
105 157
105 158
105 159
105 160
105 161
105 162
105 164
105 165
105 168
105 169
105 174
105 175
105 178
105 182
105 183
105 185
105 186
105 187
106 109
106 110
106 112
106 115
106 117
106 119
106 120
106 121
106 124
106 125
106 127
106 129
106 130
106 133
106 134
106 142
106 145
106 146
106 147
106 148
106 152
106 153
106 154
106 155
106 156
106 157
106 160
106 164
106 166
106 167
106 169
106 171
106 175
106 177
106 179
106 180
106 181
106 182
106 185
106 186
107 110
107 112
107 114
107 115
107 117
107 125
107 128
107 129
107 131
107 136
107 137
107 138
107 139
107 141
107 143
107 144
107 148
107 149
107 151
107 153
107 155
107 159
107 164
107 168
107 169
107 170
107 173
108 109
108 111
108 113
108 116
108 117
108 118
108 119
108 122
108 123
108 124
108 128
108 129
108 130
108 132
108 133
108 135
108 138
108 142
108 144
108 147
108 150
108 152
108 153
108 157
108 159
108 165
108 167
108 168
108 169
108 170
108 171
108 174
108 179
108 181
108 182
108 183
108 186
109 110
109 111
109 112
109 113
109 115
109 118
109 119
109 120
109 124
109 125
109 127
109 128
109 131
109 134
109 135
109 141
109 142
109 144
109 149
109 150
109 152
109 153
109 154
109 155
109 161
109 163
109 165
109 166
109 168
109 170
109 174
109 180
109 181
109 182
109 187
110 111
110 112
110 113
110 115
110 117
110 119
110 120
110 121
110 125
110 126
110 127
110 129
110 132
110 133
110 140
110 142
110 143
110 156
110 159
110 160
110 167
110 168
110 169
110 175
110 176
110 186
110 187
111 112
111 113
111 119
111 121
111 122
111 123
111 127
111 129
111 133
111 134
111 136
111 143
111 144
111 146
111 147
111 148
111 149
111 152
111 153
111 155
111 167
111 168
111 169
111 170
111 173
111 174
111 175
111 176
111 178
111 180
111 186
111 187
112 113
112 118
112 119
112 120
112 124
112 126
112 132
112 133
112 134
112 135
112 136
112 138
112 140
112 141
112 144
112 145
112 148
112 150
112 151
112 152
112 155
112 158
112 160
112 165
112 167
112 170
112 171
112 172
112 173
113 114
113 115
113 117
113 118
113 119
113 121
113 123
113 124
113 127
113 128
113 137
113 141
113 143
113 145
113 146
113 152
113 153
113 154
113 155
113 157
113 158
113 160
113 164
113 165
113 166
113 172
113 173
113 175
113 180
113 184
113 185
114 117
114 120
114 124
114 128
114 129
114 130
114 132
114 138
114 139
114 141
114 142
114 145
114 147
114 148
114 149
114 152
114 154
114 155
114 159
114 163
114 164
114 169
114 170
114 171
114 176
114 180
114 181
114 182
114 183
114 186
114 187
115 116
115 118
115 119
115 122
115 125
115 135
115 137
115 138
115 140
115 143
115 149
115 152
115 154
115 155
115 158
115 162
115 166
115 167
115 168
115 171
115 172
115 173
115 174
115 176
115 177
115 179
115 180
115 181
115 183
115 184
115 185
115 186
116 117
116 118
116 121
116 123
116 126
116 127
116 129
116 130
116 131
116 134
116 135
116 136
116 141
116 144
116 145
116 148
116 151
116 152
116 156
116 158
116 160
116 167
116 169
116 170
116 171
116 172
116 176
116 177
116 178
116 179
116 181
116 182
116 183
117 118
117 119
117 120
117 121
117 124
117 125
117 130
117 132
117 147
117 149
117 153
117 155
117 156
117 157
117 158
117 162
117 163
117 166
117 167
117 168
117 171
117 172
117 176
117 177
117 178
117 180
117 183
117 184
118 119
118 120
118 121
118 122
118 123
118 125
118 127
118 129
118 131
118 132
118 133
118 136
118 140
118 141
118 142
118 147
118 149
118 152
118 154
118 158
118 159
118 164
118 166
118 169
118 170
118 179
118 183
119 121
119 123
119 124
119 125
119 127
119 130
119 137
119 138
119 139
119 142
119 145
119 146
119 148
119 149
119 150
119 152
119 153
119 154
119 156
119 157
119 158
119 163
119 165
119 168
119 173
119 175
119 176
119 177
119 178
119 181
119 182
119 184
119 185
119 186
119 187
120 125
120 126
120 127
120 130
120 134
120 136
120 150
120 151
120 152
120 153
120 154
120 156
120 160
120 164
120 168
120 169
120 171
120 173
120 178
120 179
120 182
120 183
120 184
121 124
121 125
121 126
121 127
121 129
121 132
121 133
121 136
121 139
121 146
121 147
121 150
121 153
121 154
121 155
121 157
121 158
121 160
121 163
121 165
121 170
121 171
121 176
121 177
121 181
121 182
121 183
122 128
122 129
122 131
122 136
122 138
122 141
122 144
122 145
122 147
122 148
122 149
122 150
122 152
122 153
122 154
122 157
122 158
122 161
122 162
122 170
122 171
122 172
122 173
122 175
122 178
122 179
122 184
123 127
123 128
123 129
123 131
123 132
123 133
123 134
123 139
123 140
123 146
123 147
123 150
123 151
123 153
123 154
123 155
123 161
123 163
123 164
123 170
123 171
123 173
123 179
123 183
123 185
123 186
124 128
124 129
124 132
124 135
124 138
124 139
124 140
124 143
124 147
124 148
124 149
124 150
124 151
124 153
124 159
124 160
124 161
124 165
124 166
124 168
124 171
124 173
124 175
124 178
124 182
124 183
124 185
125 127
125 130
125 131
125 132
125 135
125 136
125 139
125 140
125 143
125 144
125 145
125 147
125 149
125 150
125 152
125 154
125 157
125 162
125 164
125 166
125 169
125 171
125 173
125 176
125 180
125 186
125 187
126 134
126 135
126 136
126 137
126 138
126 139
126 141
126 147
126 148
126 151
126 152
126 153
126 156
126 157
126 160
126 161
126 162
126 163
126 165
126 166
126 169
126 172
126 173
126 175
126 185
127 133
127 134
127 137
127 138
127 139
127 141
127 143
127 144
127 148
127 154
127 156
127 162
127 164
127 165
127 168
127 169
127 170
127 172
127 174
127 175
127 176
127 180
127 184
127 186
127 187
128 129
128 134
128 136
128 137
128 139
128 144
128 146
128 147
128 151
128 153
128 155
128 156
128 157
128 158
128 163
128 164
128 166
128 167
128 170
128 173
128 175
128 180
129 130
129 131
129 133
129 136
129 141
129 143
129 149
129 150
129 151
129 153
129 154
129 157
129 159
129 163
129 165
129 166
129 167
129 168
129 170
129 172
129 174
129 176
129 178
129 179
129 180
129 185
130 134
130 135
130 138
130 139
130 142
130 143
130 144
130 147
130 151
130 155
130 156
130 161
130 164
130 165
130 168
130 172
130 174
130 175
130 181
130 183
130 184
130 185
130 186
131 133
131 135
131 137
131 138
131 139
131 140
131 141
131 146
131 148
131 150
131 153
131 154
131 156
131 160
131 162
131 163
131 164
131 167
131 168
131 169
131 175
131 177
131 180
131 185
132 138
132 139
132 143
132 145
132 146
132 148
132 149
132 151
132 154
132 159
132 160
132 163
132 164
132 167
132 170
132 173
132 178
132 185
132 186
133 135
133 137
133 138
133 139
133 140
133 142
133 153
133 154
133 160
133 165
133 167
133 169
133 173
133 174
133 176
133 178
133 179
133 180
133 181
133 183
133 184
133 187
134 135
134 143
134 144
134 145
134 148
134 150
134 162
134 164
134 168
134 174
134 178
134 181
134 184
134 186
134 187
135 136
135 139
135 140
135 141
135 143
135 145
135 148
135 149
135 151
135 152
135 153
135 155
135 157
135 158
135 162
135 169
135 172
135 173
135 175
135 177
135 178
136 138
136 142
136 145
136 151
136 152
136 158
136 159
136 160
136 161
136 162
136 163
136 164
136 166
136 168
136 169
136 171
136 175
136 177
136 182
136 183
136 184
136 185
137 139
137 143
137 144
137 145
137 146
137 147
137 148
137 155
137 158
137 163
137 165
137 167
137 168
137 171
137 174
137 182
138 139
138 142
138 147
138 148
138 151
138 156
138 159
138 160
138 161
138 165
138 168
138 170
138 172
138 173
138 175
138 176
138 182
138 186
138 187
139 141
139 142
139 144
139 145
139 147
139 150
139 155
139 162
139 163
139 166
139 167
139 168
139 180
139 181
139 182
139 183
140 141
140 142
140 146
140 148
140 149
140 154
140 156
140 160
140 161
140 164
140 165
140 168
140 173
140 176
140 179
140 185
140 187
141 142
141 143
141 144
141 145
141 147
141 150
141 152
141 153
141 155
141 162
141 165
141 166
141 170
141 172
141 174
141 175
141 177
141 178
141 181
141 182
141 186
141 187
142 147
142 154
142 155
142 156
142 159
142 162
142 163
142 168
142 169
142 173
142 174
142 182
142 184
142 185
142 187
143 146
143 148
143 149
143 152
143 157
143 159
143 161
143 163
143 165
143 168
143 169
143 170
143 172
143 173
143 176
143 178
143 183
143 185
144 145
144 147
144 149
144 150
144 153
144 154
144 155
144 156
144 157
144 158
144 161
144 162
144 167
144 171
144 172
144 173
144 176
144 177
144 182
144 184
145 146
145 147
145 150
145 151
145 153
145 154
145 156
145 157
145 161
145 162
145 171
145 173
145 176
145 177
145 182
145 185
146 151
146 152
146 153
146 154
146 162
146 164
146 165
146 166
146 171
146 175
146 184
146 186
147 148
147 150
147 151
147 154
147 159
147 160
147 162
147 165
147 168
147 172
147 173
147 176
147 177
147 180
147 183
148 149
148 150
148 151
148 158
148 160
148 166
148 167
148 173
148 174
148 178
148 179
148 185
149 150
149 151
149 152
149 153
149 156
149 157
149 161
149 162
149 167
149 174
149 178
149 180
149 182
149 183
149 184
149 186
149 187
150 152
150 155
150 161
150 163
150 164
150 167
150 169
150 171
150 172
150 173
150 177
150 178
150 180
150 181
150 185
150 186
151 154
151 156
151 158
151 159
151 160
151 165
151 166
151 167
151 175
151 177
151 180
151 184
152 166
152 167
152 168
152 171
152 174
152 177
152 180
152 181
152 184
153 154
153 155
153 156
153 159
153 172
153 175
153 186
153 187
154 155
154 158
154 162
154 164
154 168
154 171
154 175
154 177
154 183
154 184
155 159
155 160
155 161
155 163
155 166
155 168
155 169
155 170
155 173
155 174
155 175
155 176
155 179
155 180
155 182
155 183
155 185
155 187
156 157
156 158
156 160
156 162
156 164
156 165
156 166
156 167
156 168
156 169
156 170
156 172
156 175
156 177
156 178
156 179
156 180
156 183
156 186
157 159
157 161
157 163
157 164
157 167
157 168
157 171
157 172
157 174
157 177
157 181
157 182
157 186
158 161
158 166
158 169
158 171
158 181
158 182
158 185
158 186
159 160
159 163
159 165
159 166
159 167
159 168
159 169
159 174
159 177
159 179
159 180
159 181
159 184
159 185
160 168
160 180
160 182
160 183
161 166
161 169
161 170
161 172
161 173
161 179
161 183
161 186
161 187
162 168
162 172
162 173
162 175
162 178
162 180
162 181
162 183
163 164
163 165
163 166
163 168
163 171
163 174
163 176
163 179
163 180
163 183
163 186
164 170
164 179
164 181
164 185
164 187
165 167
165 168
165 169
165 171
165 172
165 175
165 178
165 179
165 183
165 184
165 185
166 168
166 171
166 173
166 174
166 175
166 177
166 187
167 171
167 175
167 176
167 178
167 181
167 182
167 183
168 169
168 171
168 172
168 174
168 175
168 176
168 178
168 182
168 186
169 173
169 184
169 186
170 172
170 176
170 179
170 182
170 184
171 178
172 173
172 175
172 177
172 180
172 183
172 184
173 174
173 178
173 181
173 183
173 184
173 185
174 178
174 185
174 187
175 178
175 182
175 187
176 179
176 185
177 178
177 179
177 186
177 187
178 181
179 185
179 186
179 187
180 182
181 182
181 184
181 185
181 186
182 185
183 184
183 185
183 187
184 186
185 187
186 187
