180
0 1
0 3
0 4
0 5
0 7
0 30
0 31
0 92
0 99
0 125
0 151
1 2
1 18
1 42
1 45
1 84
1 130
1 176
2 11
2 60
2 104
3 6
3 54
3 58
3 97
3 100
3 135
4 9
4 13
4 90
5 8
5 23
5 36
5 49
5 78
5 140
5 179
6 12
6 15
6 30
6 101
6 141
7 16
7 47
7 91
7 103
7 129
7 166
8 10
8 32
8 37
8 75
8 151
9 25
9 40
9 50
9 52
9 57
9 113
9 171
10 18
10 91
10 111
10 112
10 135
10 154
10 158
11 22
11 30
11 55
11 108
11 121
11 136
12 14
12 29
12 43
12 46
12 68
12 102
12 177
13 27
13 39
13 48
13 90
13 124
14 17
14 25
14 36
14 69
14 81
14 88
14 154
15 20
15 47
15 100
15 136
16 19
16 21
16 68
16 69
16 89
16 94
16 126
16 138
16 152
17 24
17 86
17 107
17 143
17 168
18 36
18 54
18 88
18 91
19 33
19 63
19 86
19 101
19 126
19 127
19 142
19 166
20 38
20 63
20 69
20 150
20 156
21 67
21 131
21 176
22 35
22 56
22 134
22 139
22 143
22 162
23 28
23 31
23 52
23 53
23 55
23 88
23 96
23 115
23 142
24 26
24 31
24 82
24 98
24 103
25 43
25 79
25 114
25 154
26 56
26 80
26 95
26 109
26 110
26 122
26 128
27 56
27 78
27 177
28 42
28 53
28 68
28 76
28 78
28 92
29 34
29 65
29 79
29 144
29 166
31 118
32 58
32 62
32 66
32 82
32 127
32 131
33 48
33 50
33 70
33 90
33 96
33 110
33 133
33 176
34 41
34 93
34 94
34 135
35 62
35 63
35 64
35 80
35 89
35 125
36 48
36 59
36 89
36 167
37 44
37 57
37 72
37 119
37 150
37 173
38 51
38 54
38 73
38 122
38 124
38 128
38 174
39 43
39 71
39 88
39 94
39 136
39 140
39 158
39 162
40 59
40 62
40 118
40 146
41 53
41 84
41 113
41 163
42 71
42 97
42 105
42 146
43 75
43 80
43 109
44 85
44 95
44 103
44 116
44 173
45 58
45 62
45 121
45 154
45 167
46 72
46 78
46 110
46 160
47 73
47 97
47 115
47 171
48 118
48 123
48 172
49 67
49 84
49 96
49 109
49 136
49 152
49 157
49 171
50 61
50 67
50 81
50 121
50 157
50 172
51 60
51 169
51 179
52 80
52 89
52 133
52 154
52 159
53 102
53 150
53 151
54 70
54 87
54 129
54 159
55 106
55 119
56 89
56 92
57 75
57 109
57 115
57 147
58 62
58 114
58 133
59 117
59 131
60 66
60 83
60 111
60 134
60 178
61 98
61 104
61 171
62 94
62 178
63 76
63 139
64 77
64 130
64 170
65 74
65 82
65 123
65 131
66 106
66 112
66 128
66 133
66 160
67 77
67 100
67 127
67 144
67 146
68 132
68 137
68 139
68 169
69 81
69 85
69 104
69 137
69 148
69 152
70 74
70 99
70 101
70 105
70 123
70 142
70 170
71 105
71 116
71 122
71 144
71 172
72 158
72 163
72 168
73 82
73 129
73 152
74 92
74 114
75 99
75 117
75 155
76 85
76 159
77 120
77 157
78 100
78 105
78 110
78 133
79 84
79 124
79 148
79 156
79 163
79 164
79 177
80 106
80 117
80 157
80 179
81 88
81 126
81 135
81 175
81 177
82 112
83 138
83 166
84 93
84 164
85 117
85 166
85 178
86 98
86 120
87 93
87 124
87 140
87 142
88 111
89 116
89 150
90 107
90 156
90 160
90 179
91 112
91 114
91 123
91 170
92 101
93 167
93 173
94 120
94 156
95 121
95 122
95 138
95 174
96 112
97 108
97 129
97 132
97 145
97 171
98 130
98 163
98 165
99 145
99 174
101 130
101 163
102 175
103 148
104 168
105 116
105 132
106 134
107 126
107 135
107 143
108 125
109 131
109 140
109 145
109 146
110 153
112 159
113 122
113 137
113 141
113 165
113 174
114 134
114 175
116 147
117 136
117 151
117 164
117 173
119 158
119 161
120 123
120 144
120 150
122 132
122 177
123 155
123 173
124 140
125 130
125 167
126 142
127 148
128 149
128 167
129 137
129 173
130 165
131 156
131 170
132 149
134 153
134 160
135 139
136 163
139 153
139 165
140 151
141 147
141 156
142 164
143 155
144 177
146 149
146 151
146 162
147 150
148 168
148 176
149 169
151 158
153 161
154 170
155 162
155 164
155 171
157 174
159 161
159 169
161 176
166 179
167 170
