188
0 1
0 2
0 11
0 27
0 38
0 72
0 80
0 100
0 172
1 3
1 5
1 7
1 8
1 10
1 35
1 57
2 4
2 18
2 24
2 54
3 9
3 16
3 159
3 187
4 12
4 13
4 140
4 157
5 6
5 14
5 20
5 45
5 115
6 30
6 32
6 33
6 58
7 17
7 42
7 127
7 183
8 70
8 134
9 19
9 24
9 39
9 47
9 142
9 149
10 22
10 23
10 85
10 155
10 167
11 133
11 175
12 25
12 28
12 31
12 48
12 49
12 61
12 71
12 152
13 51
13 52
13 64
14 15
14 99
14 134
15 21
15 146
16 26
16 29
16 85
16 130
17 83
17 187
18 62
18 103
19 56
19 60
21 34
21 77
21 88
21 180
22 40
22 41
22 55
22 150
22 154
23 29
23 45
23 71
23 153
24 49
24 122
25 32
25 171
26 42
26 116
26 176
27 37
27 65
27 73
27 104
28 44
28 45
28 82
28 116
28 179
29 41
30 86
30 87
30 143
31 54
31 83
31 119
31 124
31 138
32 79
32 107
32 163
32 184
33 75
33 89
33 181
34 64
34 151
34 173
35 36
35 140
36 64
36 114
36 117
36 138
37 43
37 51
37 67
37 123
37 159
38 181
39 46
39 79
39 113
40 105
40 129
41 110
42 109
42 120
42 124
42 150
43 63
43 84
44 50
44 93
44 120
45 78
45 136
46 59
46 128
46 143
47 92
47 153
48 53
48 95
48 148
48 150
49 168
50 51
50 91
50 108
50 136
51 124
52 126
52 158
52 178
53 87
53 88
54 98
54 118
55 67
55 69
55 116
55 133
55 146
55 183
56 67
56 128
56 148
57 58
59 66
59 69
59 95
59 109
61 74
61 119
61 169
63 107
63 114
63 153
64 68
65 104
66 67
66 76
66 93
67 136
68 96
68 170
69 117
70 90
70 119
70 130
71 85
72 74
72 89
72 96
72 135
72 136
73 81
73 127
74 76
74 91
74 98
74 167
76 168
77 81
77 82
77 139
77 141
77 172
78 108
78 147
78 163
79 83
79 127
80 85
80 101
81 137
81 140
82 97
82 125
83 144
84 171
84 186
85 168
86 123
86 183
87 94
87 118
87 169
88 104
88 108
88 141
88 174
90 106
90 163
90 173
91 105
91 158
92 103
92 132
93 102
93 151
93 177
94 141
94 184
97 118
97 121
98 162
99 123
100 122
100 142
100 172
101 112
101 129
101 144
102 139
102 143
102 167
103 146
103 151
104 125
104 157
105 131
105 135
105 153
105 169
106 111
106 164
109 162
109 174
112 156
112 180
113 122
114 181
115 137
115 147
116 161
117 160
117 178
118 126
118 142
118 145
118 147
118 154
118 160
121 159
121 165
122 159
123 165
124 149
127 177
128 162
129 180
137 172
137 185
138 141
139 157
139 171
142 166
143 166
144 150
144 152
148 155
148 161
151 169
154 170
154 184
155 183
156 186
157 167
160 179
163 182
178 186
